57479.5240 3.0357 0.0233
56715.4984 1.9019 0.0335
57420.5453 3.1850 0.0318
56803.4112 1.9859 0.0351
56743.5101 1.9756 0.0341
56741.5899 1.9545 0.0513
57567.2896 2.6986 0.0287
56723.4803 2.0388 0.0359
56781.3397 2.0581 0.0453
56809.4460 2.1052 0.0360
57460.4734 3.1045 0.0299
56721.5901 2.0439 0.0405
56798.4117 1.9538 0.0318
56778.2875 2.1378 0.0390
56805.4000 2.0251 0.0333
57508.3994 2.8953 0.0283
56837.3096 2.0748 0.0339
57520.3008 2.8372 0.0430
57542.3509 2.8794 0.0265
56776.4499 2.0703 0.0351
56833.3155 2.1243 0.0327
53475.5639 2.1823 0.0083
56780.2967 2.1356 0.0420
56835.3093 2.1613 0.0320
56831.3066 2.1323 0.0322
56744.5344 1.9909 0.0357
57459.5373 3.1244 0.0304
56751.3336 1.9860 0.0421
56811.4234 2.0004 0.0317
56783.3308 2.1116 0.0465
56841.3074 2.1915 0.0415
57492.5332 3.0258 0.0322
56801.3352 1.9624 0.0375
56807.2799 1.9300 0.0354
56839.3033 2.1026 0.0364
56772.5257 2.0784 0.0439
56712.4708 2.0683 0.0395
57433.5183 3.1164 0.0291
56829.3208 2.0643 0.0474
56800.5027 2.0356 0.0698
57213.2777 3.1322 0.0320
57194.3999 3.2216 0.0354
57133.4106 3.2843 0.0337
57223.3531 3.1301 0.0357
57157.4336 3.1167 0.0369
57160.3564 3.1644 0.0329
56722.4392 2.0160 0.0460
57547.3854 2.8498 0.0293
57419.5251 3.2598 0.0635
57191.4184 3.3131 0.0467
57220.2498 2.9411 0.1186
57216.2674 2.9463 0.0482
57185.4502 3.1979 0.0593
57123.5278 3.4024 0.0920
53496.3484 2.2901 0.0123
57104.4484 2.9934 0.0479
57134.4666 3.2753 0.0597
56711.5225 2.1400 0.0829
57155.3464 2.8869 0.2369
57195.3988 3.2593 0.0566
52815.2991 2.3539 0.0126
57078.4234 2.9185 0.0555
57166.3176 3.2428 0.0978
57156.4557 1.7268 0.0430
57105.5577 3.0801 0.0781
53467.5113 2.2340 0.0160
