57479.5240 5.3492 0.0252
52698.6084 5.6226 0.0114
56715.4984 6.1443 0.0383
57420.5453 5.3723 0.0339
56803.4112 6.1227 0.0399
56743.5101 5.9592 0.0389
56741.5899 6.0135 0.0551
57567.2896 5.5446 0.0328
56723.4803 6.1560 0.0415
56781.3397 6.0236 0.0498
56809.4460 6.1528 0.0417
56721.5901 6.0595 0.0457
56798.4117 6.1149 0.0374
56778.2875 6.0322 0.0440
56811.4234 6.0921 0.0376
56805.4000 6.1222 0.0389
57508.3994 5.3541 0.0319
56837.3096 5.8551 0.0391
57520.3008 5.4388 0.0453
57542.3509 5.4287 0.0302
56776.4499 6.1441 0.0405
57460.4734 5.5766 0.0336
56833.3155 6.0096 0.0380
56780.2967 6.0882 0.0467
56835.3093 5.9590 0.0375
56831.3066 6.0623 0.0379
56744.5344 6.0069 0.0408
56751.3336 6.1060 0.0470
56783.3308 6.0822 0.0505
56841.3074 5.8603 0.0455
57492.5332 5.4452 0.0357
56801.3352 6.1047 0.0428
56839.3033 5.9102 0.0414
57459.5373 5.4302 0.0338
56772.5257 6.1661 0.0485
56807.2799 6.2184 0.0418
53475.5620 6.1747 0.0108
56712.4708 6.1299 0.0454
57433.5183 5.4848 0.0329
57216.2664 5.2335 0.0387
56829.3208 5.8406 0.0542
56800.5027 6.0412 0.0762
57213.2777 5.3172 0.0356
57194.3999 5.3241 0.0387
52815.2914 5.8642 0.0105
57133.4106 5.2670 0.0364
57220.2508 5.3210 0.0915
57223.3531 5.2044 0.0389
57157.4336 5.3591 0.0401
57160.3564 5.3333 0.0364
56722.4392 6.2477 0.0535
57547.3854 5.3927 0.0336
57419.5251 5.5026 0.0666
57191.4184 5.3920 0.0506
57104.4484 5.3178 0.0531
57123.5278 5.2801 0.0949
57185.4502 5.5280 0.0640
57134.4666 5.2502 0.0643
56711.5225 5.7763 0.0900
57155.3464 5.0660 0.2428
57195.3988 5.4931 0.0621
57078.4234 5.2667 0.0582
57166.3176 5.3453 0.1039
57105.5577 4.9310 0.0843
53467.5113 6.1581 0.0197
