56743.5060 23.7185 0.0497
57492.5343 22.7982 0.0457
57420.5474 23.8199 0.0474
57157.4348 21.0197 0.0466
57160.3575 21.2275 0.0441
53475.5639 30.5688 0.0166
56741.5964 23.6973 0.0781
57479.5346 23.0470 0.0563
56776.4530 20.3919 0.0666
56835.3123 22.7780 0.0642
56811.4265 22.2657 0.0634
57508.4023 23.1326 0.0605
57220.2542 21.6264 0.0657
57459.5402 23.2350 0.0624
56805.4031 22.2785 0.0656
56837.3135 22.7243 0.0659
56751.3367 23.2403 0.0726
57520.3044 23.1976 0.0594
56803.3985 22.1230 0.0699
56723.4833 25.3042 0.0704
56798.4150 22.4012 0.0628
57433.5208 24.3361 0.0593
56712.4734 26.0123 0.0712
56807.2829 22.2377 0.0670
57542.3537 22.8850 0.0584
57213.2798 21.6343 0.0543
56831.3096 22.4523 0.0647
56839.3063 22.6460 0.0672
56833.3186 22.6199 0.0643
57133.4132 21.6910 0.0572
56772.5290 23.1090 0.0713
56744.5465 23.8899 0.0666
56809.4492 22.2109 0.0686
57547.3876 22.6753 0.0592
56715.5446 25.5905 0.0696
56841.3106 22.7652 0.0695
57194.4021 21.5654 0.0571
57567.2950 21.6014 0.0656
57216.2685 21.6708 0.0583
57223.3552 21.6940 0.0581
57460.4762 23.7720 0.0818
56801.3385 22.2242 0.0675
57191.4215 21.4829 0.0726
56721.5929 25.3363 0.0919
57123.5313 22.0022 0.0834
56722.4415 25.2516 0.0830
53883.4566 20.2959 0.0201
56783.3350 22.1844 0.1060
57419.5288 24.3845 0.1000
57134.4676 21.4933 0.0954
56780.3008 22.1135 0.1034
57195.3998 21.3022 0.0900
56778.2915 22.1123 0.1011
57166.3187 21.4337 0.0969
56781.3438 22.0434 0.1046
57185.4541 21.2408 0.1456
57078.4270 22.7275 0.0738
57104.4558 22.4907 0.0865
53884.4379 21.0321 0.0288
57105.5598 22.1410 0.1307
53467.5113 30.3994 0.0354
54620.3656 21.9001 0.0845
53770.6182 23.9345 0.0465
