57479.5219 26.2677 0.0437
57420.5453 28.6253 0.0499
56715.4854 22.0368 0.0617
56723.4803 16.2258 0.0528
56781.3397 23.9029 0.0650
56776.4499 23.3304 0.0573
56778.2875 23.2908 0.0607
56780.2967 23.7896 0.0622
56783.3308 24.1809 0.0637
57520.3008 27.5652 0.0615
57542.3509 29.2232 0.0542
57460.4734 27.3943 0.0565
57508.3994 27.8490 0.0547
56772.5257 22.7781 0.0622
56743.5145 21.5460 0.0630
56835.3093 15.3896 0.0483
56803.4158 23.8880 0.0652
57459.5373 27.3686 0.0570
56807.2799 17.6957 0.0554
53496.3516 25.8089 0.0149
56712.4708 16.4030 0.0571
57567.2904 30.6831 0.0703
57433.5183 31.2258 0.0596
56837.3086 22.5576 0.0696
56744.5289 21.5846 0.0716
57216.2664 26.7033 0.0634
57492.5322 27.6023 0.0752
56809.4449 24.0293 0.0748
57160.3564 25.8805 0.0592
56811.4224 23.8814 0.0695
56829.3208 23.0734 0.0777
56801.3342 24.0495 0.0761
56805.3990 23.9833 0.0707
56741.5807 21.1251 0.0856
56800.5027 23.7996 0.0980
56721.5890 22.2342 0.0779
57213.2777 26.4546 0.0591
56839.3023 22.4914 0.0719
57133.4106 29.3892 0.0604
57220.2508 26.7061 0.0997
57223.3531 26.4138 0.0625
56833.3145 22.7657 0.0686
56831.3056 22.7785 0.0694
56751.3325 22.1011 0.0766
56722.4392 18.1261 0.0702
56798.4107 24.4723 0.0687
56841.3064 22.7710 0.0738
57547.3854 29.3265 0.0602
57419.5251 28.7025 0.0900
57157.4334 17.5967 0.0587
52793.2667 24.9217 0.0480
57156.4565 25.8385 0.0965
57155.3464 25.5116 0.2866
57134.4666 29.3794 0.1034
56711.5225 21.4575 0.1139
57191.4179 26.5231 0.0933
57104.4484 27.9166 0.0878
57194.3988 26.3843 0.0885
57185.4502 26.3300 0.0951
57078.4234 27.5328 0.0786
57166.3176 27.1669 0.1483
53388.6169 22.0525 0.0353
57195.3983 26.4600 0.1394
57105.5577 28.0676 0.1409
57123.5267 28.8840 0.1722
