56743.5055 13.8982 0.0356
57420.5485 10.9241 0.0313
56741.5948 14.0049 0.0573
57479.5368 11.7301 0.0385
56751.3377 13.7972 0.0512
56839.3073 12.8969 0.0472
56783.3350 12.7011 0.0524
56805.4041 12.4517 0.0453
56744.5476 13.9280 0.0481
56809.4503 12.4009 0.0469
57220.2558 9.4496 0.0448
57459.5413 11.2639 0.0395
56723.4843 13.4363 0.0472
56837.3148 12.8738 0.0453
57542.3547 12.6801 0.0394
57157.4371 8.7028 0.0384
57194.4032 9.2735 0.0360
56807.2839 12.2636 0.0457
56772.5301 13.4076 0.0507
57508.4034 12.0990 0.0398
56781.3438 12.7233 0.0523
57520.3055 11.8704 0.0407
56833.3196 12.6715 0.0441
56811.4276 12.3967 0.0430
56778.2915 13.0076 0.0491
57133.4143 8.7992 0.0358
53475.5639 11.6027 0.0119
57547.3885 12.7282 0.0395
57567.2940 13.4909 0.0453
56715.5456 13.2717 0.0461
57160.3596 8.8015 0.0338
57433.5218 10.9099 0.0364
56841.3117 12.8442 0.0492
56803.3996 12.3259 0.0492
56835.3133 12.7871 0.0437
57213.2809 9.5517 0.0339
57216.2696 9.5592 0.0365
57223.3563 9.3543 0.0367
56801.3396 12.4286 0.0467
56780.3008 12.8593 0.0503
56776.4540 13.2040 0.0474
56798.4161 12.5615 0.0429
56831.3107 12.7008 0.0440
56712.4744 13.2230 0.0474
56722.4426 13.6104 0.0536
57078.4347 7.6471 0.0395
57492.5370 11.8042 0.0468
57191.4222 9.1534 0.0494
57460.4762 11.2476 0.0657
57166.3198 8.9539 0.0668
57123.5313 8.8143 0.0709
57195.4003 9.2885 0.0571
57185.4561 9.0402 0.0592
56721.5929 13.5685 0.0767
57134.4681 8.7174 0.0605
57419.5288 11.0220 0.0846
57104.4574 9.4444 0.0557
57105.5603 9.5015 0.0715
53884.4341 12.9124 0.0171
53467.5113 11.5743 0.0246
54620.3656 10.5695 0.0659
53770.6182 11.4125 0.0358
