57479.5240 2.8053 0.0233
56715.4984 2.2939 0.0338
57420.5453 2.7977 0.0313
56803.4112 2.3501 0.0354
56743.5101 2.3421 0.0345
56741.5899 2.3456 0.0509
57567.2896 2.8233 0.0298
56723.4803 2.3192 0.0362
56781.3397 2.9335 0.0460
56809.4460 2.4080 0.0365
56721.5901 2.1921 0.0404
56798.4117 2.3753 0.0322
56778.2875 2.2790 0.0389
56805.4000 2.4285 0.0339
57508.3994 2.6036 0.0284
56837.3096 2.3410 0.0342
57520.3008 2.8108 0.0429
57542.3509 2.7399 0.0268
56839.3033 2.4112 0.0368
56776.4499 2.3345 0.0354
57460.4734 2.8200 0.0299
56833.3155 2.3590 0.0331
53475.5639 2.7739 0.0090
56780.2967 2.3455 0.0418
56835.3093 2.4756 0.0326
56831.3066 2.4647 0.0329
56744.5344 2.3755 0.0362
56751.3336 2.3988 0.0422
56811.4234 2.3727 0.0322
56783.3308 2.3100 0.0460
56841.3074 2.3021 0.0411
57492.5332 2.7471 0.0327
56801.3352 2.4204 0.0379
57459.5373 2.7942 0.0305
56772.5257 2.3517 0.0440
56807.2799 2.4271 0.0361
56712.4708 2.2398 0.0395
57433.5183 2.8669 0.0293
57216.2664 2.7292 0.0348
56829.3208 2.4258 0.0480
56800.5027 2.3734 0.0697
57213.2777 2.7058 0.0316
57133.4106 2.5921 0.0330
57223.3531 2.7516 0.0353
57157.4336 2.5733 0.0362
57160.3564 2.6130 0.0323
56722.4392 2.2690 0.0463
57194.3999 2.6897 0.0348
57547.3854 2.7362 0.0298
57419.5251 2.6804 0.0629
57191.4184 2.6077 0.0457
57220.2515 2.6672 0.0893
57185.4502 2.4510 0.0577
57123.5278 2.5431 0.0894
57104.4484 2.6133 0.0476
57134.4666 2.5943 0.0590
56711.5225 2.2906 0.0819
57195.3988 2.6887 0.0558
57078.4234 2.6329 0.0536
57166.3176 2.7141 0.0964
57156.4557 2.8349 0.0439
54620.3631 2.5847 0.0463
57105.5577 2.5243 0.0767
53467.5113 2.7277 0.0175
