53462.4908 7.0937 0.0334
53847.5741 5.8127 0.0414
53911.3288 5.4945 0.0184
53851.4182 5.9592 0.0161
52730.5552 6.3441 0.0394
53853.4352 5.9847 0.0163
57420.5605 2.6343 0.0429
53586.2942 6.4253 0.0122
57508.4110 2.0855 0.0211
57520.3138 2.1213 0.0294
57492.5463 1.9655 0.0234
53524.3013 6.5580 0.0108
54186.5147 5.5081 0.0172
52698.6084 6.1734 0.0117
57542.3604 2.1556 0.0206
54531.5740 6.7100 0.0104
57433.5321 2.5426 0.0217
57547.3989 2.0917 0.0216
53466.6127 7.0043 0.0124
57479.5510 2.2202 0.0306
52710.6200 6.1922 0.0145
53583.3046 6.4493 0.0130
54570.4284 6.6667 0.0232
56780.2967 2.2103 0.0408
53799.4817 5.1822 0.0180
56776.4499 2.5914 0.0350
52817.2960 7.0614 0.0267
57567.2855 2.2121 0.0287
54262.4012 5.8405 0.0137
54624.3824 6.2329 0.0126
56781.3397 2.1215 0.0440
54209.4929 5.6260 0.0122
53769.6082 5.4664 0.0121
56772.5257 3.3042 0.0438
56783.3308 2.1337 0.0449
53505.3888 6.6759 0.0184
54561.4254 6.6431 0.0128
53146.4901 7.8476 0.0147
54535.5077 6.7280 0.0128
54151.6503 5.3665 0.0141
54153.5968 5.3991 0.0134
54117.6461 5.2836 0.0120
54524.5266 6.5342 0.0190
53553.4142 6.2666 0.0139
54144.5888 5.3361 0.0132
53578.3431 6.4593 0.0179
53411.6236 7.5818 0.0137
54511.5807 6.2899 0.0114
54213.5722 5.5479 0.0156
54614.3924 6.5153 0.0141
53936.3074 5.8677 0.0137
54255.3352 5.7468 0.0179
53200.2667 9.0262 0.0150
54621.4059 6.3219 0.0133
52790.4028 6.7362 0.1310
54266.2923 5.9194 0.0133
54557.5455 6.6067 0.0137
54234.4877 5.5866 0.0130
53859.3669 5.9561 0.0168
53473.5879 6.9589 0.0153
53121.5132 8.2207 0.0142
54591.3863 6.7705 0.0129
54179.5219 5.4893 0.0128
54563.4941 6.6567 0.0142
52813.3474 7.0513 0.0169
54588.5522 6.6934 0.0173
53175.3845 8.5964 0.0147
53883.3893 5.8013 0.0141
54183.5063 5.4989 0.0137
53551.3290 6.3263 0.0132
53939.3067 5.9056 0.0138
53875.3594 5.9556 0.0131
53772.6264 5.4223 0.0140
52792.4193 6.8212 0.0219
54600.4459 6.8622 0.0287
54201.4537 5.5867 0.0136
53446.5324 7.1520 0.0137
53943.3027 5.9043 0.0139
54259.3128 5.8492 0.0125
53138.4614 8.1189 0.0151
53109.5778 8.2723 0.0188
53469.5188 7.0517 0.0140
53178.3751 8.8718 0.0146
53149.3330 8.1155 0.0140
53906.3684 5.5588 0.0153
52722.5967 6.2218 0.0250
53390.6489 7.9106 0.0147
53531.3615 6.5654 0.0138
53916.3248 5.5177 0.0164
53117.4850 8.2574 0.0141
53766.6170 5.4113 0.0127
53495.4394 6.7506 0.0141
54176.5642 5.5150 0.0131
54124.6309 5.3088 0.0124
57213.2838 2.7715 0.0791
56778.2880 2.2045 0.0404
54205.4858 5.5560 0.0144
54594.4526 6.7420 0.0133
53165.4100 8.2906 0.0141
54618.4140 6.4392 0.0130
53527.3526 6.5517 0.0133
53195.3465 9.0286 0.0147
53743.6336 5.3214 0.0120
54229.4787 5.6138 0.0202
53518.4479 6.4622 0.0257
54538.5772 6.6077 0.0150
54113.6612 5.3398 0.0159
53083.6071 9.0162 0.0155
53855.4161 5.9834 0.0134
53502.3879 6.6794 0.0145
54597.4509 6.8071 0.0132
53892.3770 5.7737 0.0230
54120.6630 5.3357 0.0161
53879.3083 5.9121 0.0140
53500.3158 6.7386 0.0138
53888.4064 5.7793 0.0146
54528.5221 6.7116 0.0120
52791.4573 6.7104 0.0225
52721.6238 6.1063 0.0332
57160.3564 2.4572 0.0842
53463.5851 6.9968 0.0241
52815.2957 7.0913 0.0111
53523.4194 6.4891 0.0211
57419.5251 2.6327 0.0616
56741.6023 2.2351 0.0789
57216.2770 2.8343 0.0657
54620.3589 6.4067 0.0333
57460.4738 1.8544 0.0416
57194.4005 2.6636 0.0785
57157.4343 2.2984 0.0582
53563.3393 6.2316 0.0264
57133.4116 2.2606 0.0421
57223.3536 2.8529 0.0809
56751.3357 2.2612 0.0683
56743.4968 2.2403 0.0627
56839.3052 2.5239 0.0592
57459.5392 2.3399 0.0481
56801.3374 2.2345 0.0587
57191.4190 2.6155 0.1282
56837.3116 2.5082 0.0559
57220.2523 2.7778 0.0884
56835.3113 2.4453 0.0526
56833.3175 2.6200 0.0541
57078.4574 2.0917 0.0338
56831.3086 2.5973 0.0532
56723.4823 2.5058 0.0585
56798.4137 2.2802 0.0529
56803.3973 2.0970 0.0617
56805.4020 2.2622 0.0548
57123.5506 2.2189 0.1062
56841.3094 2.7052 0.0674
56811.4254 2.3297 0.0522
56744.5454 2.2219 0.0546
56721.5924 2.5608 0.0651
56715.5436 2.7433 0.0574
56807.2819 2.3116 0.0551
57104.4484 2.0989 0.1585
56809.4482 2.1601 0.0584
53890.4800 5.4753 0.0722
57195.3993 2.4530 0.0764
56722.4406 2.3532 0.0910
53198.3064 8.9798 0.1029
57166.3176 2.1902 0.0930
57134.4671 2.2538 0.0807
54619.3119 6.6380 0.0736
57185.4508 2.8059 0.2493
57105.5577 2.5295 0.3017
56712.4729 2.9370 0.0748
