57479.5299 2.0783 0.0192
57420.5486 2.3555 0.0264
57567.2929 1.7655 0.0204
57542.3559 1.6947 0.0188
57508.4047 2.0168 0.0203
57492.5392 1.9908 0.0233
57520.3068 1.9726 0.0293
57547.3912 1.6727 0.0200
57459.5405 2.1836 0.0243
57433.5243 2.3772 0.0204
57460.4734 2.1994 0.0279
57194.4106 1.3417 0.0379
57213.2885 1.2197 0.0343
57160.3671 1.3427 0.0348
57185.4625 1.4492 0.0453
53496.3516 1.3557 0.0072
57220.2642 1.2959 0.0344
57157.4448 1.3298 0.0412
56811.4368 1.2096 0.0344
57216.2792 1.1916 0.0310
56833.3288 1.1280 0.0357
56783.3458 1.2138 0.0494
56778.3007 1.0694 0.0388
56837.3245 1.0802 0.0374
56776.4632 1.0498 0.0378
57191.4328 1.2671 0.0331
56831.3199 1.1221 0.0342
57223.3660 1.3168 0.0325
56841.3211 1.1433 0.0449
56722.4512 1.3625 0.0371
56744.5188 1.3150 0.0384
56805.4134 1.1937 0.0392
56712.4835 1.4419 0.0381
56835.3225 1.0757 0.0342
56801.3488 1.1578 0.0385
56751.3471 1.2066 0.0416
56781.3529 1.0491 0.0438
56809.4595 1.1348 0.0383
56798.4255 1.2053 0.0344
56715.5548 1.4803 0.0352
56807.2936 1.1343 0.0421
56723.4933 1.4672 0.0440
57123.5441 1.2264 0.0626
57419.5251 2.2719 0.0611
56839.3171 1.1568 0.0440
56803.4674 1.0860 0.0485
52793.2667 1.8547 0.0267
53475.5629 1.2288 0.0105
56780.3110 1.1140 0.0471
57104.4664 1.0740 0.0384
57133.5079 1.2340 0.0393
57134.4738 1.1215 0.0529
57166.3310 1.4413 0.0617
56772.5413 1.1245 0.0520
56741.6046 1.1540 0.0618
53388.6169 1.0063 0.0173
54620.3631 2.2037 0.0427
53467.5113 1.2356 0.0155
56743.5349 1.3300 0.0645
