57479.5339 4.9489 0.0211
57420.5599 5.1619 0.0384
57508.4110 4.8046 0.0238
57520.3138 4.7003 0.0311
57492.5463 4.8495 0.0262
57542.3621 4.7776 0.0225
53462.4989 5.7095 0.0583
57547.3989 4.7002 0.0243
57433.5321 4.9951 0.0238
57567.2896 4.6622 0.0315
53847.5887 3.9353 0.0370
57160.4559 5.0562 0.0618
52730.5505 5.0954 0.0337
57157.4548 5.1204 0.0552
57191.4404 25.2681 0.1094
57459.5373 4.8531 0.0327
57460.4734 4.8325 0.0322
56801.3688 3.9807 0.0430
53853.4601 3.8942 0.0236
57223.3771 5.0387 0.0617
57220.2784 4.9600 0.0468
57123.5617 5.0532 0.0986
57134.4860 5.1489 0.0844
56833.3478 3.9967 0.0419
57185.4704 4.8715 0.1091
57213.3018 4.9446 0.0569
53911.3378 4.8852 0.0240
56723.5097 4.0217 0.0456
56831.3363 3.9619 0.0409
56798.4422 4.1341 0.0442
56809.4772 3.9227 0.0503
56741.6278 4.0748 0.0631
56807.3096 3.9883 0.0454
56780.3275 3.9732 0.0471
56778.3170 3.9928 0.0462
53583.3096 5.5200 0.0168
56776.4795 3.9232 0.0437
56781.3691 4.0081 0.0516
54186.5187 3.7623 0.0245
56751.3634 4.0709 0.0449
56805.4306 4.0375 0.0446
53586.2990 5.5357 0.0182
54531.5849 3.9053 0.0130
56835.3395 3.9490 0.0414
53466.6176 5.5621 0.0169
57216.2975 4.9730 0.0383
56744.5358 4.1482 0.0474
56772.5585 4.0397 0.0519
52790.4020 5.1147 0.0399
56722.4684 4.0337 0.0426
56715.5711 3.9243 0.0403
56712.4997 4.0795 0.0435
56841.3393 4.0850 0.0476
56839.3341 3.9293 0.0473
56811.4533 4.0431 0.0419
56803.4885 4.0308 0.0563
56837.3417 3.8623 0.0433
56783.3659 3.9893 0.0544
52814.3101 5.4161 0.0125
54570.4331 3.9656 0.0303
57166.3513 5.0997 0.0476
57419.5251 4.8740 0.0648
54209.4977 4.0676 0.0161
57133.4103 3.7686 0.1430
57078.4676 4.7730 0.0390
54528.5269 3.9804 0.0165
53195.3530 5.8668 0.0208
54535.5124 3.9242 0.0177
54113.6660 4.5309 0.0275
57105.5730 5.1621 0.0620
54151.6551 4.3645 0.0225
53446.5373 5.7011 0.0206
54557.5502 4.1579 0.0191
53524.3077 5.8010 0.0222
54120.6678 4.6476 0.0293
54144.5936 4.5489 0.0204
54563.4991 4.0081 0.0197
54597.4557 4.1530 0.0183
54594.4574 4.1608 0.0188
54618.4187 4.1955 0.0190
54624.3855 4.1556 0.0193
53875.3642 4.7856 0.0198
57104.4870 5.0355 0.1088
53578.3479 5.5146 0.0266
54614.3972 4.1961 0.0197
53906.3733 4.4701 0.0233
54588.5569 4.2106 0.0257
53772.6313 4.9887 0.0211
53502.3928 5.7448 0.0225
53469.5236 5.5972 0.0214
53799.4913 5.6089 0.0455
53165.4148 5.9422 0.0203
53553.4190 5.5725 0.0217
54259.3176 3.8945 0.0180
53473.5927 5.6654 0.0236
54262.4044 3.8122 0.0217
54201.4585 4.0862 0.0204
53175.3893 5.9123 0.0210
53883.3941 3.2640 0.0193
54153.6016 4.3914 0.0201
53766.6219 4.9966 0.0195
54524.5314 3.7016 0.0270
53121.5181 5.9296 0.0202
52722.6009 3.0515 0.0378
53146.4967 6.1266 0.0226
53411.6287 5.6805 0.0198
53178.3799 5.9442 0.0204
53500.3206 5.8180 0.0209
53117.4905 5.9731 0.0207
54591.3911 4.1196 0.0181
54621.4106 4.0997 0.0193
53769.6113 5.0897 0.0196
54561.4286 4.1021 0.0195
54124.6357 4.6186 0.0189
53390.6537 5.4096 0.0214
54176.5689 4.2384 0.0195
53551.3338 5.6263 0.0202
54538.5819 3.9082 0.0211
52721.6265 5.0522 0.0464
53851.4109 4.9426 0.0381
53495.4442 5.7349 0.0213
54266.2971 4.0472 0.0189
54600.4506 4.0688 0.0454
53879.3148 4.9530 0.0301
53200.2732 2.9494 0.0239
53505.3946 5.9145 0.0437
54117.6525 4.7424 0.0257
54234.4941 4.1695 0.0272
53916.3312 4.9365 0.0373
54205.4922 4.4136 0.0298
54183.5095 4.0389 0.0293
53892.3835 4.9583 0.0503
53531.3684 5.7712 0.0298
53527.3590 5.8094 0.0290
53855.4225 4.8271 0.0286
53943.3091 4.9428 0.0299
54179.5252 4.1073 0.0269
57194.3982 5.3998 0.3175
53859.3734 4.8515 0.0367
53888.4129 5.0180 0.0299
52710.6298 4.8271 0.0367
53743.6390 5.0326 0.0260
53149.3362 6.1158 0.0292
54620.3618 4.2553 0.0497
53939.3131 4.9447 0.0294
54229.4850 4.0951 0.0445
54213.5786 4.2706 0.0354
54511.5870 3.8273 0.0223
53138.4683 6.1383 0.0302
53518.4543 5.7235 0.0581
54255.3415 3.9543 0.0425
