57479.5240 3.1215 0.0231
56715.4984 3.1287 0.0343
57420.5453 3.1023 0.0311
56803.4112 3.4114 0.0363
56743.5101 3.2771 0.0352
56741.5899 3.2604 0.0515
57567.2896 3.3665 0.0297
56723.4803 3.2439 0.0370
56781.3397 3.2941 0.0459
56809.4460 3.2281 0.0371
56721.5901 3.1710 0.0414
56798.4117 3.2410 0.0331
56778.2875 3.4283 0.0400
56805.4000 3.3818 0.0348
57508.3994 3.4696 0.0290
56837.3096 3.3556 0.0353
57520.3008 3.5598 0.0432
57542.3509 3.6275 0.0274
56776.4499 3.4014 0.0364
57460.4734 3.2079 0.0298
56833.3155 3.4015 0.0341
56780.2967 3.3609 0.0427
56835.3093 3.3031 0.0333
56831.3066 3.3672 0.0337
56744.5344 3.2275 0.0369
56751.3336 3.1174 0.0427
56811.4234 3.3317 0.0332
56783.3308 3.2938 0.0467
56841.3074 3.3676 0.0420
57492.5332 3.1700 0.0322
56801.3352 3.2780 0.0387
56807.2799 3.3794 0.0372
56839.3033 3.3012 0.0375
57459.5373 3.2549 0.0304
56772.5257 3.2900 0.0445
56712.4708 3.0938 0.0404
57433.5183 3.1846 0.0292
57216.2664 2.8687 0.0343
56829.3208 3.4071 0.0493
53475.5608 3.4409 0.0116
56800.5027 3.0509 0.0702
57213.2777 2.8706 0.0313
57133.4106 2.5692 0.0322
57220.2508 2.8876 0.0872
57223.3531 2.8220 0.0347
57157.4336 2.5322 0.0354
57160.3564 2.4993 0.0314
56722.4392 3.2113 0.0475
57547.3854 3.5176 0.0303
57419.5251 3.1003 0.0624
57191.4184 1.4366 0.0424
57123.5278 2.4364 0.0878
57104.4484 2.5412 0.0462
57134.4666 2.6276 0.0578
56711.5225 3.2398 0.0832
57195.3988 2.7130 0.0546
57194.4010 2.6926 0.0479
57078.4234 2.4874 0.0528
57166.3176 2.4803 0.0940
57105.5577 1.1402 0.0696
53467.5113 3.4066 0.0181
