57479.5280 2.9127 0.0235
57420.5553 2.6749 0.0296
56715.5029 1.8719 0.0317
56803.4314 2.2199 0.0353
56833.3270 2.3495 0.0306
57567.2955 2.3017 0.0296
56783.3393 2.3320 0.0463
57508.4061 2.8754 0.0289
56801.3421 2.2737 0.0364
56839.3101 2.2701 0.0357
56807.2867 2.2581 0.0347
56841.3145 2.4149 0.0399
57520.3083 2.6568 0.0419
56809.4532 2.2519 0.0353
56805.4071 2.2407 0.0333
57492.5409 2.6491 0.0320
56831.3134 2.3184 0.0315
56743.5145 2.0315 0.0384
56772.5334 2.1520 0.0424
56811.4303 2.2257 0.0315
56751.3405 2.2995 0.0393
56780.3037 2.4015 0.0398
57542.3573 2.4144 0.0257
56723.4871 1.8386 0.0346
56744.5288 2.0434 0.0354
56837.3172 2.2956 0.0333
56781.3465 2.4081 0.0431
56835.3161 2.3118 0.0314
56798.4188 2.2849 0.0314
56776.4568 2.2672 0.0338
56778.2943 2.1833 0.0372
56741.5878 2.1031 0.0522
52814.3124 4.1785 0.0093
56712.4789 1.9194 0.0376
56722.4478 2.0104 0.0375
57191.4364 2.1208 0.0342
57459.5364 2.8405 0.0368
57160.3671 2.0086 0.0304
57433.5278 2.7318 0.0288
57547.3950 2.4427 0.0297
57223.3638 2.2095 0.0341
56800.5027 2.1497 0.0662
56829.3208 2.2461 0.0454
57157.4448 1.9414 0.0340
56721.5890 1.7620 0.0479
57460.4724 2.8074 0.0336
57134.4826 2.1196 0.0418
57216.2771 2.1696 0.0329
57213.2843 2.1555 0.0364
57185.4590 2.0746 0.0415
57123.5482 2.2864 0.0654
57220.2765 2.1654 0.0518
57156.4565 1.9722 0.0580
56711.5225 1.8615 0.0780
57105.5637 2.2345 0.0530
57194.3988 2.1448 0.0462
57133.4091 2.1842 0.0402
57104.4681 2.2064 0.0463
57419.5240 2.7713 0.0779
57078.4811 2.5568 0.0801
57195.3983 2.2279 0.0739
57166.3419 2.2165 0.0901
53770.6220 3.6781 0.0277
54620.3581 3.6903 0.0484
