57542.3542 2.0540 0.0226
57567.2891 2.0679 0.0249
57508.4029 1.9035 0.0237
57492.5375 1.7673 0.0301
57433.5226 2.2212 0.0241
57547.3896 2.0031 0.0244
57420.5480 2.1027 0.0356
57133.4879 2.5055 0.0432
57213.2832 2.6087 0.0389
57160.3619 2.5584 0.0393
57479.5385 2.0231 0.0364
57220.2598 2.6920 0.0640
57223.3595 2.8216 0.0356
57185.4584 2.4648 0.0404
57520.3100 2.1527 0.0411
57419.5251 2.0996 0.0628
57104.4550 3.1718 0.0754
53475.5650 2.8032 0.0121
56772.5417 3.1595 0.0727
57194.3988 2.4668 0.0488
56803.4679 3.1227 0.0697
56811.4378 3.7210 0.0571
56805.4144 2.8861 0.0619
56839.3176 0.9218 0.0588
56781.3540 3.1590 0.0688
56780.3115 2.7565 0.0683
56712.4845 2.5534 0.0583
57460.4752 2.3003 0.0565
56841.3222 3.1079 0.0699
56722.4523 3.6019 0.0593
57191.4179 2.3798 0.0533
56741.6035 3.4530 0.0850
56783.3468 3.0185 0.0744
56809.4605 3.2760 0.0616
57157.4324 2.4321 0.0489
57216.2802 2.8387 0.0482
57459.5392 1.9980 0.0486
56778.3017 2.9684 0.0613
56833.3299 1.9771 0.0553
57078.4234 2.4209 0.0451
56776.4648 3.0533 0.0764
57123.5453 2.6839 0.1314
56835.3230 0.9125 0.0792
57134.4662 2.6165 0.0823
57166.3323 2.8933 0.0938
57105.5577 2.4635 0.0765
56837.3250 0.8576 0.0860
