56743.5090 7.4312 0.0293
57479.5261 7.9730 0.0254
57420.5463 7.2840 0.0288
56741.5894 7.4413 0.0485
56772.5268 7.1645 0.0419
56783.3319 7.5855 0.0439
57492.5343 7.6257 0.0335
57508.4004 7.7819 0.0306
56781.3408 7.4635 0.0432
57542.3518 8.2566 0.0296
56776.4510 7.1381 0.0362
57460.4743 7.7410 0.0370
57567.2898 7.7343 0.0337
56798.4128 7.1538 0.0333
57459.5383 7.6935 0.0322
56780.2978 6.0898 0.0397
56744.5377 7.4538 0.0368
56778.2885 5.7176 0.0372
56751.3346 7.2308 0.0409
57216.2674 7.5039 0.0345
57157.4348 6.9174 0.0349
57194.4010 7.2176 0.0339
57133.4118 7.0082 0.0323
57160.3575 7.1378 0.0318
57213.2787 7.6235 0.0319
57220.2526 7.6379 0.0645
53475.5639 5.9872 0.0099
57433.5194 7.7816 0.0308
57547.3864 8.1281 0.0321
57223.3542 7.6482 0.0348
57191.4201 7.1811 0.0407
56835.3123 6.8916 0.0453
56811.4265 7.2554 0.0457
56831.3096 6.9397 0.0458
56805.4031 7.2577 0.0480
56837.3135 6.9351 0.0474
56712.4734 8.1131 0.0514
57123.5301 6.4570 0.0614
57520.3044 7.8916 0.0460
56803.3985 7.2858 0.0530
56723.4833 7.8234 0.0507
56807.2829 7.1964 0.0483
56833.3186 6.9522 0.0459
57419.5264 7.5417 0.0596
56809.4492 7.1138 0.0502
56715.5446 7.9903 0.0496
56841.3106 7.0389 0.0539
56839.3063 6.8735 0.0494
56801.3385 7.2154 0.0506
57134.4671 7.0631 0.0572
56721.5929 7.8782 0.0688
57185.4515 7.2564 0.0575
56722.4415 7.6946 0.0587
53883.4566 7.0320 0.0144
57155.3464 7.3748 0.2477
57105.5588 6.8498 0.0638
57078.4252 4.3484 0.0386
57104.4484 6.7086 0.0563
57195.3998 7.3183 0.0659
53884.4341 7.3950 0.0148
57166.3187 7.2388 0.0759
53467.5113 6.0406 0.0199
54620.3656 7.8293 0.0587
57156.4557 6.6289 0.0497
53770.6182 7.1709 0.0302
