57479.5240 1.6943 0.0219
57420.5453 1.5582 0.0296
56803.4112 1.5016 0.0341
56743.5101 1.4163 0.0328
56723.4803 1.4158 0.0344
56781.3397 1.5474 0.0438
56809.4460 1.5355 0.0346
56721.5901 1.5420 0.0392
57567.2855 1.9228 0.0285
56798.4117 1.6288 0.0308
56778.2875 1.5863 0.0376
56811.4234 1.6031 0.0306
56805.4000 1.5257 0.0322
56837.3096 1.5631 0.0327
57520.3008 1.7947 0.0415
57542.3509 1.8774 0.0246
56839.3033 1.4917 0.0351
56776.4499 1.5104 0.0338
57460.4734 1.5926 0.0272
56833.3155 1.5592 0.0313
57508.3994 1.8174 0.0265
53475.5639 2.4451 0.0089
56780.2967 1.4962 0.0404
56835.3093 1.6918 0.0309
56831.3066 1.6087 0.0310
56744.5344 1.4399 0.0346
57459.5373 1.5832 0.0277
56751.3336 1.4511 0.0406
56783.3308 1.4232 0.0447
56841.3074 1.5381 0.0400
57492.5332 1.7264 0.0300
56801.3352 1.5219 0.0363
56715.5416 1.5482 0.0329
56807.2799 1.5686 0.0343
56712.4708 1.4100 0.0379
56772.5259 1.4829 0.0453
57433.5183 1.5359 0.0264
57216.2664 1.4830 0.0318
57160.3564 1.5801 0.0298
56722.4392 1.5705 0.0444
56829.3208 1.5985 0.0459
57213.2777 1.4526 0.0288
57194.3999 1.5588 0.0322
57133.4106 1.5810 0.0306
57223.3531 1.4916 0.0325
57157.4336 1.5946 0.0341
57547.3854 1.8563 0.0274
57191.4184 1.5006 0.0425
57104.4484 1.6394 0.0441
53883.4566 1.9297 0.0113
57123.5278 1.6617 0.0866
57134.4666 1.5999 0.0553
56711.5225 1.3192 0.0793
57195.3988 1.4798 0.0514
57185.4502 1.4554 0.0543
53884.4341 1.9954 0.0118
56741.5841 1.4143 0.0522
57078.4234 1.6579 0.0518
57166.3176 1.4069 0.0909
57105.5577 1.6320 0.0714
57220.2539 1.5437 0.0510
53467.5113 2.4812 0.0172
54620.3656 1.4459 0.0416
53770.6182 2.3133 0.0235
