56743.5069 7.1468 0.0333
57420.5495 6.5288 0.0344
57567.2958 7.7577 0.0453
53475.5671 7.3522 0.0123
57508.4044 7.2854 0.0426
56776.4550 6.9884 0.0502
56780.3019 7.2209 0.0555
56803.4007 7.1595 0.0549
56831.3117 7.2180 0.0468
56778.2926 7.0382 0.0527
56835.3144 7.2881 0.0467
57542.3556 7.2679 0.0407
57547.3894 7.3337 0.0410
56723.4853 5.4724 0.0474
56741.5892 7.0196 0.0636
56805.4052 7.2184 0.0494
57433.5227 7.1419 0.0393
56839.3084 7.0457 0.0511
57459.5423 7.2311 0.0431
57160.3607 6.2906 0.0382
56712.4754 6.5003 0.0493
57133.4154 6.0934 0.0400
57194.4042 6.5632 0.0406
56715.5467 6.7445 0.0474
57157.4382 6.0793 0.0439
56744.5487 7.0741 0.0526
56781.3448 7.2273 0.0577
56841.3128 7.0760 0.0541
57216.2706 6.4976 0.0405
57223.3574 6.5158 0.0412
56751.3388 7.0629 0.0538
56837.3164 7.1397 0.0485
56833.3206 7.3648 0.0476
57479.5414 7.1730 0.0436
57213.2820 6.5356 0.0377
56722.4431 6.9630 0.0497
57078.4375 6.1861 0.0472
57220.2575 6.4123 0.0448
56772.5313 6.9540 0.0557
56801.3407 7.2627 0.0515
57520.3067 7.0932 0.0451
56809.4513 7.3105 0.0511
56783.3361 7.3538 0.0589
56798.4174 7.4586 0.0463
56807.2850 7.2491 0.0498
56811.4286 7.1994 0.0464
57492.5382 7.1101 0.0553
57185.4561 6.5552 0.0546
57191.4231 6.5912 0.0513
57460.4772 7.1603 0.0987
57195.4008 6.5823 0.0639
53883.4566 5.0397 0.0131
57166.3209 6.4444 0.0787
57123.5324 6.0454 0.0770
57105.5603 6.0591 0.0633
57134.4685 6.1430 0.0698
56721.5940 7.2261 0.1349
57104.4590 6.1728 0.0800
53467.5113 7.2817 0.0214
54620.3656 5.5147 0.0547
53770.6182 6.6299 0.0304
