52730.5705 5.4966 0.0280
57479.5339 7.1487 0.0225
53462.4886 9.0862 0.0576
57420.5608 6.3931 0.0410
53847.5741 7.0575 0.0417
53911.3288 6.3045 0.0189
53851.4182 7.1200 0.0167
53853.4352 7.2377 0.0169
53586.2942 8.8461 0.0133
57508.4110 7.3472 0.0263
57520.3138 7.0190 0.0326
57492.5463 7.3044 0.0287
53524.3013 9.0521 0.0119
57542.3621 6.5063 0.0243
54186.5147 7.5721 0.0180
54531.5740 7.8879 0.0111
57547.3989 6.4187 0.0263
57213.2931 5.9548 0.0639
57433.5321 6.9579 0.0261
53466.6127 9.2592 0.0135
57216.2841 5.9556 0.0662
52710.6200 5.7313 0.0145
57567.2896 6.0987 0.0329
53583.3046 8.7672 0.0143
54570.4284 7.9405 0.0238
57191.4406 7.8877 0.0887
57220.2734 7.1469 0.1273
57123.5558 6.2104 0.1104
53799.4817 7.4181 0.0194
52817.2960 6.3420 0.0278
57223.3734 5.5517 0.0597
54262.4012 6.7638 0.0144
57459.5373 6.9248 0.0352
54209.4929 7.2514 0.0132
54624.3824 8.6833 0.0141
57157.4548 5.6552 0.0538
53505.3888 9.2368 0.0196
57160.4561 6.4783 0.0650
57460.4734 7.0042 0.0348
56801.3688 7.8345 0.0483
53769.6082 7.9240 0.0136
54561.4254 7.8548 0.0137
53146.4901 8.0167 0.0151
54535.5077 7.9408 0.0138
54151.6503 8.0673 0.0159
54153.5968 8.1492 0.0153
57166.3378 8.9434 0.1163
54229.4787 6.9963 0.0210
54213.5722 7.2003 0.0168
54524.5266 7.7837 0.0197
53553.4142 8.5628 0.0154
54144.5888 8.0590 0.0150
53578.3431 8.7471 0.0195
53411.6236 9.0871 0.0148
54511.5807 7.7664 0.0124
54614.3924 8.4468 0.0154
53936.3074 6.7503 0.0145
54255.3352 6.8741 0.0185
53200.2667 8.5269 0.0149
54621.4059 8.5192 0.0147
52790.4028 5.6667 0.1329
54266.2923 6.7623 0.0140
54557.5455 7.8713 0.0146
54234.4877 6.8590 0.0139
53859.3669 7.1370 0.0174
53121.5132 8.2128 0.0145
54591.3863 8.0755 0.0138
54179.5219 7.8921 0.0144
54563.4941 7.8448 0.0151
52813.3474 6.1173 0.0166
54588.5522 8.0853 0.0183
53175.3845 8.1831 0.0146
53883.3893 6.6520 0.0149
53109.5778 8.0925 0.0190
54183.5063 7.7457 0.0152
53551.3290 8.6426 0.0146
53939.3067 6.7911 0.0145
53875.3594 6.9191 0.0139
56833.3478 7.3617 0.0475
52792.4193 5.5582 0.0216
54600.4459 8.2538 0.0292
54201.4537 7.3286 0.0148
53446.5324 9.2578 0.0151
53943.3027 6.8096 0.0147
54259.3128 6.8466 0.0133
53138.4614 8.1093 0.0153
53469.5188 9.3090 0.0155
53178.3751 8.2358 0.0143
53149.3330 8.1644 0.0143
53906.3684 6.3443 0.0160
52722.5967 5.5943 0.0250
53390.6489 9.2673 0.0156
53531.3615 8.8660 0.0153
53916.3248 6.3487 0.0170
57134.4860 6.6038 0.0749
53117.4850 8.2200 0.0144
53766.6170 7.8889 0.0144
53495.4394 9.2808 0.0158
53083.6071 8.4113 0.0155
52815.2953 6.3133 0.0097
53473.5879 9.2636 0.0168
54176.5642 8.0223 0.0148
54124.6309 8.0753 0.0143
54205.4858 7.2497 0.0156
54594.4526 8.0799 0.0143
53165.4100 7.9841 0.0140
54618.4140 8.5287 0.0144
53527.3526 9.0184 0.0148
53772.6264 7.8023 0.0156
53195.3465 8.3699 0.0144
53743.6336 8.2324 0.0139
53888.4064 6.5603 0.0152
53518.4479 9.0926 0.0266
54538.5772 7.9137 0.0161
54113.6612 8.1109 0.0173
53855.4161 7.1635 0.0143
53502.3879 9.2083 0.0160
54597.4509 8.1933 0.0142
53892.3770 6.5659 0.0234
54120.6630 8.0068 0.0176
53879.3083 6.7509 0.0147
53500.3158 9.3450 0.0153
54528.5221 7.9452 0.0128
52791.4573 5.5018 0.0221
56831.3363 7.4106 0.0472
52721.6238 5.6435 0.0336
56798.4422 7.8660 0.0500
56723.5097 8.2683 0.0528
56809.4772 7.5282 0.0569
56741.6278 8.2643 0.0686
56807.3096 7.6832 0.0527
56780.3275 8.2632 0.0542
56778.3170 8.3985 0.0538
56776.4795 8.2114 0.0511
56781.3691 8.1418 0.0588
56751.3634 8.3940 0.0524
56805.4306 7.5812 0.0508
57185.4756 6.0860 0.0779
56803.4885 7.8125 0.0621
56835.3395 7.2243 0.0474
56744.5358 8.3462 0.0547
56772.5585 8.2705 0.0580
56722.4684 8.3067 0.0501
56715.5711 8.2416 0.0479
56712.4997 8.1002 0.0505
56841.3393 7.3451 0.0529
54117.6453 8.0537 0.0154
56839.3341 7.4114 0.0534
56837.3417 7.4378 0.0495
56811.4533 7.6059 0.0483
53523.4194 8.9835 0.0229
56783.3659 8.2140 0.0605
57133.4120 6.4113 0.1764
57419.5251 6.5431 0.0663
54620.3589 8.5254 0.0367
53563.3393 8.8346 0.0284
53463.5877 9.2139 0.0291
57105.5679 6.4620 0.1126
57195.3988 5.6473 0.2219
57104.4870 5.7278 0.0952
57078.4898 6.7078 0.0584
57194.4005 6.5301 0.1577
53890.4800 6.5041 0.0780
53198.3064 8.0119 0.1011
54619.3119 8.4771 0.0811
