56743.5069 24.6619 0.0457
57420.5495 20.7814 0.0454
53475.5639 16.6350 0.0133
57508.4044 23.5862 0.0631
56776.4550 25.1975 0.0721
56780.3019 25.4623 0.0754
56803.4007 27.5441 0.0782
56831.3117 28.4985 0.0721
57567.2972 25.2843 0.0730
56778.2926 25.2628 0.0743
56835.3144 28.4244 0.0713
57542.3556 24.4678 0.0625
57547.3894 24.3014 0.0624
56723.4853 23.8240 0.0701
56741.5892 24.3911 0.0808
56805.4052 27.9262 0.0738
57433.5227 21.7377 0.0577
56839.3084 28.1741 0.0752
57459.5423 21.8489 0.0618
57160.3607 19.9197 0.0547
56712.4754 23.7558 0.0705
57133.4154 20.7039 0.0576
57194.4042 19.0025 0.0560
56715.5467 23.5608 0.0686
57157.4382 20.1542 0.0611
56744.5487 24.8283 0.0736
56781.3448 25.4837 0.0775
56841.3128 28.1240 0.0754
57216.2706 20.0357 0.0581
57223.3574 20.0025 0.0579
56751.3388 24.5418 0.0740
56837.3164 28.3246 0.0729
56833.3206 28.5449 0.0719
57479.5414 22.5970 0.0596
57213.2820 19.7164 0.0537
56722.4431 23.7555 0.0705
57078.4375 22.0888 0.0627
57220.2575 20.0870 0.0578
56772.5313 25.1726 0.0744
56801.3407 27.0877 0.0743
57520.3067 23.9812 0.0613
56809.4513 27.9767 0.0755
56783.3361 25.7070 0.0769
56798.4174 26.8882 0.0685
56807.2850 27.8532 0.0751
56811.4286 28.2417 0.0706
57492.5382 22.3844 0.0790
57185.4561 19.2637 0.0723
57191.4231 19.1053 0.0701
57460.4772 22.1626 0.1308
57195.4008 19.1726 0.0886
53883.4566 17.8968 0.0192
57166.3209 19.9710 0.1016
57123.5324 20.9296 0.0945
57105.5603 21.4569 0.0920
53884.4341 18.8646 0.0195
57134.4685 20.8451 0.0971
56721.5940 23.7768 0.1812
57104.4590 21.6157 0.1205
53467.5113 16.8535 0.0280
54620.3656 23.2101 0.0880
53770.6182 18.7152 0.0427
