57479.5219 10.4451 0.0334
56803.4112 10.5824 0.0446
56715.4854 9.9838 0.0501
56811.4234 10.6704 0.0433
56809.4460 10.6000 0.0476
56805.4000 10.6871 0.0447
53475.5639 7.7419 0.0107
56743.5145 10.6207 0.0521
56801.3352 10.6343 0.0482
56807.2799 10.7633 0.0479
57567.2904 10.6377 0.0492
56837.3086 10.7952 0.0565
56780.2957 10.6150 0.0648
56744.5289 10.6371 0.0593
56723.4793 10.5496 0.0590
56781.3387 10.4697 0.0683
56783.3298 10.5229 0.0684
57420.5442 10.4100 0.0525
57459.5364 10.5648 0.0518
56829.3208 10.6951 0.0624
56741.5807 10.6371 0.0760
56721.5890 10.4790 0.0643
56800.5027 10.5703 0.0830
57542.3499 10.8666 0.0466
57508.3984 10.5807 0.0488
56839.3023 10.6656 0.0592
56772.5247 10.3512 0.0674
57520.2996 10.7634 0.0669
56833.3145 10.6840 0.0551
56776.4489 10.4208 0.0569
56831.3056 10.7338 0.0553
56751.3325 10.6408 0.0649
57492.5322 10.6218 0.0553
56835.3083 10.7700 0.0546
57460.4724 10.6803 0.0482
56798.4107 10.5828 0.0533
56841.3064 10.7584 0.0629
56778.2865 10.4696 0.0619
57194.4037 10.2119 0.1164
56722.4387 10.3065 0.0695
56712.4698 10.2625 0.0671
57433.5167 10.6752 0.0501
57160.3554 11.3954 0.0634
57220.2493 10.8433 0.1593
57185.4502 11.3427 0.0749
57216.2653 11.2497 0.0684
57547.3841 10.6596 0.0524
56711.5225 10.2952 0.0979
57191.4179 11.1352 0.0715
57213.2766 11.4414 0.0630
57157.4324 11.4434 0.0650
57223.3520 11.3289 0.0676
57133.4091 11.6174 0.0580
57419.5240 10.1452 0.0924
57123.5267 11.2384 0.1440
57195.3983 11.4781 0.1070
57134.4662 11.4482 0.1088
54620.3631 6.7363 0.0567
57155.3065 12.7712 0.4320
57105.5577 11.4435 0.1050
53467.5113 7.6502 0.0216
57104.4411 11.3406 0.1100
