57479.5240 1.0602 0.0217
57420.5453 1.5028 0.0300
56803.4112 2.1323 0.0352
56743.5101 1.9789 0.0340
56715.5093 1.8466 0.0338
57567.2896 1.7925 0.0281
56723.4803 1.8743 0.0354
56809.4460 2.0199 0.0358
56798.4117 2.2140 0.0320
56805.4000 2.0588 0.0333
57508.3994 1.2254 0.0261
56837.3096 2.1458 0.0339
57542.3509 1.6898 0.0250
56776.4499 2.3335 0.0354
57460.4734 1.1708 0.0271
56839.3033 2.0801 0.0363
56835.3093 2.0636 0.0319
56741.5820 1.9100 0.0516
56831.3066 2.0059 0.0322
56744.5344 1.9196 0.0355
56811.4234 2.0718 0.0317
56841.3074 2.1968 0.0411
57492.5332 1.0188 0.0299
56801.3352 2.2303 0.0376
57459.5373 1.0940 0.0275
56772.5257 2.2764 0.0439
56807.2799 2.0312 0.0355
53475.5620 2.0190 0.0097
56833.3152 2.1464 0.0353
56721.5895 1.8573 0.0460
56751.3333 2.0092 0.0449
56712.4708 1.9298 0.0390
57520.3011 1.4115 0.0454
57216.2664 1.6606 0.0329
57433.5183 1.5444 0.0270
56781.3387 2.0071 0.0561
56783.3298 2.0405 0.0576
56829.3208 2.0403 0.0473
56778.2865 2.2037 0.0488
56780.2957 2.1761 0.0523
56800.5027 2.1677 0.0693
57213.2777 1.6244 0.0297
57194.3999 1.4616 0.0326
57133.4106 1.8510 0.0318
57223.3531 1.6047 0.0333
57157.4336 1.6558 0.0348
57160.3564 1.6609 0.0306
56722.4392 1.8402 0.0454
57547.3854 1.7693 0.0280
57191.4184 1.3531 0.0430
57185.4502 1.3681 0.0553
57104.4484 2.0604 0.0462
57134.4666 1.6474 0.0566
56711.5225 2.0055 0.0814
57195.3988 1.6167 0.0530
57166.3176 1.7453 0.0934
57419.5246 1.5079 0.0909
54620.3631 1.7424 0.0439
57105.5577 2.0310 0.0748
57220.2539 1.5396 0.0514
53467.5113 2.0339 0.0168
57123.5267 2.0043 0.1233
