57420.5559 6.3341 0.0354
57479.5412 3.9449 0.0337
56743.5381 2.2383 0.0418
57567.2950 8.4942 0.0363
57542.3598 4.4045 0.0304
57547.3935 5.7917 0.0321
57520.3115 6.2624 0.0375
57433.5268 3.4264 0.0273
53475.5639 7.4750 0.0107
57508.4088 6.9928 0.0343
57492.5439 5.9037 0.0359
57160.3671 3.9672 0.0413
57213.2885 4.9152 0.0422
57220.2642 4.0576 0.0387
57194.4104 7.2682 0.0592
56780.3104 1.3259 0.0456
56778.3007 1.4413 0.0409
56803.4668 1.7414 0.0469
56776.4632 1.5095 0.0399
57191.4328 10.9689 0.0474
56741.6019 2.4251 0.0586
57216.2792 4.3476 0.0381
57459.5445 4.2772 0.0392
57223.3660 3.8314 0.0379
56744.5188 2.2869 0.0413
56805.4134 1.5795 0.0414
57185.4654 9.2395 0.0485
56781.3529 1.4008 0.0458
56841.3211 2.3614 0.0483
56809.4595 1.7512 0.0413
56798.4255 1.9251 0.0371
56783.3458 1.8178 0.0513
57104.4641 4.1778 0.0586
56751.3471 2.3389 0.0447
57133.5553 3.6072 0.0572
57157.4471 3.3324 0.0400
57123.5441 3.6945 0.0664
56772.5412 1.1554 0.0525
56839.3155 2.2063 0.0601
57134.4738 3.2607 0.0598
56837.3235 2.3919 0.0584
56833.3278 2.5392 0.0556
56712.4825 3.1266 0.0601
56831.3189 1.7951 0.0531
56807.2921 1.5767 0.0618
57460.4752 4.6490 0.0636
56722.4502 2.4222 0.0580
56715.5538 2.9891 0.0562
56723.4924 2.5226 0.0627
56811.4358 1.6722 0.0525
56835.3214 2.4343 0.0543
57166.3310 5.8159 0.0724
56801.3478 1.5720 0.0577
57078.4234 5.6145 0.0497
54620.3631 1.6181 0.0435
57419.5273 6.3362 0.1113
53467.5113 12.5956 0.0253
