53462.4908 2.8650 0.0329
53847.5729 2.1359 0.0253
56743.5069 3.2548 0.0284
53911.3288 2.0291 0.0176
53851.4182 2.1442 0.0151
52730.5552 1.9297 0.0362
53853.4352 2.1832 0.0152
53586.2942 2.0298 0.0107
53524.3013 2.2976 0.0092
54186.5147 1.5253 0.0162
52698.6084 1.9373 0.0098
54531.5740 1.7954 0.0081
57420.5495 2.4620 0.0300
53466.6127 2.9343 0.0109
57479.5368 2.1823 0.0299
52710.6200 1.8681 0.0124
53583.3046 2.0795 0.0110
54570.4284 1.5636 0.0222
53799.4817 2.5440 0.0170
52817.2960 1.8753 0.0231
54262.4012 1.9476 0.0120
54209.4929 1.6135 0.0100
54624.3824 1.5368 0.0099
56798.4161 2.6651 0.0304
53505.3888 2.5389 0.0171
53769.6082 2.4968 0.0104
54561.4254 1.5982 0.0101
53146.4901 2.8333 0.0122
54151.6503 1.5182 0.0118
54153.5968 1.5378 0.0109
54117.6461 1.5560 0.0097
54213.5722 1.5994 0.0134
53855.4161 2.1911 0.0114
54524.5266 1.8100 0.0172
53553.4142 2.2504 0.0116
54144.5888 1.4935 0.0110
53578.3431 2.1027 0.0156
53411.6236 2.4613 0.0108
54511.5807 1.9352 0.0088
54614.3924 1.4735 0.0111
53936.3074 1.9134 0.0115
54255.3352 1.8660 0.0165
54600.4459 1.4362 0.0277
53200.2667 2.4338 0.0115
54621.4059 1.4998 0.0104
54266.2923 1.9459 0.0111
54557.5455 1.6014 0.0108
54234.4877 1.7978 0.0108
53859.3669 2.2139 0.0152
53473.5879 2.8666 0.0134
53121.5132 2.6901 0.0113
54591.3863 1.4947 0.0099
54179.5219 1.5337 0.0106
54563.4941 1.5928 0.0115
52813.3474 1.8945 0.0138
54588.5522 1.5065 0.0148
53175.3845 2.4463 0.0110
53883.3893 2.2620 0.0123
54183.5063 1.5187 0.0114
53551.3290 2.2684 0.0110
53939.3067 1.9121 0.0116
53875.3594 2.2489 0.0109
53772.6264 2.4922 0.0124
52792.4193 1.7465 0.0192
54201.4537 1.6021 0.0114
53527.3526 2.2947 0.0111
54535.5077 1.7734 0.0100
53446.5324 2.6523 0.0114
53943.3027 1.9535 0.0117
54259.3128 1.9014 0.0102
53138.4614 2.7587 0.0125
53109.5778 2.7136 0.0161
53469.5188 2.8466 0.0119
53178.3751 2.4570 0.0109
53149.3330 2.7813 0.0114
53906.3684 2.1306 0.0134
52722.5967 1.9070 0.0234
53390.6489 2.4395 0.0118
53531.3615 2.2904 0.0115
53916.3248 2.0188 0.0148
53117.4850 2.7230 0.0112
53766.6170 2.4711 0.0109
57078.4347 2.8340 0.0355
53495.4394 2.6847 0.0120
52815.2953 1.8941 0.0079
54597.4509 1.5006 0.0101
54176.5642 1.5830 0.0108
54124.6309 1.5232 0.0101
54205.4858 1.6076 0.0123
54594.4526 1.4881 0.0102
53165.4100 2.5551 0.0109
54618.4140 1.4964 0.0102
53195.3465 2.3732 0.0109
53743.6336 2.4717 0.0103
54229.4787 1.7797 0.0189
57492.5370 2.2163 0.0336
53518.4479 2.3305 0.0244
54538.5772 1.7296 0.0122
54113.6612 1.6107 0.0143
53083.6071 2.7284 0.0122
53502.3879 2.5753 0.0126
53892.3770 2.2951 0.0223
54120.6630 1.5730 0.0143
53879.3083 2.2447 0.0120
53500.3158 2.6290 0.0117
53888.4064 2.2548 0.0129
54528.5221 1.8266 0.0092
52791.4573 1.8267 0.0196
52721.6238 1.9022 0.0319
56741.5892 3.3817 0.0579
56811.4286 3.0073 0.0377
57213.2820 3.3599 0.0317
56776.4550 3.2080 0.0425
56841.3128 3.0348 0.0474
57216.2706 4.0026 0.0353
56772.5313 3.2229 0.0495
56783.3361 3.1030 0.0526
56780.3019 3.1363 0.0480
57567.2972 1.9745 0.0371
57433.5227 2.6391 0.0307
57459.5423 2.4410 0.0341
57160.3607 3.3867 0.0326
57547.3894 2.1699 0.0308
56744.5487 3.2695 0.0451
56781.3448 3.1062 0.0503
57223.3574 3.4019 0.0354
56837.3164 3.0621 0.0404
56722.4431 3.2813 0.0418
57508.4044 2.3280 0.0331
56835.3144 2.9723 0.0379
56803.4007 3.0896 0.0469
56831.3117 2.9786 0.0381
56712.4754 3.3095 0.0428
52790.4020 1.6770 0.0389
57520.3067 2.2676 0.0388
56805.4052 3.1801 0.0414
56807.2850 3.0090 0.0405
56801.3407 3.1755 0.0436
56809.4513 3.0508 0.0421
57194.4042 3.1588 0.0344
56778.2926 3.0486 0.0449
56751.3388 3.3011 0.0470
57133.4154 3.3110 0.0350
56715.5467 3.2196 0.0400
57157.4382 3.3833 0.0390
56833.3206 3.1060 0.0391
57220.2575 3.2943 0.0406
57542.3556 2.2834 0.0310
56723.4853 3.2547 0.0419
56839.3084 3.0312 0.0432
53523.4194 2.2864 0.0189
54620.3602 1.4259 0.0259
53563.3393 2.2863 0.0240
53463.5877 2.8178 0.0250
57185.4561 3.0634 0.0474
57191.4231 3.0766 0.0436
57166.3209 3.3692 0.0707
57460.4772 2.3302 0.0828
57134.4685 3.3775 0.0620
57123.5324 3.4334 0.0725
57195.4008 3.2033 0.0543
57105.5603 3.3502 0.0547
53890.4800 2.2360 0.0654
56721.5940 3.1682 0.1148
53198.3064 2.4862 0.0951
57104.4590 3.3556 0.0683
53770.6182 2.4702 0.0240
