57479.5339 6.6469 0.0222
57420.5590 6.9536 0.0278
53847.5741 4.5825 0.0275
52730.5746 5.3014 0.0213
53462.4935 4.3458 0.0320
57508.4110 6.4455 0.0254
57520.3138 6.4726 0.0323
57492.5463 6.4303 0.0278
57542.3621 7.2691 0.0250
53911.3305 4.5020 0.0213
53853.4372 4.9388 0.0184
53586.2942 5.0711 0.0132
57547.3989 7.4469 0.0273
57433.5321 6.9570 0.0259
52710.6200 5.4725 0.0144
57567.2896 7.3635 0.0349
53851.4170 4.9818 0.0199
54531.5720 3.8216 0.0106
52817.2960 4.9843 0.0267
54186.5136 5.0682 0.0206
57459.5373 7.2045 0.0359
53524.3023 4.5835 0.0127
53583.3052 4.9632 0.0135
57220.2729 11.0840 0.1569
57460.4734 7.1416 0.0354
56801.3688 6.1633 0.0457
53466.6126 4.3557 0.0132
52814.3124 5.1674 0.0097
52790.4028 4.9848 0.1325
54561.4257 3.6205 0.0125
52813.3474 4.9475 0.0158
53083.6071 3.7246 0.0128
54570.4287 3.6095 0.0246
53109.5778 3.8342 0.0168
56833.3478 6.7561 0.0459
52792.4193 5.0280 0.0212
52722.5967 5.2723 0.0249
53769.6085 5.1462 0.0132
54209.4932 4.9019 0.0131
54262.4016 4.5638 0.0145
54535.5077 3.6705 0.0125
54151.6503 4.8804 0.0158
54153.5968 4.9886 0.0149
52791.4573 4.9139 0.0217
56831.3363 6.8408 0.0456
54117.6461 3.4927 0.0122
52721.6238 5.3164 0.0334
56798.4422 6.2316 0.0472
54524.5266 4.0001 0.0203
53553.4142 4.3636 0.0146
53578.3431 4.8020 0.0192
53411.6236 4.8040 0.0138
56723.5097 6.3030 0.0491
56809.4772 6.3851 0.0542
54614.3924 3.8634 0.0141
54255.3352 4.2443 0.0191
54600.4459 3.8675 0.0315
54621.4059 3.7716 0.0132
56741.6278 5.8399 0.0650
54266.2923 4.4279 0.0142
56807.3096 6.4401 0.0497
56780.3275 6.1376 0.0503
54557.5455 3.5967 0.0135
56778.3170 6.1739 0.0496
56776.4795 6.0838 0.0471
56781.3691 6.0370 0.0546
57123.5698 5.9473 0.0580
57213.3079 5.7436 0.0366
53121.5132 3.7937 0.0134
54591.3863 3.8906 0.0128
57223.3832 5.7439 0.0406
54179.5219 5.0902 0.0143
53195.3466 4.2482 0.0135
56751.3634 5.8305 0.0476
56805.4306 6.2047 0.0480
54588.5522 3.8653 0.0177
53175.3845 3.6453 0.0133
53883.3893 3.9525 0.0146
53446.5323 4.3552 0.0139
54624.3808 3.8886 0.0135
56835.3395 6.7926 0.0460
56722.4684 6.3365 0.0462
54183.5063 5.1209 0.0153
53551.3290 4.3536 0.0137
54563.4942 3.5930 0.0143
53875.3594 4.6690 0.0140
53117.4850 3.8553 0.0133
56744.5358 5.8211 0.0500
56772.5585 5.9778 0.0544
53943.3027 3.8287 0.0142
54259.3128 4.6429 0.0134
53138.4614 3.4026 0.0138
53146.4903 3.7276 0.0143
53799.4841 5.0166 0.0250
53469.5188 4.3150 0.0143
53178.3751 3.7120 0.0131
53149.3330 3.8315 0.0135
53906.3684 4.4435 0.0165
53766.6170 5.1751 0.0143
53495.4394 4.4112 0.0148
56715.5711 6.6143 0.0446
53473.5879 4.3795 0.0158
54176.5642 5.0589 0.0146
54124.6309 4.3135 0.0135
54144.5888 4.8926 0.0147
56712.4997 6.6327 0.0474
56841.3393 6.5339 0.0508
53772.6264 5.0964 0.0156
54594.4526 3.9116 0.0131
53165.4100 3.5672 0.0128
54618.4140 3.8556 0.0132
53743.6331 5.1887 0.0136
56839.3341 6.6891 0.0515
57134.4907 6.1275 0.0440
54201.4537 4.8678 0.0150
53505.3908 4.5707 0.0221
54538.5772 3.5670 0.0149
54113.6612 4.2951 0.0177
56803.4885 6.2049 0.0591
56837.3417 6.6692 0.0477
53939.3067 3.5551 0.0138
53502.3879 4.3881 0.0152
53390.6489 4.4284 0.0145
57191.4517 5.9603 0.0423
54597.4509 3.8846 0.0131
54120.6630 4.2278 0.0180
57216.2975 5.7275 0.0396
57157.4650 6.1219 0.0438
57160.5054 6.1604 0.0433
53500.3158 4.4313 0.0142
56811.4533 6.4914 0.0457
54528.5221 4.0087 0.0119
56783.3659 6.1098 0.0570
54229.4797 4.8734 0.0260
53888.4075 4.6834 0.0181
54213.5732 4.9649 0.0202
53531.3627 4.5544 0.0168
53892.3781 4.6412 0.0293
57166.3513 6.1097 0.0490
53936.3085 4.2278 0.0167
54620.3589 3.8956 0.0301
53879.3094 4.7698 0.0173
57185.4838 6.1477 0.0595
53200.2678 4.5880 0.0167
53463.5877 4.2894 0.0260
53916.3259 4.5469 0.0215
54234.4888 4.9643 0.0166
54205.4869 4.9352 0.0186
53855.4171 4.9445 0.0168
54511.5817 4.2797 0.0134
53859.3680 4.9302 0.0213
53518.4490 4.5724 0.0330
57419.5251 7.0411 0.0674
53527.3537 4.5606 0.0160
57105.5730 5.7457 0.0634
53563.3376 4.6540 0.0307
57104.4796 8.6455 0.1741
57078.4898 5.6779 0.0549
53523.4194 4.4215 0.0286
53890.4800 4.6885 0.0729
53198.3064 4.3692 0.0955
54619.3119 3.9731 0.0685
52815.3110 5.1193 0.0207
57155.3065 68.6564 2.0323
