57479.5286 7.7364 0.0244
57420.5525 6.3803 0.0273
56715.5103 6.7120 0.0323
56741.5956 7.0964 0.0455
56833.3249 7.0018 0.0318
57567.2937 8.0036 0.0317
57492.5395 7.8273 0.0328
56839.3089 6.8728 0.0352
56781.3453 6.8269 0.0408
56835.3149 6.9637 0.0323
56831.3122 6.9197 0.0323
56778.2931 6.8374 0.0366
56772.5320 6.8685 0.0397
56751.3393 7.0222 0.0384
56744.5330 7.0647 0.0350
57508.4049 8.0712 0.0306
56783.3377 6.8913 0.0424
57542.3562 8.4850 0.0294
56803.4112 6.9869 0.0386
56841.3132 7.0510 0.0381
56723.4859 6.8896 0.0351
56743.5101 7.1277 0.0380
56798.4175 6.9062 0.0323
57520.3070 8.3247 0.0386
56780.3025 6.8005 0.0382
56776.4556 6.8705 0.0341
56837.3158 6.9070 0.0335
56712.4771 6.5724 0.0367
57160.3639 7.4386 0.0317
57223.3606 6.8442 0.0333
56809.4460 6.9963 0.0404
56811.4234 7.1101 0.0368
57216.2739 7.0188 0.0330
57157.4415 7.4414 0.0344
57547.3922 8.3981 0.0324
57460.4734 7.0705 0.0345
56805.4000 7.0219 0.0380
57191.4336 7.1855 0.0380
56721.5901 6.9790 0.0441
56722.4466 6.7406 0.0410
56801.3352 6.9307 0.0414
57459.5373 7.1164 0.0350
57220.2594 6.9158 0.0622
56807.2799 7.0305 0.0405
57134.4795 7.4409 0.0442
52814.3124 9.8639 0.0113
57213.2821 7.0588 0.0344
57433.5263 7.0672 0.0323
57123.5434 7.1523 0.0620
56829.3208 6.9664 0.0530
56800.5027 6.6920 0.0721
57133.4106 7.2636 0.0375
57194.3999 7.1175 0.0395
57419.5251 6.2805 0.0651
57104.4640 7.2998 0.0430
57185.4590 7.1567 0.0487
57078.4523 7.6203 0.0578
57156.4565 7.3597 0.0670
57155.3464 6.9848 0.2368
56711.5225 6.9498 0.0869
57105.5637 7.3581 0.0656
57195.3988 7.1632 0.0630
57166.3297 7.4277 0.0743
53770.6220 5.5901 0.0309
54620.3581 8.1263 0.0627
