57479.5240 1.4977 0.0219
56715.4984 2.0099 0.0330
56803.4112 1.5814 0.0338
56743.5101 1.7277 0.0332
57420.5480 1.5106 0.0316
57567.2896 1.8479 0.0282
56723.4803 1.9832 0.0351
56781.3397 1.5388 0.0428
56809.4460 1.4862 0.0341
56778.2875 1.5527 0.0370
56721.5901 1.9970 0.0395
56798.4117 1.5968 0.0305
56805.4000 1.5911 0.0319
56837.3096 1.4489 0.0322
57520.3008 1.6570 0.0407
57542.3509 1.6385 0.0251
56776.4499 1.5427 0.0335
57460.4734 1.4655 0.0278
56833.3155 1.5423 0.0311
57508.3994 1.6893 0.0270
56780.2967 1.5437 0.0396
56835.3093 1.4625 0.0304
56831.3066 1.4818 0.0307
56744.5344 1.8027 0.0347
56751.3336 1.8688 0.0403
56811.4234 1.5570 0.0304
56783.3308 1.5106 0.0435
56841.3074 2.0813 0.0397
57492.5332 1.5648 0.0305
56801.3352 1.5771 0.0360
56839.3033 1.3909 0.0345
57459.5373 1.5494 0.0285
56772.5257 1.4854 0.0415
56807.2799 1.5226 0.0340
53496.3516 1.0544 0.0074
56741.5816 1.7405 0.0521
56712.4708 2.4744 0.0394
57433.5183 1.7190 0.0274
57216.2664 1.7440 0.0326
57160.3564 1.8382 0.0305
56722.4392 1.9594 0.0451
57133.4106 2.0067 0.0318
56829.3208 1.3846 0.0452
57213.2777 1.6465 0.0294
57194.3999 1.6792 0.0328
57223.3531 1.7770 0.0332
57157.4336 1.9040 0.0348
57547.3854 1.7212 0.0282
52793.2667 1.8226 0.0274
57191.4184 1.5425 0.0431
57123.5278 1.9120 0.0865
57104.4484 1.8844 0.0458
57156.4565 1.7214 0.0588
57220.2523 2.6777 0.0862
57134.4666 1.9815 0.0566
56711.5225 2.0017 0.0790
57195.3988 1.5562 0.0524
57185.4502 1.5751 0.0548
57078.4234 1.7184 0.0509
57166.3176 1.6681 0.0910
53388.6169 0.9628 0.0180
54620.3631 2.0698 0.0415
57105.5577 1.8836 0.0737
56800.5125 1.3719 0.1331
