57420.5648 14.5518 0.0376
57191.4456 15.1279 0.0472
53496.3516 12.2723 0.0111
56833.3407 17.2877 0.0548
57134.4846 15.5406 0.0500
56751.3553 15.9933 0.0602
56831.3281 16.9017 0.0572
56783.3558 15.5996 0.0685
57520.3246 14.7640 0.0506
56805.4223 16.0453 0.0603
56723.5016 15.5557 0.0585
57479.5576 14.5915 0.0505
57123.5575 15.8700 0.0625
57542.3711 14.7529 0.0477
57160.3779 16.8258 0.0490
57157.4560 16.4386 0.0538
56776.4714 15.6195 0.0570
56798.4341 16.1391 0.0559
56835.3306 16.7372 0.0574
56803.4771 16.0386 0.0665
56837.3334 16.7528 0.0592
57492.5572 14.3009 0.0516
56809.4686 16.0075 0.0613
56741.6140 15.5425 0.0711
57216.2878 14.6770 0.0506
56778.3088 15.8131 0.0597
56801.3570 16.1073 0.0590
56780.3187 15.7491 0.0605
56744.5276 16.0464 0.0599
57433.5379 14.7583 0.0476
57223.3746 14.6824 0.0499
56715.5630 15.1423 0.0549
56781.3610 15.7138 0.0639
57220.2754 15.0807 0.0514
56811.4451 16.2095 0.0570
56722.4603 15.6452 0.0569
57508.4204 15.1898 0.0508
56807.3013 15.9391 0.0576
56841.3295 16.9844 0.0632
57567.3072 14.3319 0.0525
56712.4916 14.8370 0.0569
57547.4049 14.5445 0.0485
56772.5497 15.6703 0.0627
57213.2988 14.8356 0.0565
52793.2667 11.4202 0.0362
57104.4873 14.9226 0.0610
56839.3246 16.5984 0.0682
57166.3406 16.7112 0.0863
57185.4755 15.5191 0.0576
57078.4806 16.1786 0.0711
57105.5696 15.6818 0.1126
53388.6169 12.4247 0.0278
53770.6220 12.7210 0.0380
54620.3581 12.4466 0.0667
