57420.5593 1.5370 0.0385
53496.3484 1.1216 0.0081
52793.2667 1.4231 0.0266
57547.3979 1.5345 0.0419
57508.4136 1.4060 0.0439
56772.5417 1.4720 0.0663
57223.3671 1.5592 0.0460
57542.3643 1.5128 0.0441
57220.2678 1.4023 0.0448
56835.3235 1.4006 0.0487
56811.4378 1.4951 0.0490
57520.3167 1.4069 0.0565
56839.3176 1.4815 0.0573
56781.3540 1.5466 0.0620
57133.6043 1.6695 0.0571
56751.3481 1.1303 0.0572
57567.2998 1.4544 0.0427
56780.3115 1.4432 0.0621
57160.3704 1.5311 0.0406
53388.6201 1.0902 0.0135
56712.4845 1.4732 0.0531
56837.3256 1.3053 0.0528
56801.3498 1.4684 0.0540
56776.4642 1.4733 0.0548
57185.4666 1.4258 0.0526
57194.4139 1.2246 0.0441
56798.4265 1.5405 0.0489
56841.3222 1.2283 0.0629
56803.4679 1.3315 0.0624
56783.3468 1.4521 0.0684
57433.5312 1.1007 0.0389
57191.4339 1.0202 0.0450
56722.4523 1.5624 0.0515
56809.4605 1.4990 0.0543
57213.2919 1.4751 0.0408
57216.2802 1.5306 0.0433
57479.5501 1.3393 0.0497
56778.3017 1.5143 0.0547
56805.4144 1.3866 0.0555
56831.3209 1.3763 0.0482
56833.3299 1.3917 0.0513
57134.4745 1.6701 0.0773
56741.6046 1.4588 0.0612
57104.4680 2.4972 0.1516
57166.3323 1.4836 0.0874
57123.5453 1.7959 0.1258
