57479.5299 5.7684 0.0220
57420.5508 6.2763 0.0384
57567.2929 4.8039 0.0240
57520.3068 5.2227 0.0318
57542.3559 5.0560 0.0230
57508.4047 5.4282 0.0242
57492.5392 5.5687 0.0273
57459.5405 6.0218 0.0293
57547.3912 5.1126 0.0245
57433.5243 5.8884 0.0246
56743.5383 4.8887 0.0429
57133.4930 8.6599 0.0615
57460.4734 6.1198 0.0341
57220.2609 5.9637 0.1217
56741.6094 4.9454 0.0598
57213.2881 5.4225 0.0392
53496.3516 5.5453 0.0089
56780.3104 4.9815 0.0494
56833.3288 5.2542 0.0429
56778.3007 4.9238 0.0451
56837.3245 5.5027 0.0448
56803.4668 5.2868 0.0507
56776.4632 5.0418 0.0445
56831.3199 5.4975 0.0419
57216.2792 6.3226 0.0398
56839.3166 5.3327 0.0467
57223.3660 6.4298 0.0405
56841.3211 5.2276 0.0505
56744.5188 5.1564 0.0446
56807.2931 5.3534 0.0470
56723.4935 4.9114 0.0484
56805.4134 5.3560 0.0461
57185.4654 6.1223 0.0435
56712.4835 4.9062 0.0438
56801.3488 5.2641 0.0452
56811.4368 5.2675 0.0415
56772.5406 4.9278 0.0543
57194.4128 6.2746 0.0394
56781.3529 5.0081 0.0497
56809.4595 5.3423 0.0457
56798.4255 5.2691 0.0412
56783.3458 5.0880 0.0543
57191.4328 6.2329 0.0404
56715.5548 4.8671 0.0411
57160.3693 5.9430 0.0359
56722.4512 4.8646 0.0431
56835.3225 5.4439 0.0419
56751.3471 5.1110 0.0476
57157.4471 5.8962 0.0424
57123.5441 5.7221 0.0675
57419.5251 5.7123 0.0658
57104.4669 5.9129 0.0653
52793.2667 4.7499 0.0297
57166.3310 6.0001 0.0708
57134.4738 5.8687 0.0638
53388.6169 5.6565 0.0221
54620.3631 5.7786 0.0521
57105.5577 4.3077 0.2042
