53462.4914 2.4354 0.0273
53847.5729 3.0478 0.0254
53911.3288 2.4792 0.0176
57479.5240 5.3854 0.0261
53851.4182 2.9840 0.0152
52730.5552 2.6132 0.0357
53853.4352 2.9253 0.0153
53524.3013 2.7683 0.0093
53586.2942 3.1965 0.0111
54186.5147 3.1179 0.0166
52698.6084 2.8691 0.0106
56715.4984 3.0770 0.0344
54531.5740 3.3561 0.0089
57420.5453 5.3566 0.0345
53466.6127 2.4724 0.0106
56803.4112 4.0164 0.0370
56743.5101 3.3836 0.0354
52710.6200 2.7834 0.0129
56741.5899 3.3184 0.0504
57567.2896 4.2056 0.0328
53583.3046 3.1367 0.0115
56811.4234 4.1719 0.0347
56778.2875 3.9805 0.0407
57520.3008 4.4539 0.0453
54570.4284 3.4606 0.0227
56780.2967 4.0090 0.0431
56831.3066 4.0127 0.0350
57492.5332 5.2268 0.0369
53799.4817 3.1378 0.0168
56723.4803 3.1734 0.0370
56835.3093 3.8285 0.0343
52817.2960 2.6893 0.0233
57542.3509 3.9423 0.0296
56744.5344 3.4106 0.0368
54262.4012 3.0956 0.0125
56841.3074 3.8282 0.0421
56801.3352 4.0068 0.0397
57508.3994 4.7447 0.0327
57459.5373 5.4329 0.0355
56807.2799 4.0433 0.0386
56781.3397 3.7996 0.0459
54209.4929 3.0444 0.0108
56721.5901 3.1146 0.0411
54624.3824 3.3476 0.0110
56776.4499 4.0624 0.0373
56772.5257 3.0961 0.0434
56783.3308 3.7327 0.0464
54176.5493 3.2261 0.0119
53505.3888 2.6801 0.0170
57460.4734 5.6011 0.0352
56809.4460 3.9952 0.0384
56798.4117 4.1057 0.0344
56805.4000 4.1187 0.0360
56839.3033 3.8752 0.0382
56833.3155 3.8780 0.0348
56751.3336 3.5527 0.0428
53769.6082 3.2813 0.0108
54561.4254 3.4594 0.0113
53146.4901 2.0618 0.0115
54151.6503 3.1037 0.0128
54153.5968 3.1016 0.0120
54117.6461 3.0112 0.0107
53390.6489 1.9630 0.0113
54524.5266 3.3259 0.0178
53553.4142 3.0745 0.0121
54144.5888 3.1538 0.0121
53578.3431 3.0775 0.0161
53411.6236 2.0214 0.0104
54511.5807 3.1176 0.0096
54213.5722 3.0114 0.0143
56837.3100 3.8897 0.0389
54614.3924 3.3649 0.0123
53936.3074 2.4503 0.0118
54255.3352 3.2157 0.0170
53200.2667 2.5311 0.0115
54621.4059 3.3565 0.0116
56712.4708 3.1753 0.0406
54266.2923 3.0925 0.0118
54557.5455 3.3659 0.0119
54234.4877 3.2050 0.0117
53859.3669 2.8913 0.0155
53473.5879 2.5865 0.0130
53121.5132 2.1252 0.0108
54591.3863 3.4228 0.0111
54179.5219 3.1612 0.0116
54563.4941 3.3998 0.0125
52813.3474 2.6382 0.0142
54588.5522 3.3388 0.0157
53175.3845 2.4671 0.0110
53883.3893 2.8014 0.0125
54183.5063 3.1699 0.0124
53551.3290 3.0903 0.0114
53939.3067 2.4093 0.0118
53875.3594 2.7951 0.0112
53772.6264 3.2117 0.0127
52792.4193 2.5904 0.0195
54600.4459 3.4877 0.0282
54113.6612 2.9773 0.0150
54201.4537 2.9908 0.0122
54535.5077 3.3479 0.0109
53446.5324 2.3960 0.0111
53943.3027 2.4313 0.0119
54259.3128 3.1798 0.0110
53138.4614 2.1139 0.0119
53109.5778 2.0366 0.0155
53469.5188 2.5519 0.0116
53178.3751 2.4966 0.0109
53149.3330 2.1044 0.0108
53906.3684 2.5663 0.0135
52722.5967 2.6786 0.0237
53531.3615 2.8783 0.0117
53916.3248 2.3749 0.0148
53117.4850 2.3218 0.0107
53766.6170 3.3000 0.0114
53495.4394 2.7404 0.0119
52815.2953 2.6474 0.0082
53855.4161 2.9151 0.0117
54124.6309 2.9878 0.0111
54205.4858 3.0678 0.0132
54594.4526 3.3955 0.0114
53165.4100 2.3335 0.0106
54618.4140 3.3771 0.0114
53527.3526 2.7994 0.0113
53195.3465 2.5150 0.0110
54229.4787 3.2320 0.0194
53518.4479 2.6935 0.0245
54538.5772 3.3705 0.0133
53743.6336 3.8096 0.0112
53083.6071 2.1328 0.0116
53502.3879 2.7103 0.0126
54597.4509 3.4090 0.0113
53892.3770 2.7793 0.0224
54120.6630 2.9703 0.0151
53879.3083 2.7984 0.0122
53500.3158 2.7459 0.0117
53888.4064 2.7994 0.0131
54528.5221 3.3567 0.0102
52791.4573 2.5925 0.0200
57216.2664 4.6866 0.0380
52721.6238 2.6899 0.0321
57220.2508 4.7286 0.0886
57160.3564 4.5477 0.0354
57194.3999 4.6175 0.0376
57157.4336 4.5183 0.0390
57433.5183 5.6995 0.0346
57223.3531 4.7223 0.0383
52790.4020 2.5474 0.0384
56829.3208 4.0114 0.0507
56800.5027 3.8580 0.0712
57213.2777 4.6574 0.0348
57133.4106 4.5929 0.0355
57547.3854 3.9370 0.0329
56722.4392 3.1492 0.0477
53463.5851 2.3463 0.0216
53523.4194 2.8060 0.0190
57191.4184 4.6223 0.0493
54620.3602 3.3273 0.0287
57419.5251 5.4716 0.0674
53563.3393 3.0124 0.0244
57195.3988 4.6422 0.0602
57185.4502 4.3161 0.0611
57134.4666 4.7020 0.0630
57123.5278 4.3688 0.0915
56711.5225 3.1649 0.0821
57155.3464 4.3672 0.2437
57104.4484 4.9357 0.0525
53890.4800 2.6763 0.0655
57156.4557 4.5311 0.0460
53198.3064 2.7081 0.0944
57078.4234 4.8358 0.0565
57166.3176 4.4790 0.1012
57105.5577 4.8512 0.0841
53770.6182 3.1647 0.0245
