57479.5240 2.1683 0.0226
52698.6084 2.4824 0.0098
56715.4984 1.8035 0.0334
57420.5453 1.9525 0.0308
56803.4112 1.5330 0.0347
56743.5101 1.7227 0.0338
57567.2896 2.1444 0.0280
56741.5899 1.7204 0.0511
56723.4803 1.7777 0.0355
56781.3397 1.4276 0.0445
56809.4460 1.6373 0.0354
56721.5901 1.8425 0.0402
56798.4117 1.4530 0.0311
56778.2875 1.2407 0.0377
56805.4000 1.5345 0.0327
56837.3096 1.8473 0.0336
57520.3008 2.3406 0.0425
56776.4499 1.4331 0.0342
57542.3509 2.1445 0.0253
57460.4734 2.0908 0.0284
56833.3155 1.7059 0.0321
57508.3994 2.3498 0.0276
56780.2967 1.4006 0.0411
56835.3093 1.7288 0.0315
56831.3066 1.7047 0.0316
56744.5344 1.8102 0.0356
56751.3336 1.5530 0.0416
56811.4234 1.5583 0.0312
56783.3308 1.2735 0.0457
56841.3074 1.9723 0.0413
57492.5332 2.2383 0.0312
56801.3352 1.5339 0.0369
56839.3033 1.8620 0.0361
57459.5373 2.1953 0.0291
56772.5257 1.4056 0.0431
56807.2799 1.5389 0.0348
56712.4708 1.8509 0.0393
57433.5183 1.9683 0.0274
57216.2664 1.4468 0.0322
57160.3564 1.5607 0.0302
53475.5671 1.7168 0.0103
56800.5027 1.5657 0.0689
57213.2777 1.4598 0.0291
57194.3999 1.5968 0.0327
57133.4106 1.5399 0.0311
57220.2508 1.3601 0.0890
57223.3531 1.4714 0.0329
57157.4336 1.5313 0.0346
56829.3208 1.7089 0.0468
56722.4392 1.7605 0.0455
57547.3854 2.0913 0.0282
57419.5251 1.9538 0.0620
57191.4184 1.3442 0.0428
52815.2974 1.6069 0.0099
57104.4484 1.8413 0.0452
57123.5278 1.8425 0.0895
57134.4666 1.7102 0.0561
56711.5225 1.6996 0.0820
57195.3988 1.3892 0.0518
57185.4502 1.6319 0.0561
57078.4234 1.9214 0.0540
57166.3176 1.7051 0.0936
57156.4574 1.4229 0.1106
57105.5577 1.6901 0.0730
