53847.5770 6.0042 0.0461
53462.4934 6.2469 0.0402
53911.3288 6.0355 0.0190
57479.5240 7.0496 0.0273
53851.4182 6.1330 0.0164
52730.5552 8.0372 0.0424
53853.4352 6.1279 0.0166
53524.3013 6.5093 0.0109
54186.5147 6.7105 0.0178
52698.6084 8.0446 0.0129
56715.4984 5.8254 0.0375
56741.5994 5.5009 0.0456
56744.5355 5.7962 0.0346
53586.2950 6.8171 0.0141
57420.5453 6.2298 0.0352
56743.5101 5.5969 0.0381
54531.5740 7.4338 0.0108
56803.4112 5.4818 0.0386
53466.6138 6.2833 0.0132
52710.6200 7.9103 0.0155
57567.2896 6.9735 0.0363
56811.4234 5.5278 0.0365
56778.2875 5.5715 0.0427
57520.3008 7.2149 0.0477
56809.4460 5.5583 0.0406
54570.4284 7.1392 0.0238
56780.2967 5.4892 0.0449
56831.3066 4.4530 0.0357
56723.4803 5.8975 0.0407
56835.3093 5.2782 0.0363
52817.2960 7.4220 0.0278
57542.3509 7.1793 0.0338
56841.3074 5.3545 0.0437
56801.3352 5.3518 0.0414
57508.3994 7.3008 0.0358
57459.5373 6.9383 0.0374
56807.2799 4.6155 0.0396
56781.3397 5.6233 0.0479
54209.4929 6.7782 0.0130
56721.5901 5.4898 0.0443
54624.3824 6.6446 0.0130
56776.4499 5.5030 0.0391
53583.3057 6.8110 0.0145
56783.3308 5.5353 0.0482
53505.3888 6.9217 0.0187
57460.4734 6.9903 0.0370
56798.4117 5.5292 0.0363
56805.4000 5.5801 0.0379
56839.3033 5.2789 0.0400
56833.3155 4.4758 0.0358
57492.5332 7.0691 0.0393
56751.3336 5.9449 0.0456
53769.6082 6.1819 0.0126
56772.5257 5.5361 0.0462
54151.6503 6.5729 0.0151
54117.6461 6.5992 0.0130
54524.5266 7.5214 0.0196
52790.4028 7.2234 0.1332
53411.6236 6.7227 0.0134
54511.5807 7.5287 0.0123
56837.3100 5.3019 0.0410
54614.3924 5.6093 0.0137
54255.3352 6.7383 0.0185
54621.4059 6.6549 0.0137
56712.4708 5.8824 0.0444
53799.4830 5.8881 0.0213
54179.5219 6.6387 0.0137
52813.3474 7.3910 0.0173
54588.5522 6.9903 0.0177
54262.4022 6.5708 0.0156
54557.5455 7.2947 0.0143
53551.3290 7.0468 0.0137
53772.6264 6.0878 0.0146
52792.4193 7.4915 0.0227
54113.6612 6.6350 0.0167
54535.5077 7.4424 0.0134
53943.3027 5.8326 0.0142
53138.4614 6.9860 0.0147
53109.5778 6.7536 0.0181
52722.5967 7.8710 0.0259
53531.3615 6.9582 0.0142
53195.3465 6.6477 0.0135
53766.6170 6.0904 0.0133
54176.5642 6.7166 0.0140
54124.6309 6.6634 0.0134
54205.4858 6.7655 0.0154
54594.4526 6.9716 0.0136
54618.4140 6.7278 0.0134
54591.3863 7.0219 0.0133
54600.4459 7.0334 0.0292
54538.5772 7.4870 0.0159
53083.6071 6.9007 0.0145
54597.4509 6.9022 0.0134
54120.6630 6.6210 0.0170
54528.5221 7.5588 0.0126
53518.4487 6.7746 0.0290
53888.4072 5.9125 0.0165
52791.4573 7.5186 0.0233
57216.2664 8.1828 0.0432
52721.6238 7.8862 0.0343
53502.3887 6.8435 0.0165
57220.2508 8.1720 0.0908
54144.5896 6.5632 0.0158
54561.4246 7.3551 0.0164
54213.5730 6.6648 0.0184
53859.3678 6.0575 0.0189
53743.6353 6.2370 0.0142
53892.3778 6.0875 0.0263
53469.5196 6.2678 0.0155
53146.4912 6.9942 0.0160
54153.5976 6.5181 0.0160
53936.3082 6.3069 0.0160
53875.3602 5.9763 0.0149
57160.3564 8.1452 0.0404
53553.4150 6.9307 0.0162
53165.4108 6.8846 0.0150
57194.3999 8.4656 0.0431
53117.4860 6.7259 0.0150
57157.4336 8.0440 0.0435
53175.3853 6.8469 0.0154
53883.3901 5.9620 0.0162
57433.5183 6.8633 0.0362
57223.3531 8.0979 0.0431
53121.5140 6.7580 0.0150
54563.4950 7.2121 0.0162
54183.5071 6.7532 0.0164
53500.3166 6.8977 0.0156
56829.3208 5.6374 0.0535
53879.3092 5.9861 0.0160
53149.3338 7.1067 0.0151
53473.5887 6.3185 0.0171
56800.5027 5.3233 0.0735
53446.5332 6.3526 0.0152
57213.2777 8.3711 0.0401
54259.3136 6.6552 0.0147
53855.4169 6.1299 0.0154
57133.4106 8.0671 0.0400
53178.3759 6.8974 0.0152
53906.3692 6.1631 0.0176
53390.6497 6.7817 0.0159
57547.3854 7.2540 0.0376
53200.2675 6.6562 0.0155
53495.4402 6.7240 0.0158
56722.4392 6.0414 0.0527
54266.2931 6.7334 0.0155
54201.4521 6.7619 0.0161
53578.3439 6.7592 0.0203
54234.4885 6.7008 0.0155
53916.3256 6.1287 0.0193
53527.3534 6.8798 0.0153
53939.3075 6.2221 0.0159
54229.4794 6.6888 0.0233
52815.2974 7.3648 0.0130
57191.4184 8.4225 0.0556
54620.3602 6.7132 0.0338
57419.5251 6.4215 0.0686
53563.3393 6.8817 0.0271
53463.5896 6.1999 0.0278
53523.4201 6.8735 0.0255
57195.3988 8.4895 0.0685
57185.4502 8.1725 0.0682
57134.4666 7.5023 0.0687
57123.5278 7.8681 0.0968
56711.5225 5.6770 0.0871
57155.3464 8.5615 0.2545
57104.4484 8.1382 0.0588
53890.4800 5.9641 0.0752
53198.3064 6.6105 0.1003
57078.4234 7.3728 0.0596
57166.3176 8.2231 0.1109
57105.5577 7.7765 0.0931
57156.4557 7.9029 0.0507
53770.6182 5.9873 0.0283
