57420.5672 1.1500 0.0284
57191.4456 1.1306 0.0320
56833.3407 1.3109 0.0358
56831.3281 1.2679 0.0365
56744.5276 1.3320 0.0420
57520.3246 1.2418 0.0369
56805.4223 1.1969 0.0416
57157.4560 1.1699 0.0359
57542.3711 1.2406 0.0284
56723.5016 1.3229 0.0406
57160.3779 1.2087 0.0293
57479.5576 1.1613 0.0367
56776.4714 1.4271 0.0391
56798.4341 1.1496 0.0371
56835.3306 1.1761 0.0369
56803.4771 1.2066 0.0496
56837.3334 1.2468 0.0397
57492.5572 1.2132 0.0347
56809.4686 1.0872 0.0418
56839.3248 1.2478 0.0425
57216.2878 1.1454 0.0321
57134.4855 1.1876 0.0355
56801.3570 1.0568 0.0407
53496.3500 1.4283 0.0082
56811.4451 1.2248 0.0376
57433.5379 1.1907 0.0281
57223.3746 1.2577 0.0333
56715.5630 1.3985 0.0370
57220.2754 1.1765 0.0330
56722.4603 1.4268 0.0388
57508.4204 1.2097 0.0314
56751.3553 1.3182 0.0423
56807.3013 1.1507 0.0373
56841.3295 1.2506 0.0463
57567.3072 1.3376 0.0341
56712.4916 1.3415 0.0400
57547.4049 1.2486 0.0294
56772.5497 1.2612 0.0474
57213.2988 1.1943 0.0356
56741.6147 1.3066 0.0602
52793.2667 1.3964 0.0267
57104.4873 1.2469 0.0407
57123.5583 1.3043 0.0544
56781.3600 1.1689 0.0661
56778.3078 1.1279 0.0576
56783.3531 1.0081 0.0748
53388.6201 1.3752 0.0137
57166.3406 1.0542 0.0610
57185.4755 1.2149 0.0401
57078.4806 1.4880 0.0468
56780.3177 1.2145 0.0610
57105.5696 1.2950 0.0733
53770.6220 1.4823 0.0249
54620.3581 1.5193 0.0435
