57520.3233 1.2034 0.0299
57508.4194 1.2642 0.0252
56780.3219 1.1285 0.0366
56781.3638 1.2067 0.0406
56778.3116 1.1124 0.0356
52814.3124 1.1944 0.0083
56783.3594 1.2403 0.0425
56744.5358 1.1218 0.0421
56772.5585 1.1942 0.0468
56723.5097 1.0507 0.0404
56831.3363 1.1088 0.0357
57213.3079 1.1996 0.0293
57479.5663 1.1767 0.0364
56776.4795 1.1229 0.0389
56839.3341 0.9824 0.0419
56751.3634 1.0636 0.0396
56805.4306 1.1363 0.0392
57542.3791 1.0211 0.0288
57420.5761 1.0909 0.0363
56809.4772 1.1734 0.0448
56837.3417 1.0897 0.0381
57433.5460 0.9521 0.0285
57160.5054 1.2105 0.0360
56715.5711 1.1068 0.0352
57191.4517 1.2687 0.0351
57220.2845 1.1716 0.0337
57157.4650 1.2137 0.0365
56807.3096 1.0749 0.0399
56811.4533 1.0646 0.0365
56841.3393 1.1861 0.0427
56833.3483 1.1071 0.0386
57216.2975 1.2225 0.0320
57123.5697 1.1610 0.0545
56801.3702 1.1392 0.0446
57078.4676 1.1703 0.0344
56835.3393 1.1269 0.0397
57492.5659 1.1571 0.0369
56722.4674 1.0947 0.0522
57185.4833 1.0825 0.0535
57223.3821 1.2152 0.0472
56798.4412 1.0582 0.0533
56712.4987 0.9937 0.0542
56803.4894 1.0681 0.0483
57134.4895 1.2116 0.0544
57547.4116 1.1940 0.0433
57105.5725 1.1315 0.0738
56741.6304 0.9309 0.0648
57104.5182 1.2776 0.0494
57166.3502 1.1481 0.0638
