57479.5240 5.0414 0.0243
56715.4984 4.5535 0.0340
57420.5453 4.8976 0.0324
56803.4112 4.3845 0.0354
56743.5101 4.3701 0.0346
56741.5899 4.3085 0.0495
57567.2896 5.1843 0.0319
56723.4803 4.5248 0.0367
56781.3397 3.8733 0.0440
56809.4460 4.3130 0.0368
56721.5901 4.5343 0.0407
56798.4117 4.2200 0.0327
56778.2875 3.8315 0.0383
56805.4000 4.3501 0.0343
56837.3096 4.3224 0.0347
57520.3008 5.1330 0.0437
57542.3509 4.9951 0.0294
56776.4499 3.9689 0.0352
57460.4734 5.2156 0.0323
56833.3155 4.1730 0.0334
57508.3994 5.2024 0.0311
56780.2967 3.8816 0.0408
56835.3093 4.2438 0.0330
56831.3066 4.0734 0.0331
56744.5344 4.3139 0.0360
56751.3336 4.1070 0.0414
56811.4234 4.2037 0.0328
56783.3308 3.8146 0.0445
56841.3074 4.4644 0.0410
57492.5332 5.0382 0.0345
56801.3352 4.3177 0.0378
56839.3033 4.4483 0.0369
57459.5373 5.2606 0.0329
56772.5257 3.8764 0.0425
56807.2799 4.5196 0.0369
56712.4708 4.5709 0.0403
57433.5183 5.1338 0.0318
57216.2664 4.3431 0.0358
57160.3564 4.2656 0.0334
56829.3208 4.0523 0.0477
56800.5027 4.2328 0.0676
57213.2777 4.3810 0.0330
57194.3999 4.3415 0.0358
57133.4106 4.0637 0.0336
57220.2508 4.3578 0.0859
57223.3531 4.5213 0.0364
57157.4336 4.2277 0.0371
56722.4392 4.4950 0.0471
57547.3854 4.9281 0.0324
57419.5251 4.6462 0.0635
57191.4184 4.3266 0.0465
52814.3170 4.1997 0.0123
57104.4484 3.8473 0.0484
57078.4523 3.5892 0.0498
57156.4565 4.1742 0.0614
57123.5278 4.0135 0.0883
57134.4666 4.1332 0.0592
56711.5225 4.6764 0.0822
57155.3464 4.0484 0.2301
57195.3988 4.3680 0.0573
57185.4502 4.0539 0.0584
57166.3176 4.2676 0.0971
57105.5577 3.8075 0.0775
