57479.5299 10.5631 0.0251
57420.5509 10.3381 0.0367
57567.2929 10.4887 0.0296
57520.3068 10.3884 0.0354
57542.3559 10.3132 0.0282
57508.4047 10.2166 0.0289
57492.5392 10.4441 0.0320
57547.3912 10.3412 0.0299
57459.5405 10.7413 0.0345
57433.5243 11.1322 0.0298
56743.5383 8.5407 0.0471
57460.4734 10.7378 0.0402
56741.6094 8.4656 0.0632
53496.3516 11.0169 0.0107
57220.2632 13.8936 0.1183
56744.5188 8.8269 0.0498
56780.3104 9.2516 0.0552
56833.3288 10.2971 0.0503
56778.3007 9.1749 0.0512
56837.3245 10.3610 0.0517
56803.4668 9.6722 0.0565
56776.4632 9.2544 0.0506
57191.4328 10.5804 0.0459
56831.3199 10.2564 0.0491
57216.2792 10.8914 0.0464
57223.3660 10.9179 0.0465
56841.3211 10.1591 0.0565
56722.4512 8.1764 0.0480
56807.2931 9.7828 0.0542
56723.4935 8.0379 0.0529
56805.4134 9.7887 0.0526
57185.4654 10.3795 0.0485
56781.3529 9.4537 0.0555
56712.4835 7.9960 0.0483
56839.3166 10.0476 0.0534
56801.3488 9.6310 0.0514
56811.4368 10.0934 0.0485
56772.5406 9.1291 0.0593
57194.4128 10.6188 0.0452
56809.4595 9.9859 0.0525
56798.4255 9.6822 0.0474
56783.3458 9.5375 0.0594
56715.5548 8.1461 0.0460
57160.3693 10.1425 0.0416
57213.2908 10.7513 0.0425
56835.3225 10.1856 0.0489
56751.3471 8.9522 0.0529
57157.4471 9.8665 0.0475
57123.5441 10.2075 0.0721
57419.5251 10.5053 0.0719
57104.4669 11.6340 0.0748
57134.4712 16.9114 0.1081
52793.2667 9.1582 0.0339
57133.6028 10.4687 0.0627
57166.3310 10.0770 0.0780
53388.6169 10.9066 0.0265
54620.3631 8.5205 0.0583
57155.3065 91.7152 1.3515
