56743.5383 8.5555 0.0487
53475.5639 8.7498 0.0111
56811.4368 7.4548 0.0466
56807.2931 7.5576 0.0531
57420.5572 8.9654 0.0511
56801.3488 7.6965 0.0502
56741.6134 8.4370 0.0884
57160.3682 9.4839 0.0596
56781.3519 8.2263 0.0782
57542.3624 10.9062 0.0656
57191.4316 10.1442 0.0664
57492.5472 10.4231 0.0672
57547.3961 10.9408 0.0661
56751.3461 8.5478 0.0763
56837.3235 7.0089 0.0685
56772.5395 8.3366 0.0877
57216.2781 9.2725 0.0663
57104.4664 8.8696 0.0568
57157.4460 9.4761 0.0691
56780.3093 7.9445 0.0768
56833.3278 7.2947 0.0664
57220.2657 9.3613 0.0635
57520.3145 10.5898 0.0706
56778.2997 8.3497 0.0732
56776.4622 8.5175 0.0708
57185.4642 9.8276 0.0687
57123.5435 9.1442 0.0805
56715.5538 8.5767 0.0685
56798.4244 7.7307 0.0650
57213.2898 9.4394 0.0594
56783.3448 8.1592 0.0839
57459.5499 8.8114 0.0648
56723.4924 8.3943 0.0754
57223.3649 9.4547 0.0653
56805.4124 7.6773 0.0721
57508.4116 10.6856 0.0657
57194.4118 10.2177 0.0652
56722.4502 8.4282 0.0712
56803.4657 7.7112 0.0782
57433.5294 9.5404 0.0623
57479.5481 9.6256 0.0761
56835.3214 7.2937 0.0654
56839.3155 7.3212 0.0715
57567.2978 10.6941 0.0669
56744.5177 8.7293 0.0721
56831.3189 7.3403 0.0661
56841.3201 7.2143 0.0771
56712.4825 8.4645 0.0713
56809.4585 7.7864 0.0730
57166.3297 9.9576 0.1130
57133.5998 9.5095 0.1200
54620.3631 6.5910 0.0581
53467.5113 8.6484 0.0225
57134.4730 9.1688 0.1013
