57479.5321 1.8352 0.0205
57420.5585 1.6494 0.0237
56715.5136 1.8156 0.0272
56833.3290 1.6399 0.0261
57567.2979 1.6628 0.0244
56839.3135 1.7138 0.0300
57520.3121 1.7497 0.0334
56831.3168 1.6954 0.0263
56841.3180 1.6105 0.0330
56751.3439 1.8601 0.0325
56798.4224 1.7628 0.0268
56723.4904 1.7571 0.0293
56803.4314 1.5836 0.0339
56783.3428 1.7628 0.0384
56837.3210 1.6350 0.0279
56781.3499 1.7530 0.0354
56835.3195 1.6192 0.0262
56776.4602 1.7822 0.0283
56778.2977 1.8212 0.0309
57508.4094 1.7581 0.0236
57542.3605 1.7101 0.0215
56772.5372 1.8010 0.0351
56780.3072 1.7922 0.0327
56744.5282 1.8637 0.0299
57492.5447 1.8457 0.0265
56722.4510 1.6740 0.0305
56712.4823 1.6544 0.0310
57191.4377 1.5772 0.0272
57433.5308 1.7309 0.0235
57216.2803 1.5600 0.0269
56801.3421 1.6173 0.0349
57160.3704 1.5794 0.0244
56807.2867 1.7680 0.0334
57223.3671 1.6217 0.0272
57134.4815 1.6610 0.0327
56809.4532 1.6760 0.0339
56743.5145 1.8950 0.0372
56811.4303 1.6202 0.0301
56805.4071 1.6457 0.0321
56741.5921 1.9000 0.0438
57547.3980 1.6263 0.0242
57157.4481 1.6442 0.0289
57213.2899 1.5970 0.0273
52814.3124 1.1713 0.0081
57123.5513 1.5650 0.0482
57104.4757 1.6485 0.0367
57459.5364 1.8316 0.0343
57185.4629 1.5873 0.0332
56721.5890 2.0609 0.0474
57220.2754 1.4682 0.0342
56829.3208 1.6557 0.0433
57460.4724 1.7093 0.0308
57156.4565 1.6948 0.0561
57166.3406 1.6940 0.0630
56711.5225 1.8450 0.0766
57105.5637 1.6442 0.0514
57194.3988 1.6254 0.0441
57133.4091 1.6851 0.0383
57078.4806 1.6879 0.0480
57195.3983 1.5134 0.0697
57419.5246 1.6564 0.0880
56800.5125 1.7867 0.1289
53770.6220 1.7746 0.0249
54620.3581 1.7104 0.0448
