57420.5582 2.6119 0.0286
56743.5383 2.2480 0.0387
56741.6094 2.4940 0.0565
53496.3516 2.2478 0.0077
56744.5188 2.4903 0.0394
56780.3104 2.5140 0.0451
56833.3288 2.7507 0.0382
56807.2931 2.8241 0.0420
57479.5491 2.6197 0.0395
56712.4835 2.3635 0.0391
56778.3007 2.4975 0.0405
56837.3245 2.8087 0.0399
57220.2668 2.7371 0.0339
57567.2988 2.5775 0.0324
56776.4632 2.5424 0.0397
57191.4328 2.8285 0.0352
56831.3199 2.8589 0.0371
57216.2792 2.7105 0.0338
56839.3166 2.7866 0.0420
57223.3660 2.7185 0.0347
56841.3211 2.8405 0.0467
57194.4128 2.7144 0.0339
56722.4512 2.2704 0.0380
57542.3634 2.6530 0.0325
56723.4935 2.4372 0.0435
56805.4134 3.1910 0.0420
57508.4126 2.4968 0.0324
57185.4654 2.6398 0.0386
56781.3529 2.4556 0.0452
57433.5303 2.5948 0.0306
56801.3488 2.8114 0.0404
57492.5483 2.6336 0.0379
57520.3156 2.6783 0.0404
56811.4368 2.7311 0.0369
56772.5406 2.5071 0.0503
56809.4595 2.7399 0.0409
56803.4668 2.8132 0.0462
56798.4255 2.6706 0.0364
56783.3458 2.5896 0.0503
56715.5548 2.3626 0.0362
57160.3693 2.7128 0.0308
57547.3970 2.7525 0.0321
57213.2908 2.7980 0.0311
56835.3225 2.8103 0.0370
56751.3471 2.4879 0.0429
57157.4471 2.6765 0.0375
57123.5441 2.5906 0.0633
57104.4669 2.9889 0.0591
52793.2667 2.5884 0.0279
57133.6028 2.7300 0.0507
53388.6201 2.1746 0.0144
57459.5499 2.6569 0.0484
57134.4738 2.8088 0.0568
57166.3310 2.8096 0.0645
54620.3631 2.1050 0.0417
