57420.5648 1.9831 0.0283
52814.3124 2.3881 0.0086
57191.4456 1.8196 0.0324
56833.3407 1.9128 0.0358
57134.4846 1.8708 0.0358
56839.3248 1.7372 0.0419
56751.3553 1.7091 0.0418
56831.3281 1.8104 0.0365
56783.3558 1.8314 0.0546
57520.3246 2.1814 0.0378
56805.4223 1.7382 0.0413
56723.5016 1.5662 0.0399
57479.5576 2.0676 0.0373
57123.5575 1.8919 0.0525
57542.3711 2.2220 0.0303
57160.3779 1.8875 0.0302
57157.4560 1.8483 0.0365
56776.4714 1.6600 0.0386
56798.4341 1.8340 0.0373
56835.3306 1.7230 0.0370
56803.4771 1.6944 0.0488
56837.3334 1.8757 0.0396
57492.5572 1.9357 0.0352
56809.4686 1.8111 0.0420
56741.6140 1.5911 0.0567
57216.2878 1.8589 0.0332
56778.3088 1.8867 0.0417
56801.3570 1.7558 0.0405
56780.3187 1.8142 0.0431
56744.5276 1.7016 0.0413
57433.5379 2.0333 0.0298
57223.3746 1.8071 0.0337
56715.5630 1.6766 0.0365
56781.3610 1.8570 0.0467
57220.2754 1.7512 0.0337
56811.4451 1.8277 0.0375
56722.4603 1.5202 0.0380
57508.4204 2.1093 0.0331
56807.3013 1.8421 0.0375
56841.3295 1.8332 0.0456
57567.3072 2.2069 0.0352
56712.4916 1.5470 0.0392
57547.4049 2.2715 0.0314
56772.5497 1.8001 0.0472
57213.2988 1.8194 0.0365
57104.4873 1.8484 0.0413
57166.3406 1.9579 0.0621
57185.4755 1.7552 0.0403
57105.5696 2.0340 0.0749
57078.4801 1.9925 0.0542
53770.6220 1.5312 0.0240
54620.3581 2.0019 0.0427
