53847.5729 1.5860 0.0248
53911.3288 1.5870 0.0169
53851.4182 1.5762 0.0145
53462.4930 1.6158 0.0238
52730.5552 1.4944 0.0331
53853.4352 1.5613 0.0146
53586.2942 1.7029 0.0103
53524.3013 1.6560 0.0087
54186.5147 1.9513 0.0161
52698.6084 1.5017 0.0098
54531.5740 2.0297 0.0081
57420.5763 2.6719 0.0301
53466.6127 1.5694 0.0099
53583.3046 1.6904 0.0105
52710.6183 1.5342 0.0130
53799.4817 1.5714 0.0158
52817.2960 1.3820 0.0213
54209.4929 2.0544 0.0100
54624.3824 2.1105 0.0101
54262.4012 2.1440 0.0118
53505.3888 1.6723 0.0165
56801.3688 2.8039 0.0416
53769.6082 1.5812 0.0096
54561.4254 2.1860 0.0103
53146.4901 1.4134 0.0111
54535.5077 2.1935 0.0100
54151.6503 1.9134 0.0118
54153.5968 1.9108 0.0110
54229.4787 2.0847 0.0188
54213.5722 2.0497 0.0134
54524.5266 2.2265 0.0172
53553.4142 1.4683 0.0109
54144.5888 1.9370 0.0111
53578.3431 1.7001 0.0150
53411.6236 1.5098 0.0100
54511.5807 2.1702 0.0088
54614.3924 2.1161 0.0113
53936.3074 1.6551 0.0110
54255.3352 2.1790 0.0164
54621.4059 2.1210 0.0106
54266.2923 2.1306 0.0110
54557.5455 2.1554 0.0110
54234.4877 2.0169 0.0107
53859.3669 1.5529 0.0148
53473.5879 1.5055 0.0123
53121.5132 1.3958 0.0103
54591.3863 2.1545 0.0102
54179.5219 1.9471 0.0106
54563.4941 2.1874 0.0116
52813.3474 1.3463 0.0131
54117.6461 1.9383 0.0098
54588.5522 2.1726 0.0148
53175.3845 1.4417 0.0103
53883.3893 1.5518 0.0115
53200.2667 1.5005 0.0109
53109.5778 1.3906 0.0152
54183.5063 1.9683 0.0114
53551.3290 1.6448 0.0104
53939.3067 1.4615 0.0110
53875.3594 1.5254 0.0101
56833.3478 2.7328 0.0402
52792.4193 1.3508 0.0182
53446.5324 1.5701 0.0104
53943.3027 1.5211 0.0110
54259.3128 2.1219 0.0101
53138.4614 1.4248 0.0113
53469.5188 1.4949 0.0107
53178.3751 1.4339 0.0102
53149.3330 1.4220 0.0105
53906.3684 1.4323 0.0125
52722.5967 1.5240 0.0230
53390.6489 1.4620 0.0109
53531.3615 1.6627 0.0108
53916.3248 1.5083 0.0140
53117.4850 1.3934 0.0101
53766.6170 1.5822 0.0100
53495.4394 1.6501 0.0111
53083.6071 1.3738 0.0111
52815.2953 1.3757 0.0077
54176.5642 1.9474 0.0108
54124.6309 1.9302 0.0102
54205.4858 2.0134 0.0122
54594.4526 2.1577 0.0104
53165.4100 1.4313 0.0101
54618.4140 2.1069 0.0104
53527.3526 1.4900 0.0103
54570.4300 2.1943 0.0236
53772.6264 1.5680 0.0114
53195.3465 1.4721 0.0103
53743.6336 1.5953 0.0094
53500.3158 1.5638 0.0109
53888.4064 1.5542 0.0121
54538.5772 2.2017 0.0122
54113.6612 1.8212 0.0143
53855.4161 1.5802 0.0107
53502.3879 1.6343 0.0118
54597.4509 2.1561 0.0103
53892.3770 1.5613 0.0216
54120.6630 1.8528 0.0143
54201.4537 1.9947 0.0113
54528.5221 2.2315 0.0093
52791.4573 1.3543 0.0189
56831.3363 2.7294 0.0392
56798.4422 2.7041 0.0419
56723.5097 2.7212 0.0438
56809.4772 2.7488 0.0486
57547.4125 2.6333 0.0330
56741.6278 2.7296 0.0616
54600.4443 2.1769 0.0304
56807.3096 2.8526 0.0439
56776.4795 2.8821 0.0425
57123.5698 2.6702 0.0556
57213.3079 2.7175 0.0322
57223.3832 2.7762 0.0365
56751.3634 2.7478 0.0433
56805.4306 2.8533 0.0431
57433.5460 2.7534 0.0319
56835.3395 2.8538 0.0400
57216.2975 2.7068 0.0350
56744.5358 2.7852 0.0459
56772.5585 2.8502 0.0504
56722.4684 2.6594 0.0406
57492.5660 2.6632 0.0374
57542.3791 2.6552 0.0319
56715.5711 2.7546 0.0385
56712.4997 2.7189 0.0416
57220.2845 2.6996 0.0366
56841.3393 2.7112 0.0461
56839.3341 2.6880 0.0455
57520.3333 2.5686 0.0389
57134.4907 2.6518 0.0396
53518.4479 1.6700 0.0272
57479.5663 2.7686 0.0392
56803.4885 2.6863 0.0542
56837.3417 2.7838 0.0418
53463.5851 1.5888 0.0211
57191.4517 2.6051 0.0376
53879.3083 1.5319 0.0124
57157.4650 2.8226 0.0396
57160.5054 2.7160 0.0387
56811.4533 2.8575 0.0403
53523.4194 1.4799 0.0178
57508.4284 2.7099 0.0342
57166.3513 2.7129 0.0447
52790.3997 1.3223 0.0211
54620.3589 2.0936 0.0269
53563.3393 1.6563 0.0232
57185.4838 2.6550 0.0543
52721.6225 1.6106 0.0369
56781.3681 2.7465 0.0687
56783.3648 2.7466 0.0752
57105.5730 2.7311 0.0569
56780.3265 2.8960 0.0646
57078.4898 2.7413 0.0487
56778.3160 2.7516 0.0630
53890.4800 1.5194 0.0603
53198.3064 1.4414 0.0916
54619.3119 2.2818 0.0606
57104.5182 2.8898 0.0550
