57479.5219 0.9692 0.0252
57420.5425 1.1198 0.0309
56781.3397 1.1221 0.0445
56776.4499 1.1527 0.0341
56778.2875 1.0766 0.0378
56780.2967 1.0770 0.0410
56783.3308 1.1108 0.0459
57520.3008 1.0786 0.0420
57542.3509 1.1357 0.0240
57460.4734 1.0599 0.0267
57508.3994 0.9753 0.0257
56743.5145 1.0681 0.0401
56803.4158 1.0476 0.0417
57459.5373 1.1656 0.0276
56772.5261 1.1198 0.0461
53496.3516 1.1349 0.0072
56837.3086 0.9422 0.0413
56715.5406 1.0415 0.0420
57216.2664 1.3031 0.0319
56723.4793 1.0165 0.0444
56809.4449 1.0046 0.0441
57492.5322 0.9050 0.0385
57567.2845 0.9346 0.0361
56751.3325 1.2191 0.0526
56805.3990 1.0667 0.0410
56829.3208 1.1202 0.0472
56801.3342 1.2148 0.0477
57433.5183 1.1147 0.0257
56811.4224 1.0831 0.0391
57213.2777 1.2262 0.0288
56839.3023 1.1644 0.0454
56833.3145 1.1026 0.0400
56835.3083 1.2189 0.0393
56831.3056 1.1929 0.0398
56744.5289 1.2257 0.0457
56798.4107 2.6299 0.0420
56841.3064 1.1214 0.0516
56722.4387 0.9954 0.0523
56712.4698 1.0783 0.0518
52793.2667 1.0925 0.0268
56807.2794 1.0776 0.0487
57160.3554 0.9694 0.0420
57220.2523 2.0488 0.0895
56721.5891 1.1407 0.0638
57547.3841 0.9392 0.0338
56711.5225 1.0541 0.0828
57191.4179 0.8977 0.0508
57104.4484 1.1768 0.0446
57194.3988 1.0334 0.0465
57157.4324 0.9953 0.0472
57223.3520 0.8927 0.0463
56741.5809 1.2556 0.0841
57133.4091 1.0365 0.0404
57185.4502 0.9180 0.0559
57078.4234 1.0249 0.0520
57166.3176 1.2217 0.0901
53388.6169 1.1140 0.0176
57134.4662 1.0041 0.0784
57156.4557 1.0631 0.0423
57195.3983 1.0300 0.0742
57105.5577 1.0618 0.0729
57419.5273 1.0152 0.0951
57123.5267 1.2866 0.1265
