52730.5746 4.4608 0.0205
53462.4959 4.0143 0.0264
53847.5773 2.9709 0.0253
53851.4210 2.9208 0.0168
53911.3285 3.3029 0.0204
53853.4372 3.1077 0.0176
53586.2942 3.1803 0.0123
57420.5763 4.1430 0.0309
53524.3013 3.7294 0.0108
52710.6200 4.7284 0.0140
54531.5720 3.9963 0.0107
52817.2960 4.2466 0.0260
54186.5136 4.3714 0.0203
53583.3052 3.2293 0.0125
56801.3688 3.7497 0.0420
53466.6126 4.1198 0.0130
53505.3892 3.8649 0.0193
54561.4257 3.8425 0.0126
52813.3474 4.2156 0.0153
54570.4287 4.0209 0.0247
53109.5778 3.8748 0.0168
56833.3478 4.3756 0.0419
52722.5967 4.4806 0.0245
53769.6085 3.4298 0.0120
54209.4932 4.5737 0.0129
53799.4823 3.6430 0.0199
53083.6071 4.0159 0.0130
52792.4193 4.0936 0.0206
54262.4016 4.1583 0.0142
54535.5077 3.9834 0.0128
54151.6503 3.9393 0.0151
54153.5968 3.9654 0.0141
52791.4573 4.1215 0.0211
56831.3363 4.4658 0.0414
54229.4787 4.2880 0.0223
54117.6461 4.0008 0.0128
52721.6238 4.4854 0.0331
56798.4422 3.9991 0.0433
54524.5266 4.0575 0.0203
53553.4142 3.3538 0.0138
54144.5888 3.9751 0.0140
54511.5807 3.9745 0.0113
56723.5097 3.6150 0.0444
56809.4772 3.9080 0.0496
54614.3924 4.4703 0.0145
54255.3352 4.2837 0.0194
54600.4459 4.3508 0.0317
57547.4125 4.7614 0.0361
54621.4059 4.2794 0.0136
56741.6278 3.5123 0.0621
53531.3614 3.6401 0.0138
54266.2923 3.9846 0.0139
56807.3096 3.7617 0.0447
56780.3275 3.6597 0.0462
53772.6264 3.3804 0.0144
54557.5455 3.8345 0.0137
54234.4877 4.2806 0.0139
53859.3669 3.1344 0.0175
56778.3170 3.4679 0.0448
56776.4795 3.5952 0.0428
56781.3691 3.5386 0.0505
57123.5698 4.0058 0.0563
57213.3079 3.5928 0.0329
53121.5132 4.0988 0.0137
54591.3863 4.3282 0.0131
57223.3832 3.7357 0.0370
54179.5219 4.3648 0.0138
53195.3466 4.3544 0.0136
56751.3634 3.5291 0.0437
56805.4306 3.8652 0.0438
52814.3088 4.3452 0.0105
54588.5522 4.2747 0.0180
53175.3845 4.5436 0.0139
53883.3893 3.2733 0.0143
53446.5323 3.6675 0.0134
54624.3808 4.2670 0.0138
57433.5460 4.5342 0.0342
56835.3395 4.5212 0.0419
54183.5063 4.4103 0.0148
53551.3290 3.4189 0.0131
54563.4942 3.8854 0.0145
53875.3594 3.3479 0.0130
53855.4161 3.0805 0.0132
53117.4850 3.9895 0.0134
56744.5358 3.3933 0.0458
56772.5585 3.4964 0.0506
53200.2667 4.4056 0.0143
53943.3027 3.3686 0.0139
54259.3128 4.2607 0.0131
52790.4020 4.2343 0.0386
53138.4614 4.3538 0.0146
53146.4903 4.3243 0.0147
56722.4684 3.6874 0.0417
53469.5188 4.0865 0.0142
53178.3751 4.4521 0.0136
53149.3330 4.6808 0.0140
53906.3684 3.1416 0.0155
57542.3791 4.8761 0.0349
53527.3526 3.6913 0.0133
53916.3248 3.3046 0.0174
53766.6170 3.4328 0.0130
53411.6236 3.5758 0.0129
53495.4394 3.8709 0.0144
56715.5711 3.5571 0.0394
53473.5879 4.0543 0.0156
54176.5642 4.3041 0.0141
54124.6309 3.9882 0.0132
56712.4997 3.4982 0.0421
57220.2845 3.7512 0.0376
54213.5722 4.5557 0.0172
56841.3393 4.2951 0.0476
54205.4858 4.5511 0.0158
54594.4526 4.3373 0.0134
53165.4100 4.6025 0.0135
54618.4140 4.3726 0.0135
53743.6331 3.6197 0.0124
56839.3341 4.2932 0.0472
57520.3333 4.9749 0.0411
57134.4907 3.7162 0.0403
54201.4537 4.6034 0.0148
54528.5221 4.0980 0.0119
53500.3158 3.9046 0.0139
53888.4064 3.5365 0.0151
53518.4479 3.7846 0.0281
54538.5772 3.9899 0.0152
57479.5663 4.5828 0.0406
54113.6612 4.3160 0.0177
56803.4885 3.6945 0.0546
56837.3417 4.4302 0.0436
53939.3067 3.3426 0.0139
53502.3879 3.9327 0.0149
53390.6489 4.0556 0.0142
57492.5660 5.7332 0.0410
57191.4517 3.3054 0.0378
54597.4509 4.2805 0.0134
53892.3770 3.4857 0.0250
54120.6630 3.8700 0.0178
53879.3083 3.3101 0.0139
57216.2975 3.6449 0.0358
57157.4650 3.8148 0.0401
57160.5054 3.7352 0.0394
56811.4533 3.9525 0.0413
57508.4284 4.5738 0.0364
56783.3659 3.7476 0.0538
53523.4186 3.6925 0.0222
57166.3513 3.6328 0.0453
53936.3085 3.2700 0.0158
54620.3589 4.3342 0.0308
57185.4838 3.4133 0.0546
53463.5877 4.0483 0.0258
53578.3442 3.4701 0.0207
57105.5730 3.8580 0.0583
57078.4898 3.9012 0.0503
53890.4800 3.4346 0.0693
53198.3064 4.3486 0.0955
54619.3119 4.4804 0.0700
52815.3110 4.3839 0.0201
57104.5182 4.1600 0.0577
53563.3360 3.4925 0.0386
