56743.5064 2.0689 0.0286
57420.5495 2.2024 0.0300
53475.5639 2.6042 0.0087
57567.2958 2.0494 0.0356
56781.3448 2.2691 0.0497
57508.4044 1.9281 0.0331
56776.4550 2.1400 0.0419
56780.3019 2.2616 0.0474
56803.4007 2.5626 0.0469
56831.3117 2.4454 0.0378
56778.2926 2.2656 0.0442
56835.3144 2.4799 0.0377
57542.3556 1.8707 0.0310
57547.3894 1.9024 0.0312
56723.4853 2.3131 0.0418
56741.5892 1.9459 0.0581
56805.4052 2.5115 0.0409
57433.5227 2.1928 0.0305
56839.3084 2.5364 0.0431
57459.5423 1.9781 0.0339
57160.3607 2.9010 0.0324
56712.4754 2.4652 0.0428
57133.4154 2.6111 0.0345
57194.4042 3.0517 0.0350
56715.5467 2.3520 0.0401
57157.4382 2.8620 0.0390
56744.5487 2.0744 0.0447
56841.3128 2.5714 0.0476
57216.2706 3.0686 0.0347
57223.3574 3.1687 0.0359
56751.3388 2.0915 0.0466
56837.3164 2.6434 0.0403
56833.3206 2.5155 0.0388
57479.5414 1.8837 0.0366
57213.2820 3.1236 0.0319
56722.4431 2.1536 0.0414
57078.4375 2.8199 0.0431
57220.2575 3.0437 0.0409
56772.5313 2.1102 0.0490
56801.3407 2.4855 0.0431
57520.3067 1.8842 0.0389
56809.4513 2.5463 0.0418
56783.3361 2.2879 0.0525
56798.4174 2.3788 0.0375
56807.2850 2.3615 0.0398
56811.4286 2.5819 0.0376
57185.4561 3.0173 0.0484
57492.5382 2.0439 0.0451
57191.4231 3.0113 0.0445
57460.4772 2.2178 0.0836
57195.4008 3.1724 0.0556
57166.3209 2.7322 0.0713
57123.5324 3.0382 0.0728
57105.5603 2.7109 0.0545
53884.4341 1.8612 0.0116
57134.4685 3.3184 0.0630
56721.5940 1.9647 0.1140
57419.5304 2.2957 0.1076
57104.4590 2.9228 0.0687
53467.5113 2.7082 0.0169
54620.3656 2.3705 0.0447
53770.6182 2.1887 0.0237
