53847.5738 4.6830 0.0437
53911.3288 4.8539 0.0182
53851.4182 4.7432 0.0157
53462.4888 5.5895 0.0311
53524.3013 5.5560 0.0104
53853.4397 4.7293 0.0172
54186.5147 4.9157 0.0171
52698.6084 5.8599 0.0119
52730.5578 5.8923 0.0474
53586.2934 5.2214 0.0133
53466.6127 5.5088 0.0118
54531.5685 4.5657 0.0101
52710.6200 5.9399 0.0143
54570.4284 5.1551 0.0228
53799.4817 4.7737 0.0178
52817.2960 6.1911 0.0259
54209.4929 4.1088 0.0113
53505.3888 5.4995 0.0180
53769.6082 4.1061 0.0113
53146.4901 5.0585 0.0133
54535.5077 4.3736 0.0115
54213.5722 4.7661 0.0151
54117.6461 5.4199 0.0121
54524.5266 4.9675 0.0184
53553.4142 5.3285 0.0134
54511.5807 4.8794 0.0106
54614.3924 5.4047 0.0134
53936.3074 5.0443 0.0133
54600.4459 5.2349 0.0284
53200.2667 5.1735 0.0131
54621.4059 5.4249 0.0128
54557.5455 5.0481 0.0128
54234.4877 5.0430 0.0127
53859.3669 4.8032 0.0163
53473.5879 5.3278 0.0145
54624.3821 5.3414 0.0133
54591.3863 5.0595 0.0120
54179.5219 4.3253 0.0122
54563.4941 5.0730 0.0133
54262.4009 4.9643 0.0146
54588.5522 4.9986 0.0164
53883.3893 4.8403 0.0136
54183.5063 4.9143 0.0133
53551.3290 5.4577 0.0127
53939.3067 5.0334 0.0133
53875.3594 4.8858 0.0124
52792.4193 6.0671 0.0214
54201.4537 4.1339 0.0127
53446.5324 5.5467 0.0129
53943.3027 5.1040 0.0135
53138.4614 5.0998 0.0135
53109.5778 5.0356 0.0172
53469.5188 5.5684 0.0133
53178.3751 4.8782 0.0124
53906.3684 4.8618 0.0149
52722.5967 5.3580 0.0246
53390.6489 5.8886 0.0136
53531.3615 5.4811 0.0132
53916.3248 4.8972 0.0161
53766.6170 3.9707 0.0118
53495.4394 5.4058 0.0134
53083.6071 5.0950 0.0134
52815.2953 5.9825 0.0096
54176.5642 4.9708 0.0128
54124.6309 5.4512 0.0125
54561.4251 5.0294 0.0132
53583.3033 5.2491 0.0146
54205.4858 4.8264 0.0140
54594.4526 5.0666 0.0123
53165.4100 4.3800 0.0120
54618.4140 4.9916 0.0122
53527.3526 5.5886 0.0128
53195.3465 5.1085 0.0126
53743.6336 4.9083 0.0117
54229.4787 4.9927 0.0200
53500.3158 5.4511 0.0131
53518.4479 5.5277 0.0254
54538.5772 5.0193 0.0141
54113.6612 5.4455 0.0159
53855.4161 4.7491 0.0128
53502.3879 5.4195 0.0139
52813.3474 6.1874 0.0164
54597.4509 5.0842 0.0122
53892.3770 4.8724 0.0228
54120.6630 5.4729 0.0162
53879.3083 4.8435 0.0134
53888.4064 4.8340 0.0141
54255.3352 5.1524 0.0176
52791.4573 6.0198 0.0221
54266.2915 4.9941 0.0143
53121.5124 5.1323 0.0141
53175.3837 5.0266 0.0141
53149.3322 5.1678 0.0140
57420.5463 4.7431 0.0497
53772.6256 4.7080 0.0153
53411.6227 5.6473 0.0142
53117.4842 5.1535 0.0139
54528.5213 4.9742 0.0123
54151.6495 5.0997 0.0154
54153.5960 5.0638 0.0148
53463.5851 5.4285 0.0233
54259.3121 5.0415 0.0134
54144.5880 5.2408 0.0147
53578.3423 5.2754 0.0193
53523.4194 5.5352 0.0205
54620.3589 5.4475 0.0322
53563.3393 5.2146 0.0257
52721.6225 5.8893 0.0389
57433.5198 4.9960 0.0529
56776.4519 6.8368 0.0693
56751.3357 3.7330 0.0716
56783.3329 6.5739 0.0801
57459.5392 2.9994 0.0521
57216.2674 4.8393 0.0533
57492.5351 1.2812 0.0486
57542.3528 4.9389 0.0532
57220.2523 6.5510 0.0926
56712.4724 3.4346 0.0621
57160.3575 5.7794 0.0533
56778.2895 6.5630 0.0726
52790.4044 6.3234 0.3186
56772.5279 6.7320 0.0746
57223.3541 5.8510 0.0567
56780.2988 6.6345 0.0755
57460.4752 5.5031 0.0657
56781.3417 6.6830 0.0806
57213.2788 5.6800 0.0516
53890.4800 4.6690 0.0699
57078.4234 5.9346 0.0579
56722.4406 4.8031 0.1019
53198.3064 5.0608 0.0973
54619.3119 5.4933 0.0703
57104.4558 6.1340 0.0581
57166.3176 6.6176 0.1068
57479.5162 2.6519 0.0851
57419.5273 4.6533 0.1051
