57420.5648 4.5931 0.0312
57191.4456 3.8429 0.0354
53496.3516 1.4607 0.0073
56833.3407 2.7958 0.0374
57134.4846 3.6858 0.0384
56839.3248 2.8297 0.0443
56751.3553 2.7230 0.0440
56831.3281 2.9024 0.0388
56783.3558 2.7162 0.0568
57520.3246 4.6020 0.0416
56805.4223 2.8496 0.0437
56723.5016 3.0132 0.0428
57157.4560 3.6975 0.0394
57123.5575 3.6350 0.0546
57542.3711 4.3922 0.0349
57160.3779 3.5950 0.0330
57479.5576 4.6202 0.0413
56776.4714 2.6469 0.0407
56798.4341 2.9676 0.0396
56835.3306 2.9060 0.0394
56803.4771 2.9568 0.0515
56837.3334 2.8737 0.0418
57492.5572 4.6345 0.0406
56809.4686 2.9670 0.0444
56741.6140 2.8343 0.0597
57216.2878 3.8239 0.0365
56778.3088 2.9345 0.0439
56801.3570 2.7968 0.0428
56780.3187 2.7847 0.0453
56744.5276 2.7259 0.0435
57433.5379 4.9680 0.0357
57223.3746 4.0339 0.0373
56715.5630 3.1958 0.0394
56781.3610 2.6940 0.0487
57220.2754 3.9003 0.0373
56811.4451 2.8715 0.0397
56722.4603 3.1687 0.0412
57508.4204 4.5457 0.0380
56807.3013 2.8658 0.0396
56841.3295 2.9384 0.0481
57567.3072 4.2855 0.0399
56712.4916 3.0555 0.0422
57547.4049 4.3201 0.0359
56772.5497 2.8016 0.0494
57213.2988 3.9598 0.0407
52793.2667 3.4199 0.0288
57104.4873 3.7572 0.0451
53388.6201 1.5163 0.0136
57166.3406 3.6909 0.0662
57185.4755 3.9338 0.0442
57078.4806 4.1271 0.0519
57105.5696 3.9611 0.0819
53770.6220 1.6972 0.0248
54620.3581 2.4779 0.0449
