57479.5295 7.0945 0.0268
57508.4081 7.2235 0.0341
57492.5438 6.8495 0.0380
57542.3599 7.2373 0.0326
57420.5595 7.1314 0.0382
57520.3128 7.2700 0.0482
57567.2904 6.8588 0.0424
57220.2674 14.9451 0.2435
56776.4795 4.6476 0.0447
56772.5585 4.9110 0.0524
56781.3691 4.2712 0.0517
57547.3988 7.2234 0.0366
56798.4422 4.5208 0.0442
57459.5364 7.2072 0.0451
56780.3275 4.4054 0.0474
57460.4724 7.2380 0.0418
56778.3170 4.4699 0.0467
57433.5322 7.3527 0.0354
56783.3659 4.3836 0.0543
52814.3193 5.0470 0.0126
57216.2995 5.4149 0.0564
57078.4898 5.0627 0.0536
57160.5065 4.7291 0.0569
56741.6293 4.2343 0.0867
56744.5368 4.1834 0.0666
56751.3644 4.2467 0.0629
57223.3843 5.7413 0.0573
57166.3518 4.8477 0.0601
57157.4661 4.6891 0.0593
56803.4873 4.5281 0.0774
57213.3090 5.5704 0.0514
57419.5246 7.0239 0.1003
57105.5735 0.8157 0.0734
54620.3618 2.9470 0.0452
