52730.5705 2.0834 0.0235
53847.5730 3.0347 0.0268
53911.3302 2.8096 0.0176
53851.4182 2.9466 0.0150
53462.4929 2.2867 0.0344
53853.4352 2.9026 0.0151
53524.3013 1.9429 0.0089
54186.5147 2.8392 0.0164
52698.6084 1.9244 0.0100
53586.2950 1.7999 0.0116
57420.5763 3.8676 0.0313
54531.5740 2.6798 0.0085
53466.6138 1.8175 0.0108
52710.6200 1.9523 0.0122
54570.4284 3.0875 0.0222
52817.2960 1.8319 0.0215
54209.4929 2.9139 0.0106
54624.3824 3.1693 0.0108
53583.3057 1.8047 0.0115
53505.3888 2.0603 0.0166
56801.3688 1.8882 0.0403
53769.6082 2.7741 0.0104
54151.6503 3.1858 0.0127
54117.6461 3.3485 0.0108
54213.5722 2.7352 0.0138
54524.5266 2.6182 0.0174
53411.6236 1.6491 0.0101
54511.5807 2.6144 0.0091
54614.3924 3.0588 0.0120
53936.3074 2.9070 0.0119
54255.3352 2.9069 0.0167
54621.4059 3.1273 0.0113
54557.5455 2.9402 0.0115
54591.3863 3.0166 0.0107
52813.3474 1.9108 0.0135
53109.5778 1.7619 0.0154
54588.5522 2.9784 0.0153
54262.4022 2.9608 0.0134
53799.4830 3.2406 0.0195
53551.3290 1.8766 0.0105
56833.3478 2.2494 0.0393
52792.4193 1.8926 0.0186
54535.5077 2.7147 0.0104
53138.4614 1.8626 0.0116
52722.5967 1.9894 0.0232
53531.3615 1.9023 0.0110
53766.6170 2.6732 0.0108
53083.6071 1.8074 0.0114
54528.5221 2.6963 0.0096
52815.2953 1.8976 0.0079
54594.4526 2.9793 0.0110
54176.5642 2.5037 0.0112
54124.6309 3.3943 0.0112
54205.4858 2.8356 0.0128
54618.4140 3.0413 0.0111
53772.6264 2.8092 0.0123
53195.3465 1.7259 0.0105
54538.5772 2.7100 0.0126
54113.6612 3.3341 0.0150
54597.4509 2.9941 0.0109
54120.6630 3.3835 0.0151
53518.4487 1.9216 0.0272
53888.4072 2.8435 0.0143
52791.4573 1.8901 0.0193
53553.4150 1.8309 0.0125
56831.3363 2.2422 0.0383
52721.6238 1.9254 0.0315
54179.5203 2.9146 0.0127
53502.3887 1.9834 0.0135
56723.5097 1.6325 0.0418
54144.5896 3.1970 0.0133
56809.4772 1.9564 0.0473
54561.4246 2.9448 0.0131
57547.4125 3.5473 0.0348
53743.6353 2.4194 0.0112
53892.3778 2.8441 0.0247
53469.5196 1.8398 0.0123
57213.3079 3.3576 0.0334
56807.3096 1.9157 0.0420
56780.3275 1.8335 0.0441
53855.4169 2.8723 0.0130
56776.4795 1.8507 0.0407
54153.5976 3.1062 0.0132
56781.3691 1.7968 0.0487
57123.5698 3.4620 0.0564
57223.3832 3.2384 0.0372
56751.3634 1.7862 0.0416
56805.4306 2.0640 0.0417
53165.4108 1.8492 0.0117
56798.4422 1.8721 0.0405
57433.5460 3.7578 0.0339
56835.3395 2.2803 0.0388
53117.4860 1.7382 0.0116
53473.5887 1.8526 0.0140
56778.3170 1.8340 0.0429
53175.3853 1.7859 0.0118
53883.3901 2.8265 0.0137
57216.2975 3.3794 0.0363
56744.5358 1.7907 0.0442
56772.5585 1.7679 0.0489
53121.5140 1.7503 0.0117
53943.3035 3.2910 0.0137
52790.4020 1.9259 0.0384
54563.4950 2.9451 0.0132
56722.4684 1.6354 0.0388
53875.3602 2.7633 0.0124
57542.3791 3.5545 0.0336
54183.5071 2.8731 0.0135
53500.3166 1.9842 0.0124
53879.3092 2.8126 0.0135
53149.3338 1.8602 0.0120
53446.5332 1.8350 0.0118
54259.3136 2.8886 0.0119
56715.5711 1.5679 0.0363
56712.4997 1.6086 0.0396
53178.3759 1.8065 0.0118
53906.3692 2.8225 0.0148
57220.2845 3.2041 0.0376
53390.6497 1.5631 0.0124
56841.3393 2.2760 0.0454
53200.2675 1.6803 0.0123
53495.4402 1.9287 0.0124
56839.3341 2.3400 0.0449
54266.2931 2.9408 0.0128
57520.3333 3.3153 0.0400
54201.4521 2.8297 0.0133
53578.3439 1.7758 0.0167
54234.4885 2.9921 0.0128
53859.3678 2.8354 0.0172
53916.3256 2.9164 0.0168
57479.5663 3.4944 0.0402
53527.3534 1.8780 0.0118
56803.4885 1.8702 0.0530
56837.3417 2.2799 0.0410
53463.5851 1.5607 0.0211
53939.3075 3.2688 0.0136
57492.5660 3.4287 0.0387
57191.4517 3.3517 0.0388
54229.4794 2.9920 0.0213
57157.4650 3.3380 0.0403
57160.5054 3.3304 0.0397
56811.4533 2.0395 0.0387
57508.4284 3.3401 0.0353
56783.3659 1.7739 0.0519
57166.3513 3.3385 0.0457
56741.6287 1.7771 0.0623
53563.3393 1.7695 0.0233
57185.4838 3.2321 0.0552
54620.3589 3.1890 0.0288
53146.4888 1.8280 0.0146
57134.4901 3.4469 0.0509
53523.4201 1.8608 0.0214
57105.5730 3.5810 0.0591
54600.4443 3.2814 0.0426
57078.4898 3.4225 0.0505
53890.4800 2.9327 0.0648
53198.3064 1.7458 0.0922
54619.3119 2.9671 0.0628
57104.5182 3.4155 0.0566
