56743.5060 2.7413 0.0316
57492.5343 1.8840 0.0269
57542.3518 1.7573 0.0216
57420.5474 2.1874 0.0310
57157.4348 2.3446 0.0296
57160.3575 2.3574 0.0260
57213.2787 2.2995 0.0252
57433.5194 2.3028 0.0240
57547.3864 1.7699 0.0238
57133.4118 2.2545 0.0270
57223.3542 2.2099 0.0281
56741.5964 2.7713 0.0593
57479.5346 1.9764 0.0354
56776.4530 2.4717 0.0429
56835.3123 2.5107 0.0379
56811.4265 2.4785 0.0375
57508.4023 1.8543 0.0327
57220.2542 2.3200 0.0531
57459.5402 2.0439 0.0346
56781.3428 2.4128 0.0509
56805.4031 2.5184 0.0403
56837.3135 2.4800 0.0402
56751.3367 2.6117 0.0481
57520.3044 1.8018 0.0386
56803.3985 2.5402 0.0455
56723.4833 2.7805 0.0424
56798.4150 2.5934 0.0381
56712.4734 2.8117 0.0429
56807.2829 2.4324 0.0399
56831.3096 2.5402 0.0384
56833.3186 2.4758 0.0387
56780.2998 2.5100 0.0483
56783.3339 2.5588 0.0528
56778.2905 2.5544 0.0453
56744.5465 2.7573 0.0422
56809.4492 2.4259 0.0422
56715.5446 2.8149 0.0410
56841.3106 2.5680 0.0475
57194.4021 2.4024 0.0341
56772.5290 2.5599 0.0494
57567.2950 1.7810 0.0371
57216.2685 2.1809 0.0335
56801.3385 2.5073 0.0432
57134.4671 2.1924 0.0487
57460.4757 2.1578 0.0501
57191.4215 2.4093 0.0446
57419.5251 2.2681 0.0623
56721.5929 2.6751 0.0590
57123.5313 2.2019 0.0635
56722.4415 2.8368 0.0492
57105.5588 2.1925 0.0531
56839.3052 2.5097 0.0603
57104.4484 2.0881 0.0461
57166.3187 2.3648 0.0661
57078.4252 2.1129 0.0362
53883.4566 1.7340 0.0113
57195.3998 2.4364 0.0547
53884.4341 1.8362 0.0119
57185.4541 2.4424 0.0941
53475.5607 1.5612 0.0265
54620.3656 1.0731 0.0408
53770.6182 1.2248 0.0215
