57420.5763 1.8574 0.0288
52814.3124 1.3534 0.0084
56833.3478 1.2236 0.0371
56744.5358 1.7682 0.0432
56776.4795 1.5740 0.0396
56772.5585 1.6402 0.0474
56723.5097 1.7926 0.0417
56781.3691 1.3074 0.0469
57123.5698 1.5260 0.0530
56831.3363 1.3393 0.0361
57213.3079 1.9940 0.0307
57223.3832 1.8175 0.0344
57134.4907 1.5913 0.0378
56798.4422 1.2297 0.0387
56722.4684 1.7228 0.0385
56839.3341 1.2254 0.0423
56837.3417 1.1519 0.0382
56751.3634 1.7582 0.0408
56805.4306 1.2750 0.0394
57520.3333 1.8694 0.0374
57542.3791 2.1709 0.0311
56809.4772 1.2044 0.0449
57479.5663 1.8203 0.0373
56801.3691 1.2871 0.0420
57433.5460 1.9127 0.0305
56835.3395 1.3202 0.0365
57547.4125 2.2188 0.0324
57492.5660 1.6857 0.0356
56715.5711 1.8498 0.0366
57191.4517 1.7256 0.0358
56712.4997 1.8499 0.0397
56778.3170 1.5000 0.0418
57220.2845 1.8462 0.0349
57157.4650 1.4527 0.0369
56807.3096 1.2479 0.0402
57160.5054 1.5253 0.0364
56780.3275 1.4019 0.0425
56811.4533 1.2291 0.0368
56841.3393 1.2745 0.0428
57508.4284 1.7540 0.0325
57216.2975 1.9160 0.0333
56783.3659 1.3903 0.0498
57185.4838 1.6573 0.0521
56803.4884 1.1673 0.0504
56741.6287 1.7034 0.0602
57166.3513 1.6119 0.0420
57078.4898 1.6942 0.0463
57105.5730 1.7969 0.0542
57104.5182 1.6760 0.0507
