52730.5757 2.8440 0.0294
53911.3273 2.5154 0.0204
53853.4445 2.6661 0.0175
53847.5828 2.4118 0.0297
53462.4881 2.5541 0.0301
53524.3029 2.6320 0.0104
57420.5763 2.9875 0.0298
53851.4165 2.3991 0.0219
53586.2963 2.6771 0.0134
56801.3688 2.9717 0.0414
53799.4817 2.5276 0.0188
54186.5160 2.3019 0.0208
54531.5749 2.1319 0.0104
54561.4257 2.1517 0.0112
52710.6216 2.8624 0.0153
54183.5063 1.7482 0.0113
56833.3478 3.3328 0.0404
52817.2948 2.9870 0.0288
53200.2667 2.3424 0.0113
52815.2953 2.9876 0.0083
54624.3814 2.3335 0.0114
53583.3073 2.6601 0.0132
53466.6123 2.6226 0.0134
54205.4842 2.3334 0.0142
56723.5097 3.3897 0.0443
54621.4043 2.3022 0.0119
56831.3363 3.2983 0.0396
56798.4422 3.2202 0.0420
53553.4142 2.8823 0.0133
53578.3431 2.7720 0.0175
53936.3066 2.3269 0.0128
54229.4803 2.0886 0.0211
56809.4772 2.8428 0.0480
57547.4125 2.5856 0.0321
53769.6090 2.4482 0.0126
54179.5211 2.3704 0.0121
56741.6278 2.7458 0.0611
56807.3096 2.9735 0.0434
56780.3275 2.8179 0.0449
54113.6596 2.2101 0.0150
53146.4889 3.1143 0.0136
56776.4795 2.8249 0.0416
53411.6253 2.4508 0.0120
56781.3691 2.7056 0.0492
53892.3786 2.3315 0.0244
52813.3466 2.9909 0.0157
56751.3634 2.9093 0.0427
56805.4306 2.9764 0.0425
52814.3088 3.0250 0.0101
57433.5460 2.8060 0.0310
53531.3633 2.9553 0.0131
56835.3395 3.2504 0.0400
53939.3067 2.4056 0.0130
52722.5974 2.8136 0.0268
56778.3170 2.8224 0.0438
53117.4850 3.1415 0.0126
56744.5358 2.8374 0.0449
56772.5585 2.6968 0.0495
54618.4124 2.3296 0.0119
54124.6293 2.3128 0.0118
52790.4020 2.8117 0.0376
53138.4614 3.2489 0.0136
56722.4684 2.8250 0.0405
54597.4525 2.3293 0.0117
57542.3791 2.6598 0.0309
53175.3861 3.0485 0.0127
54234.4893 2.0521 0.0121
53495.4394 2.6006 0.0132
54117.6445 2.3502 0.0115
57157.4650 2.6429 0.0383
54120.6614 2.3639 0.0144
56715.5711 3.4222 0.0393
54176.5642 2.4146 0.0125
56712.4997 3.3374 0.0421
53743.6323 2.3708 0.0112
56841.3393 3.2989 0.0465
54144.5904 2.3667 0.0129
54151.6487 2.3226 0.0134
53149.3322 3.1309 0.0128
56839.3341 3.2082 0.0458
53906.3700 2.3451 0.0151
54557.5471 2.2246 0.0124
57479.5663 2.4530 0.0379
56803.4885 2.7999 0.0538
56837.3417 3.1972 0.0419
54209.4953 2.3740 0.0126
54255.3336 2.5025 0.0179
57492.5660 2.5010 0.0361
54201.4537 2.3928 0.0130
54511.5791 2.1118 0.0098
57160.5054 2.5910 0.0377
56811.4533 2.9816 0.0398
53916.3264 2.3795 0.0163
53195.3466 2.7274 0.0123
56783.3659 2.8212 0.0526
53390.6511 2.5206 0.0151
54535.5077 2.0896 0.0131
54153.5968 2.3302 0.0147
53527.3547 2.8288 0.0144
54620.3589 2.2372 0.0274
53859.3691 2.4825 0.0196
53855.4182 2.4368 0.0145
53883.3914 2.4911 0.0158
57166.3513 2.6325 0.0438
54614.3924 2.3106 0.0150
53083.6093 3.2368 0.0160
53888.4086 2.4794 0.0160
54591.3863 2.2561 0.0133
54266.2923 2.4448 0.0144
53943.3048 2.3357 0.0150
54588.5522 2.2297 0.0198
54563.4964 2.1671 0.0152
54262.4018 2.4585 0.0169
54213.5722 2.3307 0.0174
53766.6170 2.4972 0.0139
54524.5266 2.0910 0.0221
54259.3128 2.4622 0.0134
53165.4121 2.9545 0.0143
53469.5188 2.6108 0.0149
53505.3893 2.8432 0.0236
53446.5346 2.5014 0.0143
53473.5879 2.6516 0.0169
53518.4501 2.7627 0.0318
54528.5221 2.1302 0.0120
53109.5806 3.1975 0.0211
53875.3594 2.4196 0.0139
53121.5154 3.1586 0.0148
54594.4526 2.3482 0.0138
53500.3179 2.7789 0.0150
54600.4459 2.3120 0.0352
53772.6264 2.4058 0.0157
54538.5772 2.0961 0.0158
54570.4268 2.1929 0.0313
53551.3311 2.8208 0.0144
53178.3772 2.9940 0.0144
53502.3901 2.7240 0.0163
53879.3084 2.4412 0.0154
57123.5713 2.9256 0.0786
57520.3344 2.4618 0.0544
52721.6238 2.8620 0.0466
53523.4210 2.8799 0.0275
52792.4192 2.9621 0.0304
57191.4528 2.3662 0.0510
57223.3843 2.2907 0.0491
57216.2995 2.5816 0.0486
57078.4898 2.9383 0.0482
57220.2856 2.5016 0.0500
57213.3090 2.5540 0.0439
57134.4919 2.8281 0.0533
57508.4294 2.5055 0.0467
57105.5735 2.9557 0.0797
53463.5717 2.6135 0.0413
53198.3064 2.9771 0.0923
54619.3119 2.6943 0.0645
52791.4458 2.8259 0.0376
53563.3393 2.7335 0.0435
57185.4850 2.5139 0.1133
