53851.4197 1.7127 0.0159
52730.5784 1.6560 0.0152
53911.3324 1.8034 0.0216
53847.5703 1.8713 0.0263
57420.5763 1.7197 0.0286
53853.4234 1.8166 0.0144
52710.6200 1.6568 0.0123
53524.3015 0.9171 0.0103
54186.5166 2.1865 0.0184
53586.2942 1.0313 0.0127
53466.6105 0.8187 0.0111
54531.5699 2.6914 0.0099
56801.3688 1.5694 0.0390
54511.5807 2.2059 0.0089
54614.3924 2.7372 0.0119
52814.3124 1.9368 0.0086
54266.2923 1.9268 0.0109
56833.3478 1.5764 0.0374
54259.3128 2.0270 0.0101
52722.5967 1.6566 0.0233
54528.5221 2.3548 0.0095
53769.6072 1.6885 0.0107
54624.3833 2.8920 0.0119
53799.4823 1.8632 0.0183
54113.6620 2.0667 0.0167
56723.5097 1.7697 0.0412
53892.3754 1.9350 0.0243
53502.3863 0.8982 0.0128
56831.3363 1.8345 0.0368
57547.4125 1.7654 0.0305
52721.6238 1.8144 0.0320
56798.4422 1.6610 0.0395
54557.5439 2.8250 0.0130
53888.4048 1.9177 0.0141
56809.4772 1.6028 0.0455
54151.6511 2.3718 0.0140
54591.3847 2.8718 0.0120
54255.3360 2.1023 0.0187
54117.6469 2.0081 0.0112
53936.3074 1.8863 0.0124
56741.6278 1.5853 0.0599
54120.6638 2.1050 0.0169
54600.4443 2.8864 0.0306
53175.3829 2.1768 0.0120
56807.3096 1.6123 0.0407
53766.6154 1.6541 0.0113
56780.3275 1.5781 0.0429
53473.5863 0.8169 0.0132
54570.4252 2.9011 0.0279
53146.4889 2.2943 0.0131
53462.4869 0.8522 0.0245
56776.4795 1.4946 0.0393
56781.3691 1.5388 0.0475
57123.5698 1.6265 0.0544
57213.3079 1.5333 0.0293
57223.3832 1.6953 0.0338
54179.5219 2.2139 0.0120
53883.3877 1.9382 0.0132
56751.3634 1.5527 0.0404
56805.4306 1.7803 0.0403
54535.5061 2.6646 0.0117
53553.4158 1.2218 0.0120
54618.4147 2.9066 0.0125
57433.5460 1.8971 0.0292
56835.3395 1.5883 0.0368
53411.6219 0.8220 0.0107
53469.5172 0.7886 0.0115
54183.5063 2.0900 0.0129
56778.3170 1.4485 0.0415
57216.2975 1.4237 0.0317
56744.5358 1.6755 0.0430
54594.4510 2.8052 0.0122
56772.5585 1.4231 0.0477
53200.2667 1.9868 0.0126
54209.4937 2.2335 0.0125
52790.4020 1.6636 0.0369
56722.4684 1.7620 0.0384
54229.4771 2.1719 0.0210
53149.3330 2.1719 0.0122
57542.3791 1.7037 0.0290
53879.3092 1.8544 0.0129
54588.5506 2.8669 0.0172
56715.5711 1.7708 0.0362
54563.4958 2.8213 0.0136
53500.3142 0.9241 0.0117
56712.4997 1.7185 0.0391
53875.3578 1.9753 0.0117
57220.2845 1.4458 0.0335
53117.4868 2.4190 0.0122
54538.5756 2.7057 0.0142
56841.3393 1.6517 0.0438
53195.3486 1.9632 0.0118
54234.4861 2.1786 0.0122
54205.4866 2.3062 0.0141
53583.3038 1.0827 0.0135
54213.5706 2.2624 0.0150
54621.4067 2.7981 0.0127
53906.3668 1.8600 0.0142
54124.6317 2.1544 0.0117
53939.3083 1.9473 0.0126
54561.4278 2.8268 0.0130
57520.3333 1.5858 0.0367
57134.4907 1.4427 0.0370
54176.5658 2.2960 0.0124
53772.6248 1.7096 0.0131
54153.5952 2.3273 0.0127
57479.5663 1.6096 0.0368
56803.4885 1.5676 0.0516
56837.3417 1.6626 0.0390
54597.4492 2.8879 0.0123
57492.5660 1.6883 0.0347
53531.3598 1.0597 0.0118
54524.5250 2.5559 0.0198
57191.4517 1.4995 0.0349
53916.3232 1.8638 0.0158
57157.4650 1.5360 0.0366
53578.3447 1.1702 0.0165
57160.5054 1.5173 0.0359
56811.4533 1.5984 0.0371
56839.3341 1.6172 0.0428
57508.4284 1.5702 0.0310
56783.3659 1.5575 0.0510
57166.3513 1.5522 0.0421
53859.3669 1.8664 0.0192
53121.5132 2.3103 0.0143
54262.3996 2.0690 0.0168
53138.4637 2.3055 0.0152
53551.3290 1.1360 0.0130
53855.4161 1.8312 0.0141
53943.3027 2.0208 0.0148
53743.6362 1.6183 0.0121
53505.3868 0.8513 0.0224
53178.3751 2.0934 0.0136
53390.6489 0.7254 0.0135
57185.4838 1.5561 0.0514
53495.4394 0.8600 0.0135
53109.5779 2.3401 0.0206
54620.3589 2.7695 0.0283
53165.4100 2.2961 0.0137
53527.3526 0.9860 0.0129
54144.5888 2.3455 0.0148
54201.4558 2.2788 0.0149
53518.4479 0.8628 0.0304
53446.5325 0.7698 0.0129
53523.4212 0.8920 0.0210
57105.5730 1.6898 0.0527
52817.2898 2.0350 0.0652
53463.5701 0.8845 0.0267
52791.4704 1.8723 0.0290
57078.4898 1.9677 0.0459
53083.6071 2.0999 0.0185
52792.4206 1.7678 0.0316
53890.4800 1.8232 0.0642
54619.3119 2.9990 0.0654
52813.3443 1.8511 0.0295
53563.3393 1.0989 0.0413
52815.3110 1.9290 0.0176
57104.5182 1.8279 0.0508
