57479.5240 3.1480 0.0235
56715.4984 1.6779 0.0329
57420.5453 3.5013 0.0323
56803.4112 2.0082 0.0351
56743.5101 1.6859 0.0335
57567.2896 3.1369 0.0297
56723.4803 1.7051 0.0353
56781.3397 1.8410 0.0450
56809.4460 2.0543 0.0357
57460.4734 3.3895 0.0304
56721.5901 1.6706 0.0396
56778.2875 1.8607 0.0383
56805.4000 2.1424 0.0334
56837.3096 2.2566 0.0339
57520.3008 2.6621 0.0429
57542.3509 2.4969 0.0259
56776.4499 1.8348 0.0346
56798.4117 2.0790 0.0319
56833.3155 2.2799 0.0327
57508.3994 2.8688 0.0284
56835.3093 2.2401 0.0319
56831.3066 2.2134 0.0322
56751.3336 1.6454 0.0415
56811.4234 2.1261 0.0319
56783.3308 1.9713 0.0460
56780.2967 1.9275 0.0416
56841.3074 2.1593 0.0411
57492.5332 3.0593 0.0323
56801.3352 2.1236 0.0375
56839.3033 2.2479 0.0365
57459.5373 3.2846 0.0307
56772.5257 1.8052 0.0438
56807.2799 2.1210 0.0354
52814.3124 1.7428 0.0084
56712.4708 1.6665 0.0388
57433.5183 3.6581 0.0302
56744.5289 1.8351 0.0450
57216.2664 2.7254 0.0343
57160.3564 2.8825 0.0324
56829.3208 2.2087 0.0473
56741.5807 1.6210 0.0651
56800.5027 2.1031 0.0696
57213.2777 2.7581 0.0313
57194.3999 2.8495 0.0347
57133.4106 2.6110 0.0327
57220.2508 2.8019 0.0896
57223.3531 2.8716 0.0352
57157.4336 2.8742 0.0365
56722.4392 1.7061 0.0452
57547.3854 2.5281 0.0290
57419.5251 3.5113 0.0645
57191.4184 2.9561 0.0462
57156.4565 2.7246 0.0612
57123.5278 2.6867 0.0903
57134.4666 2.4552 0.0575
56711.5225 1.6941 0.0816
57104.4484 2.8548 0.0477
57195.3988 2.9094 0.0556
57185.4502 2.8342 0.0582
57078.4234 2.7162 0.0551
57166.3176 2.8097 0.0963
57155.3863 3.0974 0.2633
57105.5577 2.8093 0.0767
