56743.5069 2.7937 0.0289
57420.5495 2.7133 0.0303
53475.5639 2.5602 0.0090
57508.4044 2.7379 0.0352
56776.4550 2.4381 0.0422
56780.3019 2.5601 0.0476
56803.4007 2.6518 0.0465
56831.3117 2.7052 0.0387
57567.2972 2.7858 0.0401
56778.2926 2.5396 0.0444
56835.3144 2.6938 0.0383
57542.3556 2.8798 0.0332
57547.3894 2.8145 0.0335
56723.4853 3.0880 0.0427
56741.5892 2.8350 0.0575
56805.4052 2.5561 0.0409
57433.5227 2.8996 0.0322
56839.3084 2.8450 0.0433
57459.5423 2.9912 0.0364
57160.3607 3.6264 0.0340
56712.4754 3.0463 0.0430
57133.4154 3.2869 0.0357
57194.4042 3.2734 0.0353
56715.5467 2.9743 0.0409
57157.4382 3.6080 0.0400
56744.5487 2.8779 0.0453
56781.3448 2.6172 0.0498
56841.3128 2.7760 0.0471
57216.2706 3.4160 0.0352
57223.3574 3.4657 0.0364
56751.3388 2.7900 0.0468
56837.3164 2.8038 0.0405
56833.3206 2.7742 0.0394
57479.5414 2.9799 0.0380
57213.2820 3.3768 0.0325
56722.4431 2.9574 0.0424
57078.4375 2.5875 0.0420
57220.2575 3.3625 0.0407
56772.5313 2.4373 0.0487
56801.3407 2.6386 0.0432
57520.3067 2.8649 0.0397
56809.4513 2.6885 0.0421
56783.3361 2.6165 0.0520
56798.4174 2.5928 0.0381
56807.2850 2.6399 0.0404
56811.4286 2.6053 0.0379
57492.5382 2.9356 0.0475
57185.4561 3.3478 0.0489
57191.4231 3.3979 0.0453
57460.4772 3.0936 0.0870
57195.4008 3.4096 0.0563
57166.3209 3.6979 0.0717
57123.5324 3.3819 0.0719
57105.5603 2.8377 0.0553
53884.4341 1.9231 0.0117
57134.4685 3.4155 0.0630
56721.5940 3.1199 0.1165
57104.4590 2.8665 0.0695
53467.5113 2.6092 0.0173
54620.3656 1.8147 0.0428
53770.6182 2.2728 0.0234
