57420.5495 2.1077 0.0308
53475.5639 1.7518 0.0086
56781.3448 1.4254 0.0501
57508.4044 2.1698 0.0349
56776.4550 1.3079 0.0421
56780.3019 1.2481 0.0474
56831.3117 1.1364 0.0373
57567.2972 1.7489 0.0398
56778.2926 1.3087 0.0444
57542.3556 2.1761 0.0330
57547.3894 2.1290 0.0332
56723.4853 1.1938 0.0414
56805.4052 1.1860 0.0404
57433.5227 2.2337 0.0320
56839.3084 0.9891 0.0422
57459.5423 2.2934 0.0360
56743.5080 1.1696 0.0383
57160.3607 1.4626 0.0312
56712.4754 1.2559 0.0424
57133.4154 1.2643 0.0336
57194.4042 1.6408 0.0340
56715.5467 1.2841 0.0397
57157.4382 1.4960 0.0381
56744.5487 1.0966 0.0445
56841.3128 1.0883 0.0466
57216.2706 1.6037 0.0336
57223.3574 1.6812 0.0348
56751.3388 1.0998 0.0464
56837.3164 0.9938 0.0392
56833.3206 0.9495 0.0377
57479.5414 2.3935 0.0382
57213.2820 1.6196 0.0305
56722.4431 1.1403 0.0414
57220.2575 1.6472 0.0403
56772.5313 1.2095 0.0490
56801.3407 1.1248 0.0426
57520.3067 2.1922 0.0400
56809.4513 1.1449 0.0414
56783.3361 1.3259 0.0525
56798.4174 1.2299 0.0371
56807.2850 1.1823 0.0398
56835.3144 0.9942 0.0367
56811.4286 1.1571 0.0368
57185.4561 1.5206 0.0473
57492.5382 2.2614 0.0474
57078.4405 1.0860 0.0364
57191.4231 1.4976 0.0433
56803.4006 1.2024 0.0500
57460.4772 2.5879 0.0887
57123.5324 1.3015 0.0718
57195.4008 1.5784 0.0539
53883.4566 1.9139 0.0113
57166.3209 1.3972 0.0699
56741.5902 1.1194 0.0481
57105.5603 1.2150 0.0529
57134.4685 1.1703 0.0600
53884.4379 2.0047 0.0165
57419.5304 2.1046 0.1089
57104.4590 1.1997 0.0649
53467.5113 1.7332 0.0163
54620.3656 1.9353 0.0450
53770.6182 2.1186 0.0241
