56743.5071 1.7752 0.0289
57420.5495 1.7856 0.0296
53475.5639 2.0334 0.0085
57433.5227 2.0329 0.0302
57508.4044 2.0844 0.0334
56776.4550 1.9381 0.0416
56780.3019 2.0506 0.0471
56803.4007 2.0354 0.0460
56831.3117 1.7593 0.0366
57567.2972 2.3030 0.0389
56778.2926 1.9441 0.0437
57542.3556 2.2245 0.0317
57547.3894 2.3272 0.0320
56723.4853 1.6512 0.0407
56805.4052 1.9456 0.0399
56839.3084 1.8425 0.0420
57459.5423 1.9820 0.0339
57160.3607 1.5114 0.0300
56712.4754 1.6349 0.0414
57133.4154 1.5814 0.0329
57194.4042 1.6293 0.0326
56715.5467 1.6627 0.0389
57157.4382 1.4534 0.0367
56744.5487 1.8742 0.0443
56781.3448 2.1028 0.0495
56841.3128 1.8587 0.0466
57216.2706 1.6485 0.0321
57223.3574 1.6661 0.0334
56751.3388 1.9752 0.0464
56837.3164 1.7945 0.0388
56833.3206 1.6950 0.0374
56807.2850 1.9211 0.0390
57479.5414 2.0289 0.0368
57213.2820 1.7206 0.0295
56722.4431 1.5983 0.0405
57220.2575 1.6125 0.0393
56772.5313 1.8819 0.0487
56801.3407 2.1171 0.0425
57520.3067 2.2334 0.0394
56809.4513 2.0452 0.0409
56783.3361 2.0578 0.0522
56798.4174 2.0659 0.0369
56835.3144 1.7644 0.0364
56811.4286 1.9247 0.0364
57185.4561 1.5205 0.0458
57492.5382 2.0861 0.0452
57078.4405 1.6944 0.0361
57191.4231 1.4731 0.0414
56741.5901 1.8634 0.0573
57460.4772 2.0360 0.0829
57195.4008 1.5839 0.0515
53883.4566 2.1699 0.0115
57166.3209 1.7429 0.0692
57123.5324 1.3114 0.0705
57105.5603 1.6041 0.0516
57134.4685 1.5417 0.0587
53884.4379 2.0624 0.0166
57104.4590 1.3671 0.0629
53467.5113 2.0290 0.0162
54620.3656 1.8501 0.0429
53770.6182 2.0110 0.0235
