57420.5582 7.5773 0.0331
56743.5383 5.1171 0.0424
56741.6094 5.1792 0.0592
53496.3516 7.6355 0.0098
56744.5188 5.1253 0.0436
56780.3104 5.2643 0.0492
56833.3288 5.5474 0.0429
56807.2931 5.2721 0.0465
57479.5491 7.1230 0.0455
56712.4835 5.2174 0.0437
56778.3007 5.2500 0.0449
56837.3245 5.5850 0.0444
57220.2668 6.6642 0.0400
57567.2988 7.2071 0.0404
56776.4632 5.4846 0.0446
57191.4328 6.3877 0.0403
56831.3199 5.5208 0.0417
57216.2792 6.5637 0.0402
56839.3166 5.5772 0.0464
57223.3660 6.6378 0.0406
56841.3211 5.6212 0.0505
57194.4128 6.4362 0.0396
56722.4512 5.2187 0.0430
57542.3634 7.2989 0.0404
56723.4935 5.2150 0.0481
56805.4134 5.3232 0.0456
57508.4126 7.0504 0.0400
57185.4654 6.4216 0.0437
56781.3529 5.3346 0.0493
57433.5303 7.8235 0.0394
56801.3488 5.3231 0.0444
57492.5483 7.0636 0.0449
57520.3156 7.0994 0.0455
56811.4368 5.3354 0.0413
56772.5406 5.3661 0.0541
56809.4595 5.3011 0.0453
56803.4668 5.2533 0.0497
56798.4255 5.3505 0.0408
56783.3458 5.3983 0.0538
56715.5548 5.2450 0.0412
57160.3693 6.5321 0.0367
57547.3970 7.2218 0.0396
57213.2908 6.5781 0.0369
56835.3225 5.5537 0.0416
56751.3471 5.3041 0.0472
57157.4471 6.5603 0.0431
57123.5441 6.7151 0.0679
57104.4669 7.4598 0.0676
52793.2667 9.7545 0.0351
57133.6028 6.5644 0.0569
53388.6201 7.8432 0.0183
57459.5499 7.3141 0.0589
57134.4738 6.7567 0.0655
57166.3310 6.7130 0.0721
54620.3631 7.4711 0.0557
