57420.5648 2.1382 0.0299
52814.3124 3.8870 0.0094
57191.4456 2.5248 0.0344
56833.3407 2.2548 0.0375
57134.4846 2.0671 0.0369
56839.3248 2.1802 0.0438
56831.3281 2.1993 0.0385
56783.3558 2.0723 0.0551
57520.3246 1.8724 0.0390
57433.5379 2.2250 0.0325
56723.5016 2.1881 0.0422
57479.5576 2.0720 0.0390
57123.5575 2.5178 0.0532
57542.3711 1.7907 0.0317
57160.3779 2.7316 0.0330
57157.4560 2.7488 0.0390
56776.4714 1.9214 0.0401
56835.3306 2.2228 0.0392
56837.3334 2.2623 0.0415
57492.5572 1.9362 0.0377
56751.3553 2.0174 0.0435
56741.6140 1.9142 0.0573
57216.2878 2.4368 0.0356
56778.3088 2.0367 0.0429
56801.3570 1.5461 0.0413
56780.3187 2.0158 0.0444
56744.5276 2.0586 0.0429
57223.3746 2.3906 0.0358
56715.5630 2.2166 0.0387
56712.4916 2.2285 0.0416
56781.3610 2.0874 0.0480
57220.2754 2.4463 0.0362
56811.4451 2.0034 0.0391
56722.4603 2.2064 0.0405
57508.4204 1.9205 0.0350
56807.3013 2.2911 0.0399
56841.3295 2.2202 0.0468
57567.3072 1.6191 0.0366
57547.4049 1.8134 0.0328
56772.5497 2.0797 0.0481
57213.2988 2.5564 0.0396
57104.4873 2.3557 0.0438
56798.4331 2.2514 0.0554
56809.4675 2.2903 0.0622
57166.3406 2.7884 0.0655
57185.4755 2.5300 0.0422
57078.4806 2.4072 0.0497
56805.4213 2.3283 0.0622
56803.4760 1.9538 0.0696
57105.5696 2.2596 0.0784
53770.6220 4.7246 0.0298
54620.3581 4.6747 0.0538
