57420.5582 6.1608 0.0318
56743.5383 5.6736 0.0432
56741.6094 5.6262 0.0597
56744.5188 5.3077 0.0438
56780.3104 3.9859 0.0472
56833.3288 5.8049 0.0434
56807.2931 5.8648 0.0476
57479.5491 6.1829 0.0443
56712.4835 5.6300 0.0444
56778.3007 5.0019 0.0446
56837.3245 5.8721 0.0448
57220.2668 6.1473 0.0393
57567.2988 5.7358 0.0380
56776.4632 5.8590 0.0451
57191.4328 5.8987 0.0397
56831.3199 5.7975 0.0421
57216.2792 6.1839 0.0396
56839.3166 5.9364 0.0470
57223.3660 6.0498 0.0398
56841.3211 5.7967 0.0507
57194.4128 5.7886 0.0387
56722.4512 5.6125 0.0436
57542.3634 6.1689 0.0387
56723.4935 5.6892 0.0488
56805.4134 5.7816 0.0463
57508.4126 6.0930 0.0386
57185.4654 5.4206 0.0424
56781.3529 5.2556 0.0493
57433.5303 6.2051 0.0369
56801.3488 5.7958 0.0452
57492.5483 3.9559 0.0398
57520.3156 6.1306 0.0445
56811.4368 5.8274 0.0421
56772.5406 5.6558 0.0544
56809.4595 5.8278 0.0461
56803.4668 5.8201 0.0506
56798.4255 4.3844 0.0393
56783.3458 3.8818 0.0520
56715.5548 5.4084 0.0414
57160.3693 6.1877 0.0362
57547.3970 6.1437 0.0379
57213.2908 6.1214 0.0363
56835.3225 5.7519 0.0419
56751.3471 4.2660 0.0457
57157.4471 6.1865 0.0426
57123.5441 6.2894 0.0675
57104.4669 6.9746 0.0671
53496.3516 5.1653 0.0115
57133.6028 6.2125 0.0563
52793.2647 4.8341 0.0335
57459.5499 6.2772 0.0567
57134.4738 6.2369 0.0644
57166.3310 6.3052 0.0713
54620.3631 5.2569 0.0504
