57420.5648 3.1542 0.0298
57191.4456 3.0307 0.0350
56833.3407 3.3723 0.0394
57134.4846 2.8262 0.0379
56839.3248 3.3902 0.0463
56751.3553 3.3564 0.0459
56831.3281 3.5193 0.0409
56783.3558 3.3246 0.0575
57520.3246 3.1657 0.0395
56805.4223 3.4684 0.0457
56723.5016 3.5254 0.0445
57479.5576 3.3599 0.0398
57123.5575 2.7797 0.0541
57542.3711 3.4117 0.0328
57160.3779 3.0204 0.0327
57157.4560 3.1174 0.0392
56776.4714 3.3181 0.0425
56798.4341 3.4416 0.0412
56835.3306 3.3401 0.0410
56803.4771 3.3286 0.0528
56837.3334 3.4261 0.0436
57492.5572 3.3514 0.0386
56809.4686 3.5268 0.0463
56741.6140 3.2072 0.0610
57216.2878 2.9979 0.0357
56778.3088 3.3563 0.0450
56801.3570 3.5011 0.0449
56780.3187 3.4320 0.0467
56744.5276 3.3296 0.0454
57433.5379 3.3415 0.0326
57223.3746 2.9596 0.0363
56715.5630 3.5475 0.0410
53496.3532 4.1168 0.0094
56781.3610 3.3590 0.0502
57220.2754 2.9808 0.0364
56811.4451 3.5163 0.0418
56722.4603 3.5541 0.0427
57508.4204 3.2742 0.0355
56807.3013 3.4658 0.0419
56841.3295 3.2936 0.0494
57567.3072 3.3879 0.0382
56712.4916 3.6311 0.0441
57547.4049 3.3803 0.0338
56772.5497 3.2697 0.0503
57213.2988 2.8919 0.0394
52793.2667 3.4140 0.0290
57104.4873 2.6241 0.0437
57166.3406 3.0314 0.0655
57185.4755 2.9883 0.0432
57078.4806 2.8631 0.0500
57105.5696 2.5671 0.0784
53388.6169 4.6989 0.0215
53770.6220 3.6606 0.0284
54620.3581 3.5149 0.0496
