57479.5297 5.7759 0.0241
57420.5513 4.6966 0.0273
57520.3076 6.3960 0.0378
56743.5383 4.1067 0.0419
57459.5409 3.5312 0.0304
56741.6094 4.1140 0.0591
56744.5188 4.1889 0.0431
56780.3104 3.9186 0.0480
56833.3288 3.9486 0.0407
56712.4835 4.3561 0.0429
56778.3007 3.9220 0.0435
56837.3245 3.8721 0.0420
57220.2668 5.3562 0.0379
57567.2988 5.8374 0.0377
56776.4632 4.0544 0.0428
57191.4328 4.9133 0.0383
57433.5303 4.6616 0.0341
57216.2792 5.3029 0.0381
56715.5548 4.2133 0.0399
57223.3660 5.3713 0.0387
56841.3211 3.8155 0.0488
57194.4128 4.9499 0.0373
56722.4512 4.1957 0.0419
57542.3634 5.7897 0.0375
56723.4935 4.1683 0.0471
56805.4134 3.9956 0.0438
57508.4126 5.6921 0.0375
57185.4654 4.9168 0.0420
56781.3529 3.9625 0.0483
56831.3199 3.9364 0.0393
56839.3166 3.8492 0.0443
56835.3225 3.9489 0.0393
57492.5483 5.7072 0.0425
56772.5406 3.9905 0.0533
56809.4595 4.0199 0.0435
56803.4668 4.0389 0.0489
56798.4255 3.9444 0.0389
56783.3458 3.8990 0.0528
57160.3693 4.9571 0.0342
57547.3970 5.7653 0.0370
57213.2908 5.2838 0.0349
56751.3471 4.2059 0.0462
57460.4724 5.2585 0.0386
57157.4471 4.9317 0.0410
57123.5441 5.0107 0.0667
57104.4669 5.5158 0.0639
53496.3537 6.3063 0.0120
57133.6028 5.0932 0.0548
56807.2921 4.0988 0.0648
57134.4738 5.0534 0.0619
57166.3310 4.9138 0.0686
56801.3478 4.1296 0.0614
56811.4358 4.1024 0.0557
54620.3631 4.3097 0.0485
57155.3065 48.3671 1.2223
