57420.5599 4.1059 0.0199
57479.5356 4.6437 0.0196
56715.5254 2.9504 0.0231
56833.3318 2.7131 0.0217
56741.6060 3.0250 0.0346
56781.3519 2.7872 0.0291
56839.3157 2.5685 0.0249
57542.3625 4.4188 0.0205
56780.3094 2.6626 0.0270
56837.3230 2.6350 0.0235
56783.3457 2.7357 0.0313
56835.3216 2.6763 0.0222
56776.4622 2.7876 0.0239
56772.5394 2.7431 0.0291
56744.5326 3.0258 0.0251
56751.3459 2.9150 0.0269
57520.3143 4.5675 0.0276
56723.4924 3.0894 0.0250
56841.3203 2.6204 0.0274
57492.5469 4.7104 0.0235
56778.2997 2.7411 0.0260
57508.4114 4.5584 0.0218
56831.3189 2.7004 0.0221
56798.4244 2.6999 0.0224
56803.4305 2.7399 0.0297
56712.4838 2.9811 0.0256
56801.3456 2.7048 0.0279
57547.3988 4.3872 0.0219
57216.2812 3.3991 0.0226
57567.2953 4.3013 0.0269
56811.4337 2.8149 0.0244
56805.4106 2.8258 0.0261
57433.5317 4.3461 0.0212
57157.4491 3.6494 0.0241
56722.4537 3.0810 0.0271
56807.2901 2.7843 0.0264
57191.4390 3.5659 0.0249
57223.3679 3.3810 0.0229
56809.4567 2.7398 0.0276
57160.3965 3.7040 0.0233
57134.4823 3.5867 0.0276
57220.2697 3.3657 0.0356
57213.2917 3.4733 0.0222
56743.5101 3.0242 0.0328
57460.4734 4.4540 0.0313
56721.5901 2.8897 0.0384
57123.5497 3.3524 0.0468
57459.5373 4.5437 0.0319
52814.3124 4.7268 0.0097
57104.4808 3.1699 0.0287
57185.4672 3.5519 0.0373
57166.3392 3.6573 0.0407
57078.4724 3.1928 0.0309
57194.3999 3.6504 0.0347
56829.3208 2.6120 0.0449
56800.5027 2.6947 0.0649
57133.4106 3.5352 0.0328
57105.5674 3.1379 0.0395
57419.5251 4.0402 0.0627
57156.4565 3.6049 0.0605
54620.3599 4.3821 0.0356
56711.5225 2.9566 0.0787
57195.3988 3.6554 0.0556
57155.3863 3.3446 0.2522
53770.6220 4.5977 0.0290
