56743.5069 11.5799 0.0368
52698.6084 13.8147 0.0154
57420.5495 10.9993 0.0379
57567.2958 12.8538 0.0519
53475.5623 11.8417 0.0142
56781.3448 10.7808 0.0619
57508.4044 11.3018 0.0480
56776.4550 10.7168 0.0551
56780.3019 10.6669 0.0596
56803.4007 10.8897 0.0597
56831.3117 10.5348 0.0514
56778.2926 10.6802 0.0574
56835.3144 10.5260 0.0510
57542.3556 12.2681 0.0476
57547.3894 12.5778 0.0482
56741.5892 10.8856 0.0674
56805.4052 10.9061 0.0542
57433.5227 11.3086 0.0449
56839.3084 10.5303 0.0556
57459.5423 10.8917 0.0481
57160.3607 11.0589 0.0443
56712.4754 11.2132 0.0554
57133.4154 11.4284 0.0467
57194.4042 10.5494 0.0456
56715.5467 10.9857 0.0531
57157.4382 11.0706 0.0501
56744.5487 11.0592 0.0577
56841.3128 10.6116 0.0580
57216.2706 10.5995 0.0461
57223.3574 10.8134 0.0466
56751.3388 11.0549 0.0587
56837.3164 10.4528 0.0529
56833.3206 10.5228 0.0519
57479.5414 10.8901 0.0476
52815.2914 13.4946 0.0138
57213.2820 10.5351 0.0429
56722.4431 10.9022 0.0549
57078.4375 11.3086 0.0524
57220.2575 10.6577 0.0489
56772.5313 10.6744 0.0597
56801.3407 10.8982 0.0562
57520.3067 11.3598 0.0494
56809.4513 10.8051 0.0558
56783.3361 10.7686 0.0624
56723.4853 11.0258 0.0548
56798.4174 11.0246 0.0509
56807.2850 10.8257 0.0548
56811.4286 10.8318 0.0512
57492.5382 10.8271 0.0612
57185.4561 10.7864 0.0604
57191.4231 10.5848 0.0575
57460.4772 11.0894 0.1075
57195.4008 10.4518 0.0716
57166.3209 10.9132 0.0863
57123.5324 11.3792 0.0831
57105.5603 11.1700 0.0733
57134.4685 11.6538 0.0803
56721.5940 10.8701 0.1456
57419.5304 11.1747 0.1250
57104.4590 11.3181 0.0943
53467.5113 11.8700 0.0248
