56743.5383 5.5823 0.0437
57420.5572 10.2027 0.0502
53496.3537 10.4032 0.0137
56741.6134 5.5312 0.0834
57160.3682 6.6087 0.0519
56781.3519 6.5402 0.0735
57542.3624 10.8391 0.0621
57191.4316 7.3135 0.0597
57492.5472 9.7782 0.0626
57547.3961 11.1641 0.0634
56751.3461 5.7729 0.0692
56837.3235 7.4747 0.0672
56772.5395 6.1074 0.0825
57216.2781 7.3867 0.0600
57104.4664 6.7181 0.0512
57213.2898 7.2385 0.0533
56780.3093 6.3818 0.0721
57220.2657 7.1855 0.0573
57520.3145 10.3204 0.0677
56778.2997 6.3780 0.0672
56776.4622 6.2001 0.0641
57185.4642 7.0924 0.0626
57123.5435 6.8118 0.0769
56715.5538 5.2540 0.0593
57194.4118 7.5458 0.0583
56798.4244 7.2867 0.0622
56841.3201 7.3053 0.0754
57157.4460 6.5470 0.0614
56783.3448 6.4231 0.0799
57459.5499 10.4149 0.0641
56723.4924 5.3629 0.0670
57223.3649 7.3352 0.0593
56805.4124 7.4187 0.0687
56835.3214 7.1078 0.0626
57508.4116 10.2993 0.0615
56807.2921 7.2893 0.0722
56833.3278 7.3959 0.0644
56722.4502 5.2347 0.0623
56803.4657 7.5575 0.0759
57433.5294 10.7193 0.0610
57479.5481 10.0108 0.0733
56839.3155 7.2410 0.0686
56801.3478 7.3774 0.0680
57567.2978 11.9585 0.0654
56744.5177 5.5657 0.0641
56831.3189 7.3351 0.0636
56712.4825 5.0764 0.0625
56811.4358 7.2642 0.0627
56809.4585 7.3139 0.0692
57166.3297 6.6126 0.1018
53388.6169 14.2457 0.0289
57133.5998 6.9386 0.1094
57134.4730 6.8167 0.0918
