56743.5381 5.1413 0.0457
57420.5572 6.3083 0.0480
57157.4425 6.0720 0.0728
53475.5650 6.3588 0.0138
56741.6134 5.5030 0.0847
57160.3682 5.6341 0.0521
56781.3519 5.2170 0.0725
57542.3624 7.0160 0.0579
57191.4316 5.5835 0.0582
57492.5472 7.1554 0.0613
57547.3961 6.7382 0.0578
56751.3461 5.3594 0.0702
56837.3235 5.6089 0.0656
56772.5395 5.2274 0.0823
57216.2781 5.9594 0.0596
57104.4664 5.2301 0.0498
56780.3093 5.1814 0.0717
56833.3278 5.8472 0.0633
57220.2657 5.9483 0.0570
57520.3145 7.3303 0.0661
56778.2997 5.0929 0.0666
56776.4622 5.1848 0.0639
57185.4642 5.5911 0.0618
57123.5435 5.0535 0.0756
56798.4244 5.1459 0.0598
57213.2898 5.8351 0.0525
56783.3448 5.1538 0.0790
57459.5499 6.8923 0.0611
56723.4924 5.1893 0.0688
57223.3649 6.1026 0.0589
56805.4124 5.2120 0.0670
56835.3214 5.6715 0.0619
57508.4116 7.2265 0.0591
56715.5538 5.1858 0.0613
56807.2921 5.2100 0.0711
57194.4118 5.6172 0.0565
56722.4502 5.0429 0.0641
56803.4657 5.2044 0.0734
57433.5294 6.6269 0.0565
57479.5481 7.0656 0.0716
56839.3155 5.7561 0.0682
56801.3478 5.2495 0.0660
57567.2978 6.4723 0.0584
56744.5177 5.2928 0.0653
56831.3189 5.5585 0.0623
56841.3201 6.4721 0.0758
56712.4825 5.1008 0.0645
56811.4358 5.1352 0.0608
56809.4585 5.1642 0.0673
57166.3297 5.7855 0.1025
57133.5998 5.4367 0.1083
54620.3631 5.9681 0.0565
57134.4730 5.3372 0.0905
