52698.6084 0.9169 0.0092
57420.5497 0.9676 0.0307
52815.2953 0.9125 0.0074
57157.4382 0.8543 0.0350
57547.3894 1.0226 0.0284
57459.5423 0.8162 0.0310
56811.4286 1.0233 0.0342
56841.3128 0.8163 0.0443
57216.2706 0.9545 0.0301
57213.2820 0.9808 0.0276
56783.3361 0.8878 0.0499
56778.2926 1.0188 0.0416
57433.5227 0.9651 0.0274
57160.3607 0.9206 0.0283
56744.5487 1.0038 0.0415
56781.3448 0.9428 0.0472
56837.3164 0.8394 0.0365
57520.3067 0.8936 0.0370
56809.4513 0.8617 0.0382
56798.4174 0.9421 0.0343
56835.3144 0.7978 0.0339
56831.3117 0.8562 0.0341
56712.4754 0.9946 0.0390
56805.4052 0.8382 0.0374
57194.4042 0.9452 0.0306
56807.2850 0.8586 0.0363
57479.5414 0.9253 0.0348
56801.3407 0.9736 0.0400
57508.4044 0.9918 0.0304
57133.4154 0.8623 0.0310
56715.5467 0.9101 0.0359
57223.3574 0.9249 0.0312
56833.3206 0.8371 0.0350
57542.3556 0.9441 0.0282
56723.4853 0.8629 0.0378
56751.3388 1.0375 0.0436
57567.2909 0.8825 0.0366
57078.4405 0.9086 0.0343
53462.4795 0.9132 0.0331
53851.4303 1.4438 0.0344
57185.4561 0.9081 0.0437
56722.4429 0.9504 0.0402
57220.2584 0.8891 0.0363
56776.4549 0.9474 0.0422
56743.5089 0.9051 0.0327
57191.4231 0.8972 0.0392
53586.2910 0.8748 0.0221
53769.6099 1.0987 0.0167
53847.5624 1.1474 0.0365
56780.3025 0.8411 0.0519
56839.3089 0.8279 0.0489
54561.4270 1.0779 0.0170
57134.4685 0.9586 0.0561
56803.4013 0.8997 0.0516
56772.5319 0.9596 0.0536
57195.4008 1.0056 0.0485
57105.5603 0.9776 0.0485
54201.4490 1.3488 0.0174
53524.2981 0.8066 0.0197
53117.4811 0.8142 0.0218
53146.4859 0.8347 0.0240
54176.5610 1.5334 0.0237
53943.2995 1.0849 0.0248
53553.4110 0.8068 0.0232
54144.5856 1.2083 0.0240
53463.5717 0.8592 0.0397
54213.5690 1.3590 0.0301
54153.5936 1.2259 0.0239
53772.6232 1.1648 0.0263
53531.3577 0.8348 0.0227
54620.3656 1.0542 0.0401
53911.3114 1.0865 0.0794
53469.5156 0.9296 0.0231
54614.3892 1.0101 0.0241
57166.3198 0.9919 0.0864
53473.5847 0.8504 0.0261
54262.3964 1.3137 0.0288
53121.5100 0.8891 0.0233
54179.5187 1.2560 0.0230
53551.3257 0.9803 0.0225
53853.3903 1.1739 0.0287
54557.5423 1.1028 0.0236
54594.4495 1.0732 0.0216
53165.4068 0.8215 0.0212
54618.4108 1.0543 0.0218
53799.4753 1.1294 0.0235
53939.3035 0.9823 0.0246
53879.3051 1.1619 0.0249
53875.3562 1.1081 0.0221
53466.6043 0.8316 0.0262
54591.3831 1.2062 0.0217
53500.3126 0.8399 0.0237
53770.6182 1.0988 0.0218
53411.6200 0.9140 0.0222
53175.3814 0.8748 0.0217
53200.2635 0.9679 0.0240
54624.3776 1.0426 0.0220
53906.3652 1.1150 0.0300
53083.6038 0.8568 0.0251
54183.5032 1.2869 0.0248
53178.3719 0.8345 0.0215
53149.3298 0.8841 0.0228
53855.4128 1.1459 0.0235
53495.4362 0.8640 0.0253
56741.5917 0.8803 0.0668
54259.3097 1.3769 0.0219
53390.6457 0.8936 0.0235
52790.4089 1.0147 0.1400
53859.3637 1.1198 0.0327
57104.4590 0.8392 0.0587
53578.3399 0.8219 0.0346
53916.3216 1.1433 0.0304
53743.6272 1.0811 0.0208
54563.4908 1.1395 0.0272
53563.3393 0.9638 0.0421
53527.3494 0.8670 0.0224
54209.4881 1.3360 0.0236
53892.3737 1.1352 0.0490
53446.5292 0.9452 0.0225
53523.4172 0.8637 0.0328
53583.2980 0.8774 0.0256
53883.3861 1.1518 0.0261
53766.6138 1.1281 0.0228
53888.4032 1.1249 0.0282
54588.5490 1.2435 0.0324
54255.3320 1.4638 0.0333
53518.4447 0.7359 0.0523
53502.3847 0.8527 0.0258
53505.3827 0.7951 0.0385
57492.5382 0.8188 0.0586
53109.5734 0.8326 0.0320
54621.4027 1.0462 0.0213
57123.5333 1.0179 0.0678
54229.4755 1.3911 0.0423
54266.2891 1.4157 0.0244
54600.4427 1.2068 0.0594
54234.4846 1.3316 0.0232
54205.4826 1.3489 0.0270
54597.4476 1.1651 0.0224
53936.3041 1.0450 0.0242
54151.6471 1.2199 0.0243
