53911.3288 1.1878 0.0172
53847.5735 1.1528 0.0237
53851.4182 1.2600 0.0147
53462.4885 1.3381 0.0224
52730.5552 2.6453 0.0371
53853.4352 1.2027 0.0148
53586.2942 1.1891 0.0103
56743.5067 1.6333 0.0266
53524.3013 1.1272 0.0086
54186.5147 1.3237 0.0161
52698.6084 2.6727 0.0102
54531.5740 1.7882 0.0081
57420.5495 1.5893 0.0286
53466.6127 1.3159 0.0101
52710.6200 2.6414 0.0128
53583.3046 1.1728 0.0104
54570.4284 1.7859 0.0222
53799.4817 1.2143 0.0160
52817.2960 2.3482 0.0236
54262.4012 1.5166 0.0118
54209.4929 1.3301 0.0098
54624.3824 1.7601 0.0101
53505.3888 1.2257 0.0165
53769.6082 1.3132 0.0095
54561.4254 1.7518 0.0102
53146.4901 1.1410 0.0111
54151.6503 1.2884 0.0116
54153.5968 1.2680 0.0107
54117.6461 1.2585 0.0095
54213.5722 1.3315 0.0132
54524.5266 1.7706 0.0172
53553.4142 1.1832 0.0108
54144.5888 1.2777 0.0108
53578.3431 1.1466 0.0149
53411.6236 1.3456 0.0100
54511.5807 1.7580 0.0087
54614.3924 1.7937 0.0114
53936.3074 1.2025 0.0110
54255.3352 1.5155 0.0164
54600.4459 1.7834 0.0278
53200.2667 1.3190 0.0108
54621.4059 1.7853 0.0106
54266.2923 1.5520 0.0109
54557.5455 1.7404 0.0109
54234.4877 1.3616 0.0105
53859.3669 1.3057 0.0148
53473.5879 1.3079 0.0123
53121.5132 1.1861 0.0103
54591.3863 1.7462 0.0101
54179.5219 1.3136 0.0104
54563.4941 1.7576 0.0116
52813.3474 2.3387 0.0141
54588.5522 1.7511 0.0150
53175.3845 1.3004 0.0102
53883.3893 1.2309 0.0116
54183.5063 1.3315 0.0113
53551.3290 1.2265 0.0103
53939.3067 1.1861 0.0111
57567.2958 1.9334 0.0337
53875.3594 1.2778 0.0102
53772.6264 1.3140 0.0115
52792.4193 2.4375 0.0197
54201.4537 1.3305 0.0112
53527.3526 1.1620 0.0102
54535.5077 1.7716 0.0099
53446.5324 1.3380 0.0104
53943.3027 1.1909 0.0111
54259.3128 1.4788 0.0099
53138.4614 1.0875 0.0114
53109.5778 1.2222 0.0152
53469.5188 1.3140 0.0108
53178.3751 1.3240 0.0101
53149.3330 1.1423 0.0103
53906.3684 1.1837 0.0127
52722.5967 2.6197 0.0237
53390.6489 1.2820 0.0109
53531.3615 1.1466 0.0106
53916.3248 1.2097 0.0143
53117.4850 1.2099 0.0101
53766.6170 1.2954 0.0099
53495.4394 1.1925 0.0110
52815.2953 2.3635 0.0081
54597.4509 1.7678 0.0103
54176.5642 1.2831 0.0106
54124.6309 1.2955 0.0099
54205.4858 1.3151 0.0121
54594.4526 1.7473 0.0104
53165.4100 1.2355 0.0099
54618.4140 1.8147 0.0105
53195.3465 1.2977 0.0101
53743.6336 1.2028 0.0093
54229.4787 1.3647 0.0187
53855.4161 1.2475 0.0107
53518.4479 1.1262 0.0240
54538.5772 1.7747 0.0122
54113.6612 1.2766 0.0142
53083.6071 1.4013 0.0112
53502.3879 1.2158 0.0118
53892.3770 1.2327 0.0219
54120.6630 1.2543 0.0141
53879.3083 1.2769 0.0113
53500.3158 1.2229 0.0108
53888.4064 1.2464 0.0122
54528.5221 1.8034 0.0092
52791.4573 2.4501 0.0201
52721.6238 2.6351 0.0323
56811.4286 1.9611 0.0347
56776.4550 1.7113 0.0387
56841.3128 1.9114 0.0447
57216.2706 1.7501 0.0308
57213.2820 1.8116 0.0284
56772.5313 1.6679 0.0461
56783.3361 1.8138 0.0497
56780.3019 1.8077 0.0449
57433.5227 1.6193 0.0283
57459.5423 1.7029 0.0322
57160.3607 1.9341 0.0296
57547.3894 1.8426 0.0297
56744.5487 1.7704 0.0413
56781.3448 1.7702 0.0469
57223.3574 1.6822 0.0319
56837.3164 1.9009 0.0371
56722.4431 1.7174 0.0378
56809.4513 1.9326 0.0389
56798.4174 1.8464 0.0348
56835.3144 1.9242 0.0349
56803.4007 1.9159 0.0437
56831.3117 1.9335 0.0351
56712.4754 1.7836 0.0389
57520.3067 1.7268 0.0374
56805.4052 2.0019 0.0383
56807.2850 1.8179 0.0369
57479.5414 1.6822 0.0353
56801.3407 1.8780 0.0401
57508.4044 1.6732 0.0313
57194.4042 1.8379 0.0315
56778.2926 1.8764 0.0416
56751.3388 1.7101 0.0432
57133.4154 1.9733 0.0323
56715.5467 1.8190 0.0364
57157.4382 1.9183 0.0360
53463.5851 1.2760 0.0211
56833.3206 1.9901 0.0361
57220.2575 1.7126 0.0381
57542.3556 1.8805 0.0297
56723.4853 1.8546 0.0383
56839.3084 1.9174 0.0400
53523.4194 1.1261 0.0180
56741.5901 1.7893 0.0541
52790.3997 2.4554 0.0229
53563.3393 1.1711 0.0231
57185.4561 1.8494 0.0444
57492.5382 1.6572 0.0426
57191.4231 1.8533 0.0404
57078.4405 1.6899 0.0349
54620.3574 1.8400 0.0339
57166.3209 1.8902 0.0665
57134.4685 1.9633 0.0574
57123.5324 1.9461 0.0695
57195.4008 1.9188 0.0498
57105.5603 1.8103 0.0500
53890.4800 1.3178 0.0623
56721.5940 1.7545 0.1055
57419.5304 1.8469 0.1041
53198.3064 1.2915 0.0931
57104.4590 1.8829 0.0619
57460.4767 1.8500 0.0971
53770.6182 1.2821 0.0215
