57420.5648 1.7349 0.0295
52814.3124 1.4627 0.0084
57191.4456 1.9812 0.0336
56833.3407 1.8054 0.0367
57134.4846 1.9252 0.0368
56839.3248 1.7673 0.0431
56751.3553 1.7961 0.0430
56831.3281 1.6778 0.0375
56783.3558 1.9540 0.0549
57520.3246 1.9226 0.0391
56805.4223 1.7978 0.0424
56723.5016 1.7684 0.0414
57479.5576 1.8826 0.0386
57123.5575 1.9190 0.0527
57542.3711 2.0377 0.0322
57160.3779 1.8313 0.0313
57157.4560 1.8816 0.0375
56776.4714 1.9984 0.0403
56798.4341 1.9186 0.0385
56835.3306 1.7008 0.0381
56803.4771 1.7804 0.0499
56837.3334 1.7490 0.0405
57492.5572 1.9490 0.0378
56809.4686 1.7518 0.0430
56741.6140 1.7972 0.0573
57216.2878 2.4881 0.0361
56778.3088 1.9432 0.0427
56801.3570 1.7642 0.0417
56780.3187 2.0417 0.0445
56744.5276 1.8127 0.0423
57433.5379 1.8169 0.0316
57223.3746 2.1743 0.0354
56715.5630 1.6621 0.0376
56781.3610 1.9119 0.0477
57220.2754 2.1188 0.0356
56811.4451 1.7644 0.0386
56722.4603 1.7433 0.0395
57508.4204 2.0155 0.0352
56807.3013 1.8393 0.0390
56841.3295 1.7123 0.0459
57567.3072 1.9893 0.0374
56712.4916 1.8027 0.0408
57547.4049 1.9464 0.0331
56772.5497 2.0225 0.0480
57213.2988 2.0304 0.0384
57104.4873 1.7949 0.0427
57166.3406 2.0071 0.0637
57185.4755 1.9688 0.0412
57078.4806 1.8789 0.0485
57105.5696 1.8630 0.0769
53770.6220 2.1912 0.0256
54620.3581 1.2354 0.0432
