53462.4908 3.3390 0.0324
56801.3736 2.3513 0.0246
53847.5729 3.0896 0.0252
53911.3288 3.2083 0.0177
53851.4182 3.0613 0.0151
52730.5552 2.6196 0.0349
53853.4352 3.0163 0.0152
53586.2942 2.5184 0.0107
53524.3013 2.8802 0.0093
54186.5147 3.0849 0.0164
52698.6084 2.7551 0.0104
54531.5740 4.2251 0.0092
53466.6127 3.2394 0.0108
52710.6200 2.6969 0.0127
53583.3046 2.4540 0.0110
56811.4557 2.3219 0.0319
54570.4284 4.2404 0.0225
56809.4800 2.3852 0.0368
53799.4817 3.2253 0.0168
52817.2960 2.8228 0.0229
54262.4012 3.1941 0.0124
54209.4929 2.9483 0.0106
54624.3824 4.6592 0.0117
53505.3888 3.1007 0.0171
56805.4330 2.4295 0.0346
57191.4556 2.3019 0.0333
53769.6082 2.9572 0.0105
54561.4254 4.3566 0.0116
53146.4901 3.2431 0.0122
54151.6503 2.9941 0.0126
54153.5968 2.9825 0.0118
54229.4787 3.0604 0.0192
54117.6461 2.8049 0.0104
54524.5266 4.1993 0.0181
53553.4142 2.7022 0.0117
54144.5888 2.9541 0.0118
53578.3431 2.3553 0.0155
54213.5722 2.9803 0.0141
54614.3924 4.4306 0.0129
53936.3074 3.3711 0.0123
54255.3352 3.2462 0.0169
54600.4459 4.3298 0.0281
53446.5324 3.5653 0.0117
54621.4059 4.6050 0.0123
53175.3845 3.1125 0.0114
54266.2923 3.2130 0.0117
54557.5455 4.3588 0.0124
54234.4877 3.2029 0.0116
53859.3669 3.0164 0.0155
53200.2667 3.0883 0.0118
53473.5879 3.2917 0.0134
53121.5132 3.1099 0.0113
54591.3863 4.1861 0.0115
54179.5219 3.0312 0.0114
54563.4941 4.2881 0.0129
52813.3474 2.7415 0.0141
54588.5522 4.2015 0.0160
53883.3893 2.9861 0.0125
54183.5063 3.0889 0.0122
53551.3290 2.7322 0.0111
53939.3067 3.3462 0.0123
53875.3594 2.9407 0.0112
53772.6264 3.0350 0.0125
52792.4193 2.7461 0.0194
54201.4537 3.0356 0.0121
54535.5077 4.2548 0.0114
53943.3027 3.3905 0.0124
54259.3128 3.2147 0.0109
53906.3684 3.2636 0.0139
53138.4614 3.1275 0.0125
53109.5778 3.2435 0.0161
53469.5188 3.2486 0.0119
53178.3751 3.1228 0.0113
53149.3330 3.3471 0.0115
52722.5967 2.7057 0.0236
53390.6489 3.2574 0.0121
53531.3615 2.8283 0.0116
53916.3248 3.2693 0.0152
53117.4850 3.1602 0.0112
53766.6170 2.8931 0.0110
53411.6236 3.6265 0.0114
53495.4394 3.1139 0.0121
52815.2953 2.7934 0.0084
54176.5642 3.0442 0.0116
54124.6309 2.8498 0.0108
54511.5807 4.1598 0.0101
54205.4858 3.0054 0.0129
54594.4526 4.1759 0.0118
53165.4100 3.1716 0.0112
54618.4140 4.5461 0.0120
53527.3526 2.8557 0.0112
53195.3465 3.0624 0.0113
53500.3158 3.1765 0.0119
53518.4479 2.9648 0.0245
54538.5772 4.2960 0.0136
54113.6612 2.8472 0.0148
53743.6336 2.4961 0.0101
53083.6071 3.0618 0.0122
53855.4161 3.0576 0.0117
53502.3879 3.1402 0.0127
54597.4509 4.2040 0.0117
53892.3770 3.1318 0.0223
54120.6630 2.8553 0.0148
53879.3083 2.9498 0.0122
53888.4064 3.0086 0.0131
54528.5221 4.2275 0.0106
56712.5038 2.0434 0.0394
52791.4573 2.7194 0.0200
52721.6238 2.7001 0.0320
57123.5712 2.7812 0.0544
57420.5797 2.6885 0.0424
56807.3136 2.3072 0.0387
52790.4020 2.7042 0.0383
56741.6294 1.8616 0.0606
53463.5851 3.2682 0.0221
54620.3606 4.5865 0.0263
56778.3048 2.0741 0.0438
53523.4194 2.8761 0.0188
56803.4932 2.2239 0.0680
53563.3393 2.4338 0.0238
57479.5695 3.0459 0.0548
56831.3394 2.3620 0.0538
57508.4313 2.7729 0.0485
56837.3448 2.2797 0.0575
57433.5495 2.9184 0.0462
56839.3371 2.2215 0.0639
57185.4833 2.4577 0.0569
57216.3016 2.1157 0.0491
56783.3689 2.6384 0.0756
56744.5389 2.6017 0.0632
56723.5127 2.7197 0.0604
56772.5617 2.8967 0.0726
56798.4468 2.5438 0.0615
57213.3111 2.1800 0.0436
56833.3486 2.3758 0.0544
57542.3819 2.1205 0.0442
57220.2879 2.0801 0.0469
57547.4153 2.0804 0.0462
56751.3665 2.7071 0.0602
56841.3424 2.5138 0.0645
56781.3722 2.6227 0.0660
56780.3305 2.7206 0.0619
57492.5692 2.8217 0.0551
56776.4826 2.7106 0.0579
56715.5742 2.6942 0.0538
57078.4586 2.7572 0.0401
57134.4943 2.5237 0.0516
56835.3425 2.3336 0.0540
56722.4715 2.7195 0.0599
57223.3865 2.2588 0.0509
57520.3365 2.4884 0.0539
53198.3064 3.2566 0.0946
53890.4800 2.9813 0.0653
54619.3119 4.0261 0.0660
57157.4689 2.2488 0.0625
57166.3534 2.0848 0.0862
57160.5081 2.4646 0.0854
53770.6182 2.9551 0.0241
