57420.5565 3.4195 0.0249
56803.4496 3.6995 0.0377
56741.6091 3.7382 0.0479
56743.5326 3.9705 0.0378
57492.5464 3.2687 0.0324
57479.5475 3.3042 0.0352
56811.4351 3.8269 0.0328
56715.5531 3.9301 0.0332
56841.3194 4.1221 0.0407
57567.2972 3.3078 0.0301
56723.4918 3.9668 0.0383
57508.4109 3.0308 0.0285
56839.3149 4.2252 0.0377
56835.3208 4.1103 0.0332
56751.3454 3.8894 0.0380
56781.3513 3.0967 0.0390
57216.2774 3.4298 0.0295
57220.2649 3.4863 0.0307
57223.3642 3.5121 0.0302
56833.3271 4.0855 0.0339
56778.2990 3.4082 0.0360
56837.3228 4.1310 0.0352
56776.4615 3.9175 0.0351
57185.4635 3.5171 0.0334
57213.2890 3.5574 0.0271
56783.3436 3.2160 0.0429
57157.4452 3.6818 0.0323
56772.5386 3.8177 0.0426
56798.4238 3.8344 0.0325
57160.3675 3.7531 0.0275
56805.4117 3.7458 0.0360
57542.3618 3.2636 0.0282
57433.5287 3.5241 0.0278
56807.2914 3.7947 0.0364
56780.3086 3.3355 0.0392
56722.4496 3.8826 0.0343
57547.3954 3.4374 0.0285
56801.3471 3.8508 0.0358
57520.3138 3.0389 0.0342
56744.5298 3.9649 0.0360
56712.4818 3.9580 0.0354
57194.4110 3.5299 0.0293
56831.3182 4.1099 0.0333
56809.4586 3.7143 0.0389
57191.4317 3.5773 0.0328
57459.5477 3.4160 0.0372
57133.5983 3.1605 0.0465
57123.5441 3.7732 0.0667
57134.4725 3.7296 0.0495
57104.4669 3.6018 0.0637
53883.4566 2.7226 0.0118
57078.4484 3.7735 0.0712
57166.3310 3.5663 0.0684
53884.4341 2.6023 0.0122
57195.4023 3.5546 0.0788
54620.3631 3.5013 0.0488
57105.5621 3.4115 0.0764
