53911.3288 1.2974 0.0166
53851.4182 1.3613 0.0142
52730.5754 0.8375 0.0134
53853.4352 1.2772 0.0143
53586.2942 1.0875 0.0100
54186.5147 1.2793 0.0157
54531.5740 1.5535 0.0078
53524.3005 1.0344 0.0094
53462.4843 1.0571 0.0196
53847.5743 1.3688 0.0211
57420.5763 1.7164 0.0286
53466.6127 1.0550 0.0097
53583.3046 1.0817 0.0101
54570.4284 1.5056 0.0215
53799.4817 1.3133 0.0154
54209.4929 1.2825 0.0094
54624.3824 1.4900 0.0096
53769.6082 1.2895 0.0093
54262.4012 1.4885 0.0113
56801.3688 1.6064 0.0391
54561.4254 1.5454 0.0098
52710.6188 0.8427 0.0123
53146.4901 0.9602 0.0108
54535.5077 1.5452 0.0095
54151.6503 1.3324 0.0113
54153.5968 1.3356 0.0104
54229.4787 1.2911 0.0183
54117.6461 1.3688 0.0093
54524.5266 1.5696 0.0167
53553.4142 1.0617 0.0105
54144.5888 1.3881 0.0106
53578.3431 1.0478 0.0145
54511.5807 1.6052 0.0083
54614.3924 1.5192 0.0108
52814.3124 0.9093 0.0082
53936.3074 1.2906 0.0106
54255.3352 1.2875 0.0159
54600.4459 1.5059 0.0270
54621.4059 1.4884 0.0100
54266.2923 1.4997 0.0105
54557.5455 1.4579 0.0105
54234.4877 1.1883 0.0101
53859.3669 1.3576 0.0145
53505.3885 1.0624 0.0176
53121.5132 0.9165 0.0099
54591.3863 1.5156 0.0097
54179.5219 1.2925 0.0101
54563.4941 1.4979 0.0110
52813.3474 0.8642 0.0125
54588.5522 1.5603 0.0144
53200.2667 0.9661 0.0104
53109.5778 0.8801 0.0148
54183.5063 1.2923 0.0109
53551.3290 1.0598 0.0099
53939.3067 1.3152 0.0107
53875.3594 1.3512 0.0099
56833.3478 1.5294 0.0373
52792.4193 0.8432 0.0176
53446.5324 1.0143 0.0100
53943.3027 1.2797 0.0107
54259.3128 1.4494 0.0095
53138.4614 0.9395 0.0110
53469.5188 1.0676 0.0104
53178.3751 0.9615 0.0097
53149.3330 0.9780 0.0102
53906.3684 1.2159 0.0122
52722.5967 0.7952 0.0224
53390.6489 1.0157 0.0106
52817.2982 0.8666 0.0114
53117.4850 0.9070 0.0097
53766.6170 1.2967 0.0097
53495.4394 1.0537 0.0106
53083.6071 0.8724 0.0106
54528.5221 1.5737 0.0088
53473.5879 1.0632 0.0119
54176.5642 1.2848 0.0103
54124.6309 1.3660 0.0097
54213.5722 1.2948 0.0128
54205.4858 1.2873 0.0116
54594.4526 1.5405 0.0099
53165.4100 0.9351 0.0096
54618.4140 1.5025 0.0100
53527.3526 1.0421 0.0099
53772.6264 1.2851 0.0112
53195.3465 0.9447 0.0097
53743.6336 1.3116 0.0092
53518.4479 1.0285 0.0237
54538.5772 1.5296 0.0117
54113.6612 1.3658 0.0139
53855.4161 1.3624 0.0105
53502.3879 1.0532 0.0114
54597.4509 1.5297 0.0098
54120.6630 1.3710 0.0139
53879.3083 1.3486 0.0109
54201.4537 1.2747 0.0107
53500.3158 1.0399 0.0105
52791.4573 0.8675 0.0183
53175.3837 0.9427 0.0108
56831.3363 1.6622 0.0364
52721.6238 0.8691 0.0308
56798.4422 1.6241 0.0395
56723.5097 1.5784 0.0410
56809.4772 1.7430 0.0459
57547.4125 1.4133 0.0298
56807.3096 1.7640 0.0410
53888.4056 1.3742 0.0135
56778.3170 1.6485 0.0418
56776.4795 1.6763 0.0396
56781.3691 1.8348 0.0480
57123.5698 1.5064 0.0542
57213.3079 1.6812 0.0296
57223.3832 1.6981 0.0337
56751.3634 1.7640 0.0408
56805.4306 1.6753 0.0401
56780.3275 1.7528 0.0431
57433.5460 1.5976 0.0286
56835.3395 1.5889 0.0367
57508.4284 1.5549 0.0310
53883.3885 1.3793 0.0126
57216.2975 1.7348 0.0323
56744.5358 1.7049 0.0430
56772.5585 1.5616 0.0479
56722.4684 1.6561 0.0382
57492.5660 1.5175 0.0344
57542.3791 1.4294 0.0284
56715.5711 1.5779 0.0358
56712.4997 1.4197 0.0386
57220.2845 1.6053 0.0338
56841.3393 1.5556 0.0438
53892.3762 1.3876 0.0238
57157.4650 1.6938 0.0368
56839.3341 1.5201 0.0426
57520.3333 1.4143 0.0365
57134.4907 1.6725 0.0373
57479.5663 1.4761 0.0365
56803.4885 1.5105 0.0515
56837.3417 1.5400 0.0388
52815.2957 0.9074 0.0083
57191.4517 1.6305 0.0351
53531.3606 1.0432 0.0115
53411.6227 1.0210 0.0108
57160.5054 1.6919 0.0363
56811.4533 1.6977 0.0373
53916.3240 1.3393 0.0151
53523.4194 1.0144 0.0174
56783.3659 1.7369 0.0512
57166.3513 1.7537 0.0425
54620.3589 1.5594 0.0256
53563.3393 1.0627 0.0225
57185.4838 1.6768 0.0516
53463.5877 1.0223 0.0234
56741.6270 1.4492 0.0763
57105.5730 1.5373 0.0523
52790.4012 0.8809 0.0267
57078.4898 1.4327 0.0446
53890.4800 1.3932 0.0606
54619.3119 1.4548 0.0586
57104.5182 1.4467 0.0496
