53847.5729 1.3113 0.0250
53911.3288 1.3000 0.0171
53851.4182 1.3939 0.0145
53462.4885 1.5940 0.0221
53853.4352 1.4525 0.0147
53586.2942 1.4736 0.0103
53524.3013 1.5551 0.0088
54186.5147 1.5491 0.0161
52698.6084 1.3288 0.0098
52730.5541 1.2974 0.0337
54531.5740 1.5604 0.0079
53466.6127 1.5429 0.0101
57420.5528 1.3983 0.0294
52710.6200 1.3275 0.0120
53583.3046 1.4383 0.0105
54570.4284 1.7468 0.0222
53799.4817 1.3362 0.0156
52817.2960 1.1394 0.0215
54262.4012 1.2872 0.0115
54209.4929 1.3909 0.0097
54624.3824 1.6926 0.0099
54176.5493 1.5109 0.0108
53505.3888 1.5124 0.0165
53769.6082 1.3989 0.0095
54561.4254 1.6541 0.0101
53146.4901 1.4746 0.0111
54153.5968 1.4107 0.0107
54117.6461 1.4217 0.0095
54213.5722 1.3425 0.0131
54524.5266 1.5015 0.0170
53553.4142 1.4243 0.0109
54144.5888 1.3216 0.0108
53578.3431 1.3166 0.0150
53411.6236 1.5063 0.0100
54511.5807 1.5353 0.0084
54151.6503 1.4097 0.0116
54614.3924 1.6367 0.0111
53936.3074 1.3162 0.0109
54255.3352 1.3222 0.0162
54600.4459 1.5914 0.0277
53200.2667 1.2864 0.0107
54621.4059 1.7152 0.0104
54266.2923 1.2724 0.0105
54557.5455 1.6438 0.0107
54234.4877 1.4150 0.0104
53859.3669 1.4377 0.0147
53473.5879 1.5125 0.0124
53121.5132 1.3903 0.0103
54591.3863 1.5880 0.0099
54179.5219 1.4882 0.0104
54563.4941 1.6371 0.0113
52813.3474 1.1449 0.0131
54588.5522 1.5913 0.0147
53175.3845 1.3613 0.0101
53883.3893 1.3273 0.0115
54183.5063 1.5429 0.0113
53551.3290 1.4438 0.0103
53939.3067 1.3753 0.0111
53875.3594 1.2803 0.0100
53772.6264 1.3900 0.0114
52792.4193 1.1519 0.0185
54201.4537 1.4006 0.0111
53527.3526 1.5349 0.0104
54535.5077 1.6588 0.0097
53446.5324 1.3593 0.0104
53943.3027 1.3524 0.0110
54259.3128 1.2799 0.0096
53138.4614 1.4650 0.0115
53109.5778 1.3711 0.0151
53469.5188 1.5465 0.0109
53178.3751 1.3850 0.0101
53149.3330 1.5048 0.0104
53906.3684 1.2690 0.0126
52722.5967 1.3058 0.0231
53390.6489 1.3379 0.0109
53531.3615 1.4838 0.0108
53916.3248 1.3203 0.0142
53117.4850 1.3803 0.0101
53766.6170 1.4579 0.0100
53495.4394 1.6486 0.0112
52815.2953 1.1558 0.0075
54597.4509 1.6045 0.0101
53855.4161 1.4018 0.0107
54124.6309 1.2386 0.0098
54205.4858 1.3594 0.0120
54594.4526 1.5503 0.0101
53165.4100 1.4418 0.0100
54618.4140 1.7429 0.0103
53195.3465 1.3452 0.0101
53743.6336 1.3247 0.0093
54229.4787 1.3979 0.0186
53518.4479 1.5398 0.0241
54538.5772 1.6858 0.0120
54113.6612 1.4738 0.0142
53083.6071 1.4051 0.0111
53502.3879 1.5471 0.0119
53892.3770 1.2806 0.0219
54120.6630 1.2835 0.0141
53879.3083 1.3144 0.0112
53500.3158 1.5728 0.0110
53888.4064 1.3011 0.0122
54528.5221 1.5536 0.0089
52791.4573 1.1280 0.0190
52721.6238 1.3426 0.0316
56811.4286 1.4172 0.0334
57213.2820 1.4555 0.0281
56841.3128 1.4346 0.0436
57216.2706 1.5733 0.0310
56772.5313 1.3601 0.0451
57433.5227 1.4416 0.0283
57459.5423 1.4853 0.0322
57160.3607 1.4103 0.0287
57547.3894 1.2404 0.0291
56744.5487 1.3256 0.0400
56781.3448 1.3581 0.0456
57223.3574 1.4911 0.0319
56837.3164 1.4237 0.0360
56722.4431 1.3583 0.0367
56809.4513 1.2631 0.0373
56798.4174 1.3179 0.0335
56835.3144 1.4476 0.0337
56831.3117 1.3574 0.0338
56712.4754 1.2401 0.0375
57520.3067 1.3144 0.0373
56805.4052 1.3082 0.0365
56807.2850 1.3444 0.0357
57479.5414 1.4112 0.0351
56801.3407 1.3286 0.0387
57508.4044 1.3222 0.0311
57194.4042 1.4141 0.0310
56778.2926 1.3485 0.0404
56751.3388 1.3402 0.0423
57133.4154 1.4124 0.0315
56715.5467 1.2667 0.0349
57157.4382 1.3303 0.0352
53463.5851 1.5120 0.0211
56833.3206 1.3970 0.0347
57220.2575 1.5156 0.0380
57542.3556 1.3878 0.0295
56723.4853 1.4039 0.0370
56839.3084 1.4129 0.0387
53523.4194 1.5146 0.0181
57567.2909 1.3873 0.0378
57078.4405 1.3616 0.0346
54620.3602 1.8628 0.0262
56780.3024 1.3211 0.0472
56783.3366 1.3553 0.0528
52790.3997 1.1397 0.0213
53563.3393 1.4321 0.0232
57185.4561 1.4253 0.0437
57492.5382 1.3285 0.0426
56776.4549 1.3069 0.0410
57191.4231 1.2460 0.0394
56803.4006 1.4047 0.0459
57123.5324 1.2952 0.0686
57134.4685 1.3715 0.0561
57195.4008 1.4713 0.0493
57105.5603 1.2820 0.0487
53890.4800 1.3621 0.0611
53198.3064 1.2637 0.0920
57104.4590 1.5383 0.0614
57166.3198 1.3070 0.0868
57460.4767 1.5241 0.0969
54619.3119 1.5250 0.0587
53770.6182 1.3548 0.0216
56743.5165 1.2398 0.0442
