56743.5337 1.3832 0.0421
57420.5572 1.4146 0.0396
53496.3537 1.6590 0.0097
52793.2667 1.6560 0.0273
57160.3682 1.4838 0.0405
56781.3519 1.4339 0.0634
57542.3624 1.4657 0.0407
57191.4316 1.5032 0.0482
57492.5472 1.5845 0.0458
57547.3961 1.4575 0.0415
56751.3461 1.5318 0.0603
56837.3235 1.3465 0.0535
57216.2781 1.4441 0.0460
57104.4664 1.5713 0.0398
57213.2898 1.4911 0.0406
56780.3093 1.3991 0.0624
57220.2657 1.5344 0.0451
57520.3145 1.4061 0.0535
56778.2997 1.3372 0.0560
56776.4622 1.4109 0.0532
57185.4642 1.5207 0.0526
57123.5435 1.6876 0.0707
56715.5538 1.4326 0.0502
57194.4118 1.4588 0.0452
56798.4244 1.4161 0.0492
57157.4460 1.4438 0.0510
56783.3448 1.4448 0.0715
57459.5499 1.4921 0.0448
56723.4924 1.4318 0.0580
57223.3649 1.4778 0.0466
56805.4124 1.2415 0.0546
56835.3214 1.5828 0.0497
57508.4116 1.4411 0.0417
56807.2921 1.3762 0.0575
56833.3278 1.2442 0.0502
56722.4502 1.4571 0.0535
56803.4657 1.3838 0.0633
57433.5294 1.4666 0.0402
57479.5481 1.4285 0.0571
56839.3155 1.4087 0.0558
56801.3478 1.5485 0.0553
57567.2978 1.4208 0.0418
56744.5177 1.4998 0.0551
56831.3189 1.3442 0.0493
56841.3201 1.1127 0.0640
56712.4825 1.5013 0.0545
56811.4358 1.4727 0.0493
56809.4585 1.2877 0.0551
56772.5401 1.5995 0.0784
57166.3297 1.4190 0.0877
53388.6169 1.6119 0.0185
57133.5998 1.5858 0.0927
54620.3631 1.6721 0.0433
56741.6014 1.3537 0.0685
57134.4730 1.4503 0.0752
