57420.5677 9.2833 0.0207
56833.3418 10.1515 0.0279
56741.6195 9.5160 0.0382
56801.3605 9.8487 0.0302
57479.5556 10.3760 0.0271
56831.3291 10.1538 0.0289
57547.4058 11.2196 0.0268
56772.5507 9.5717 0.0334
56811.4461 9.9349 0.0290
56809.4696 9.7585 0.0325
56712.4926 9.6708 0.0299
56798.4349 9.9947 0.0291
57191.4467 9.0886 0.0273
56715.5640 9.6430 0.0284
57223.3757 9.7523 0.0264
56837.3341 10.3877 0.0303
57433.5390 9.8905 0.0251
56835.3320 10.2759 0.0292
56841.3312 10.6912 0.0327
56751.3562 9.5115 0.0311
56807.3024 9.9123 0.0306
56776.4724 9.5887 0.0298
56744.5349 9.6241 0.0308
57134.4864 8.1794 0.0274
57220.2763 9.6182 0.0293
57157.4572 8.3481 0.0265
56839.3263 10.5186 0.0320
57492.5581 10.6141 0.0276
57216.2893 9.7793 0.0264
56805.4232 9.9209 0.0305
56723.5026 9.7048 0.0308
57542.3723 11.0668 0.0263
56803.4683 9.6395 0.0368
56778.3091 9.3451 0.0329
57160.4436 8.4639 0.0266
57213.3003 9.7837 0.0259
56722.4631 9.7696 0.0312
56780.3182 9.7715 0.0349
56781.3604 9.6635 0.0367
57520.3238 10.9364 0.0308
56783.3559 9.7567 0.0390
57508.4198 10.7674 0.0297
57123.5612 8.3310 0.0400
57166.3437 8.6813 0.0350
57185.4812 8.9136 0.0424
57078.4750 9.2079 0.0357
57104.4962 8.8534 0.0331
57567.3002 11.2453 0.0478
52814.3124 6.0907 0.0102
57105.5715 8.7128 0.0441
56743.4968 9.4919 0.0762
54620.3599 9.2503 0.0436
57460.4752 10.2596 0.0716
57194.4010 9.2884 0.0602
57459.5392 10.2571 0.0640
57133.4122 8.2639 0.0596
56721.5924 9.4937 0.0763
57419.5273 9.3932 0.1100
57195.3993 9.2068 0.0961
53770.6220 5.7792 0.0306
