57420.5648 2.8635 0.0295
57191.4456 2.9005 0.0348
53496.3516 2.7323 0.0079
56833.3407 2.6687 0.0381
57134.4846 3.0323 0.0382
56839.3248 2.6989 0.0451
56751.3553 2.4999 0.0445
56831.3281 2.6082 0.0391
56783.3558 2.6421 0.0566
57520.3246 2.8675 0.0391
56805.4223 2.6184 0.0442
56723.5016 2.3093 0.0424
57479.5576 2.9225 0.0392
57123.5575 2.8518 0.0542
57542.3711 2.6815 0.0314
57160.3779 2.8584 0.0324
57157.4560 2.8239 0.0387
56776.4714 2.6779 0.0413
56798.4341 2.8269 0.0402
56835.3306 2.6467 0.0397
56803.4771 2.5714 0.0517
56837.3334 2.7633 0.0425
57492.5572 2.8952 0.0378
56809.4686 2.6202 0.0447
56741.6140 2.2903 0.0599
57216.2878 2.6442 0.0351
56778.3088 2.6290 0.0438
56801.3570 2.5972 0.0434
56780.3187 2.5569 0.0453
56744.5276 2.5052 0.0440
57433.5379 3.0215 0.0320
57223.3746 2.7328 0.0359
56715.5630 2.3946 0.0389
56781.3610 2.6277 0.0491
57220.2754 2.7526 0.0361
56811.4451 2.6981 0.0404
56722.4603 2.3981 0.0407
57508.4204 2.9953 0.0350
56807.3013 2.5897 0.0402
56841.3295 2.5677 0.0483
57567.3072 2.7046 0.0369
56712.4916 2.4278 0.0420
57547.4049 2.7920 0.0326
56772.5497 2.4703 0.0492
57213.2988 2.5976 0.0387
52793.2667 2.7538 0.0283
57104.4873 2.7709 0.0439
57166.3406 2.8776 0.0652
57185.4755 2.8604 0.0429
57078.4806 2.6272 0.0494
57105.5696 2.6834 0.0789
53388.6169 2.7160 0.0195
53770.6220 2.6616 0.0269
54620.3581 2.5400 0.0467
