57420.5582 26.0323 0.0456
56743.5383 28.1368 0.0651
56741.6094 28.2656 0.0798
53496.3516 32.1480 0.0166
56744.5188 28.5284 0.0711
56780.3104 28.2466 0.0750
56833.3288 27.7973 0.0697
56807.2931 28.2170 0.0766
57479.5491 26.0314 0.0643
56712.4835 28.3105 0.0709
56778.3007 28.3810 0.0723
56837.3245 27.7144 0.0707
57220.2668 26.7797 0.0622
57567.2988 25.8186 0.0621
56776.4632 28.7938 0.0722
57191.4328 27.3719 0.0625
56831.3199 27.6294 0.0687
57216.2792 26.8946 0.0638
56839.3166 27.5227 0.0727
57223.3660 26.8071 0.0628
56841.3211 27.5609 0.0737
57194.4128 26.9503 0.0618
56722.4512 28.0905 0.0705
57542.3634 25.7455 0.0619
56723.4935 28.2525 0.0763
56805.4134 28.1418 0.0730
57508.4126 26.0064 0.0617
57185.4654 27.0091 0.0643
56781.3529 28.5451 0.0755
57433.5303 26.1783 0.0600
56801.3488 28.0574 0.0713
57492.5483 26.0056 0.0659
57520.3156 25.9125 0.0627
56811.4368 28.3567 0.0687
56772.5406 28.7497 0.0785
56809.4595 28.1263 0.0732
56803.4668 28.2613 0.0762
56798.4255 28.2664 0.0673
56783.3458 28.5516 0.0775
56715.5548 28.2088 0.0686
57160.3693 26.8370 0.0587
57547.3970 26.0189 0.0615
57213.2908 26.8656 0.0589
56835.3225 27.6444 0.0683
56751.3471 28.5790 0.0740
57157.4471 26.8590 0.0647
57123.5441 26.9485 0.0870
57104.4669 28.8278 0.0974
52793.2667 31.1791 0.0523
57133.6028 27.4379 0.0824
57459.5499 25.9622 0.0880
57134.4738 27.1688 0.0984
57166.3310 27.0516 0.1023
53388.6169 28.7627 0.0396
54620.3631 25.7653 0.0887
