56743.5106 7.4392 0.0244
57420.5507 8.3982 0.0224
56741.5986 7.2818 0.0395
56803.4212 7.1906 0.0322
57479.5399 7.0832 0.0283
57157.4393 8.9401 0.0293
56807.2860 6.5180 0.0294
57213.2831 8.7482 0.0255
56780.3030 7.3398 0.0340
56805.4062 7.2087 0.0301
57542.3566 7.1830 0.0253
57508.4054 6.8193 0.0256
57194.4053 8.8181 0.0272
56783.3371 7.3533 0.0363
56837.3170 7.6658 0.0301
57160.3618 8.9017 0.0260
57459.5434 7.2289 0.0272
56776.4560 7.2804 0.0305
56723.4864 6.6075 0.0301
56751.3398 7.2149 0.0332
56781.3458 7.4251 0.0350
56841.3138 7.9296 0.0340
57216.2717 8.6747 0.0274
57433.5237 8.2782 0.0257
57567.2943 7.1289 0.0284
56839.3094 7.8194 0.0321
56801.3416 7.1248 0.0309
56712.4764 7.5030 0.0310
56778.2936 7.3465 0.0323
56715.5477 7.5363 0.0298
57223.3585 8.7067 0.0276
56811.4296 7.4537 0.0285
56798.4182 7.2445 0.0283
57520.3078 6.7232 0.0280
56772.5325 7.2881 0.0341
56744.5497 7.3854 0.0316
57133.4871 8.8103 0.0294
56835.3154 7.6171 0.0289
56831.3127 7.4452 0.0289
56833.3217 7.5171 0.0290
57547.3904 7.1728 0.0255
57220.2584 8.5900 0.0320
56809.4521 7.2613 0.0324
56722.4446 7.3796 0.0322
57492.5394 6.9118 0.0306
57078.4400 7.5855 0.0307
57185.4632 8.8045 0.0390
57134.4695 8.8895 0.0405
57195.4013 8.8935 0.0434
57191.4233 8.8492 0.0419
57460.4762 7.2260 0.0592
57123.5334 8.6700 0.0628
57166.3221 8.7714 0.0549
56721.5929 7.2895 0.0675
57105.5609 8.9124 0.0553
57104.4594 8.9714 0.0467
53883.4566 8.8876 0.0155
53884.4341 9.2576 0.0159
53475.5735 12.5155 0.0278
57419.5273 8.2599 0.1116
54620.3656 10.6769 0.0645
53770.6182 12.5150 0.0357
