57420.5582 4.1262 0.0300
56743.5381 3.4640 0.0411
56811.4368 3.7434 0.0387
56780.3104 4.0034 0.0477
56833.3288 3.3847 0.0396
56807.2931 3.5585 0.0435
57479.5491 3.9609 0.0414
56778.3007 2.7200 0.0412
56837.3245 3.3928 0.0409
57220.2668 4.1489 0.0360
57567.2988 3.8714 0.0346
57191.4328 4.0099 0.0369
56831.3199 3.4553 0.0382
57216.2792 4.0728 0.0361
56839.3166 3.2346 0.0430
57223.3660 4.1150 0.0368
56712.4835 3.7182 0.0415
57194.4128 4.2309 0.0363
56722.4512 3.6407 0.0406
56744.5188 3.7146 0.0418
57542.3634 3.5992 0.0340
56723.4935 3.6657 0.0458
56805.4134 3.7476 0.0432
57185.4654 4.1137 0.0408
57433.5303 4.2437 0.0335
56801.3488 3.4941 0.0418
57492.5483 3.7779 0.0394
56772.5406 3.7347 0.0523
56798.4255 3.7498 0.0384
56715.5548 3.6743 0.0387
57160.3693 3.7302 0.0323
57547.3970 3.6702 0.0335
57213.2908 4.0918 0.0330
56835.3225 3.2815 0.0379
53496.3500 3.7029 0.0093
56751.3471 3.5344 0.0447
57157.4471 4.0359 0.0396
56741.6155 3.6321 0.0795
57104.4669 4.2225 0.0614
52793.2667 4.1384 0.0296
57133.6028 3.8973 0.0527
57508.4136 3.4726 0.0486
56803.4679 3.5459 0.0683
57520.3167 3.6886 0.0601
56781.3540 3.5137 0.0672
53388.6201 3.6314 0.0155
56776.4642 3.6638 0.0607
56841.3222 3.3196 0.0678
57459.5499 4.2812 0.0523
56783.3468 3.5760 0.0731
56809.4605 3.5656 0.0600
57134.4738 4.0678 0.0597
57166.3310 3.7456 0.0662
54620.3631 3.0870 0.0446
57123.5453 4.0025 0.1311
