56743.5064 1.9831 0.0287
52698.6084 1.5864 0.0098
57420.5495 1.6816 0.0299
57508.4044 2.1606 0.0337
56776.4550 2.2612 0.0427
56780.3019 2.1636 0.0484
56803.4007 1.8086 0.0467
56831.3117 1.4762 0.0371
56778.2926 2.0790 0.0450
56835.3144 1.5698 0.0370
57542.3556 1.7331 0.0307
57547.3894 1.6776 0.0307
56723.4853 1.9149 0.0415
57567.2907 1.6834 0.0373
56805.4052 1.9244 0.0412
57433.5227 1.8195 0.0299
56839.3084 1.3953 0.0421
57459.5423 1.9528 0.0341
57160.3607 1.8819 0.0308
56712.4754 1.9038 0.0422
57133.4154 1.9290 0.0335
57194.4042 2.0308 0.0333
56715.5467 1.8542 0.0397
57157.4382 1.9045 0.0375
56744.5487 2.0637 0.0451
57216.2706 1.7921 0.0324
56841.3128 1.4533 0.0468
56781.3448 2.2041 0.0508
57223.3574 1.7725 0.0336
56751.3388 2.1718 0.0473
56837.3164 1.5991 0.0395
56833.3206 1.5571 0.0381
56807.2850 1.8948 0.0403
57479.5414 2.0415 0.0372
57213.2820 1.7988 0.0298
56722.4431 2.0413 0.0417
57078.4375 1.9979 0.0422
57220.2575 1.8981 0.0399
56772.5313 2.1014 0.0497
56801.3407 1.9192 0.0432
57520.3067 1.7778 0.0390
56809.4513 1.8260 0.0421
56783.3361 2.1118 0.0532
56798.4174 1.9460 0.0377
56811.4286 1.8275 0.0376
57185.4561 2.0054 0.0468
57492.5382 2.0373 0.0454
52815.2974 1.8960 0.0103
57191.4231 1.9823 0.0426
56741.5901 2.0621 0.0578
57460.4772 1.9537 0.0840
57195.4008 1.8961 0.0523
57166.3209 2.0529 0.0696
57123.5324 1.8291 0.0724
57105.5603 1.7742 0.0520
57134.4685 1.8609 0.0598
56721.5940 1.8550 0.1153
57104.4590 1.8309 0.0643
54620.3656 1.2427 0.0427
53770.6182 1.7820 0.0236
