53462.4886 7.1112 0.0568
53847.5732 7.4140 0.0771
53911.3288 8.1726 0.0196
53851.4182 7.5784 0.0168
57420.5694 8.0900 0.0292
52730.5552 8.2829 0.0418
56801.3749 5.9819 0.0307
53853.4352 7.6339 0.0170
53586.2942 6.9095 0.0125
53524.3013 7.2074 0.0111
54186.5147 6.5732 0.0175
52698.6084 8.5407 0.0131
54531.5740 6.9757 0.0105
56833.3438 7.3641 0.0340
53466.6127 7.0644 0.0125
57479.5535 7.6741 0.0358
52710.6200 8.5206 0.0156
53583.3046 6.9388 0.0132
56712.4933 7.4407 0.0398
56778.3105 8.0049 0.0429
56837.3344 5.5108 0.0372
57542.3728 8.2920 0.0340
56751.3569 7.8312 0.0426
54570.4284 6.9041 0.0233
57216.2910 8.4068 0.0357
56831.3298 7.4379 0.0376
57520.3262 8.2413 0.0372
53799.4817 6.9133 0.0190
56781.3627 7.9091 0.0455
52817.2960 8.0538 0.0279
56839.3272 5.6267 0.0407
57433.5402 8.5701 0.0342
53505.3888 7.1156 0.0186
57213.3010 8.4164 0.0328
56776.4730 8.0010 0.0402
54262.4012 7.3483 0.0145
57492.5586 7.0966 0.0357
56780.3206 8.0233 0.0433
57508.4220 7.4023 0.0342
54209.4929 7.3931 0.0131
54624.3824 7.1396 0.0131
56715.5647 7.3801 0.0380
57547.4064 8.3837 0.0351
57191.4580 4.6979 0.0352
56783.3576 8.0085 0.0479
56772.5511 8.0157 0.0460
56807.3031 7.4098 0.0388
56723.5033 7.5438 0.0404
56744.5417 6.1012 0.0395
57220.2768 8.2913 0.0422
57223.3764 8.3778 0.0358
56741.6175 5.0484 0.0518
53769.6082 7.1708 0.0130
54561.4254 7.1150 0.0131
56835.3328 5.8102 0.0358
53146.4901 6.9994 0.0143
54151.6503 7.2675 0.0152
54153.5968 7.2600 0.0146
54117.6461 7.0462 0.0131
57157.4559 8.2354 0.0397
54524.5266 7.4793 0.0194
53553.4142 7.1960 0.0145
54144.5888 7.2993 0.0144
53578.3431 7.0246 0.0183
53411.6236 7.4611 0.0137
54511.5807 7.5475 0.0121
54213.5722 7.3022 0.0167
54614.3924 7.0464 0.0144
53936.3074 8.1491 0.0151
54255.3352 6.7761 0.0183
54600.4459 7.0042 0.0289
53200.2667 7.5540 0.0143
54621.4059 7.1046 0.0137
52790.4028 7.8348 0.1327
54266.2923 7.1020 0.0140
54557.5455 7.1909 0.0140
53859.3669 7.7805 0.0176
53473.5879 7.1060 0.0155
53121.5132 7.2943 0.0137
54591.3863 6.9805 0.0131
54179.5219 7.4720 0.0140
54563.4941 7.0820 0.0145
52813.3474 8.0746 0.0176
54588.5522 6.5968 0.0173
53175.3845 7.3253 0.0140
53883.3893 7.9171 0.0154
54234.4877 7.2783 0.0140
53109.5778 7.2867 0.0182
54183.5063 7.5308 0.0149
53551.3290 7.1794 0.0137
53531.3615 7.1838 0.0142
53939.3067 8.1779 0.0152
53772.6264 7.0893 0.0150
52792.4193 8.2799 0.0229
54201.4537 7.4866 0.0147
54535.5077 7.3449 0.0132
53446.5324 7.2464 0.0138
53943.3027 8.1676 0.0153
54259.3128 7.5028 0.0135
53138.4614 7.0004 0.0146
53469.5188 7.1320 0.0142
53178.3751 7.3988 0.0138
53149.3330 7.2432 0.0135
53906.3684 8.2547 0.0170
52722.5967 8.3350 0.0259
53390.6489 7.5379 0.0145
53916.3248 8.1838 0.0179
53117.4850 7.1535 0.0135
57134.4897 8.3933 0.0416
53766.6170 7.1762 0.0138
53495.4394 7.0619 0.0144
52815.2953 8.0457 0.0103
56722.4665 7.7020 0.0457
54176.5642 7.4624 0.0142
54124.6309 7.0676 0.0135
53875.3594 7.9305 0.0143
54205.4858 7.4731 0.0155
54594.4526 6.9468 0.0134
53165.4100 7.1503 0.0135
54618.4140 7.0575 0.0134
53527.3526 7.2466 0.0137
53195.3465 7.4986 0.0138
54229.4787 7.2562 0.0209
53855.4161 7.7434 0.0145
53518.4479 7.1686 0.0259
54538.5772 7.2992 0.0155
54113.6612 6.9656 0.0166
53743.6336 7.3106 0.0132
53083.6071 7.8124 0.0149
53502.3879 7.0373 0.0148
54597.4509 6.9278 0.0133
53892.3770 8.1470 0.0239
54120.6630 7.0555 0.0170
53879.3083 7.9276 0.0152
53500.3158 7.0542 0.0140
53888.4064 7.9523 0.0157
54528.5221 7.4894 0.0124
52791.4573 8.4437 0.0237
52721.6238 8.4375 0.0343
56811.4574 7.6649 0.0473
57166.3458 8.5372 0.0507
56798.4478 5.3568 0.0481
56805.4347 6.8467 0.0495
56841.3435 7.7938 0.0527
57160.4337 7.8619 0.0424
56809.4820 7.7838 0.0528
53463.5851 7.0604 0.0242
53523.4194 7.2066 0.0216
54620.3602 6.5165 0.0331
56803.4932 7.5040 0.0769
57078.4706 8.0378 0.0463
53563.3393 7.2537 0.0271
57104.4896 8.5051 0.0557
56743.4968 7.9148 0.0765
57460.4752 9.0080 0.0734
57459.5392 8.6661 0.0643
57567.2875 9.0873 0.0637
57123.5770 8.2273 0.0829
57133.4122 8.2660 0.0615
57185.4913 8.4047 0.0666
56721.5924 8.0499 0.0773
53890.4800 7.7927 0.0788
53198.3064 7.4368 0.1007
57105.5754 8.2950 0.0995
54619.3119 6.5078 0.0732
53770.6182 7.0693 0.0297
57419.5273 7.9838 0.1114
