53462.4886 11.9680 0.0580
53847.5732 10.6163 0.0780
56743.5069 9.6637 0.0327
53911.3288 9.1572 0.0202
53851.4182 10.2819 0.0179
52730.5552 10.0717 0.0446
53853.4352 10.0176 0.0180
53586.2942 12.2664 0.0145
53524.3013 11.7613 0.0128
54186.5147 9.0002 0.0185
52698.6084 9.7808 0.0133
54531.5740 8.2123 0.0112
57420.5495 6.2692 0.0333
53466.6127 12.3174 0.0146
52710.6200 10.0792 0.0164
53583.3046 12.2770 0.0157
54570.4284 8.1526 0.0241
53799.4817 9.9182 0.0207
52817.2960 10.8417 0.0307
54262.4012 8.6611 0.0153
54209.4929 8.7286 0.0140
54624.3824 9.1222 0.0143
54176.5493 9.5967 0.0153
53505.3888 12.5847 0.0207
53769.6082 10.3249 0.0148
54561.4254 8.3072 0.0140
53146.4901 12.4963 0.0169
54151.6503 9.8928 0.0169
54153.5968 9.9317 0.0163
54229.4787 9.0360 0.0218
54117.6461 9.5999 0.0147
54213.5722 8.7532 0.0177
54524.5266 8.3565 0.0199
53553.4142 11.5286 0.0169
54144.5888 9.8415 0.0159
53578.3431 12.1274 0.0212
53411.6236 13.3332 0.0167
54511.5807 8.6001 0.0128
54614.3924 8.4882 0.0154
53936.3074 9.9335 0.0163
54255.3352 8.7857 0.0193
54600.4459 7.9494 0.0294
53200.2667 11.3234 0.0162
54621.4059 8.8972 0.0149
52790.4028 10.4003 0.1350
54266.2923 8.6501 0.0150
54557.5455 8.1767 0.0147
54234.4877 8.7983 0.0150
53859.3669 9.5022 0.0184
53473.5879 12.5916 0.0182
53121.5132 10.5729 0.0154
54591.3863 7.8090 0.0137
54179.5219 9.3563 0.0151
54563.4941 8.2481 0.0153
52813.3474 10.5556 0.0191
54588.5522 7.6593 0.0181
53175.3845 12.1509 0.0165
53883.3893 9.5446 0.0165
54183.5063 9.0598 0.0159
53551.3290 11.6142 0.0160
53939.3067 10.2689 0.0165
57567.2958 8.1789 0.0445
53875.3594 9.1885 0.0151
53772.6264 10.1746 0.0169
52792.4193 10.6101 0.0246
54201.4537 8.3761 0.0154
53527.3526 11.7511 0.0160
54535.5077 8.1267 0.0138
53446.5324 12.9679 0.0168
53943.3027 10.1958 0.0167
54259.3128 8.6339 0.0143
53138.4614 11.7220 0.0170
53109.5778 10.6098 0.0199
53469.5188 12.4086 0.0169
53178.3751 12.0997 0.0161
53149.3330 12.8194 0.0160
53906.3684 9.3672 0.0178
52722.5967 10.2171 0.0268
53531.3615 11.5298 0.0165
53916.3248 9.3693 0.0188
53117.4850 10.5150 0.0153
53766.6170 10.3738 0.0157
53495.4394 12.8792 0.0174
52815.2953 10.7408 0.0110
54597.4509 7.8133 0.0140
53855.4161 9.7913 0.0157
54124.6309 9.8769 0.0152
54205.4858 8.5495 0.0163
54594.4526 7.8299 0.0141
53165.4100 12.8017 0.0162
54618.4140 8.8501 0.0145
53195.3465 11.4161 0.0159
53743.6336 10.6553 0.0152
53518.4479 12.0545 0.0275
54538.5772 8.1343 0.0162
54113.6612 9.5972 0.0179
53083.6071 11.6148 0.0169
53502.3879 13.0421 0.0176
53892.3770 9.7231 0.0246
54120.6630 9.6888 0.0184
53879.3083 9.4455 0.0162
53500.3158 13.3365 0.0170
53888.4064 9.6216 0.0167
54528.5221 8.4017 0.0130
52791.4573 10.5855 0.0251
52721.6238 10.1945 0.0352
56741.5892 9.5651 0.0624
56811.4286 7.8666 0.0441
57213.2820 5.0295 0.0341
56776.4550 9.9313 0.0510
56841.3128 7.1060 0.0511
57216.2706 4.8532 0.0367
56772.5313 10.1663 0.0561
56783.3361 9.2662 0.0577
56780.3019 9.5871 0.0550
57433.5227 6.0137 0.0364
57459.5423 5.9982 0.0401
57160.3607 5.0341 0.0348
57547.3894 7.2551 0.0398
56744.5487 10.0052 0.0530
56781.3448 9.6113 0.0569
57223.3574 4.8993 0.0374
56837.3164 7.0277 0.0452
56722.4431 9.4945 0.0497
56809.4513 8.0310 0.0486
56798.4174 8.7688 0.0453
56835.3144 6.9561 0.0432
56803.4007 8.5698 0.0532
56831.3117 6.7692 0.0432
56712.4754 10.1672 0.0511
57520.3067 6.0910 0.0430
56805.4052 8.5816 0.0484
56807.2850 8.4530 0.0481
57078.4375 6.7110 0.0462
57479.5414 5.7366 0.0409
56801.3407 8.7794 0.0503
57508.4044 6.0785 0.0395
57194.4042 5.4353 0.0375
56778.2926 9.7741 0.0532
56751.3388 9.9302 0.0543
53390.6505 12.9890 0.0194
57133.4154 4.9612 0.0371
56715.5467 10.1348 0.0491
57157.4382 4.9494 0.0408
53463.5851 11.9516 0.0268
56833.3206 6.8140 0.0438
57220.2575 4.7060 0.0416
57542.3556 7.1847 0.0398
56723.4853 9.4912 0.0497
56839.3084 7.2551 0.0480
53523.4194 11.8012 0.0244
54620.3602 8.8717 0.0367
53563.3393 11.8465 0.0301
57185.4561 5.4996 0.0507
57492.5382 5.7778 0.0515
57191.4231 5.4217 0.0475
57166.3209 5.0915 0.0737
57460.4772 6.0440 0.0913
57134.4685 4.6849 0.0640
57123.5324 5.1688 0.0736
57195.4008 5.4796 0.0593
57105.5603 6.3308 0.0611
53890.4800 9.7005 0.0849
56721.5940 9.8332 0.1323
53198.3064 11.1797 0.1069
57104.4590 6.3553 0.0782
54619.3119 7.5206 0.0770
53770.6182 10.2327 0.0333
