57420.5763 6.4302 0.0328
56801.3688 6.6612 0.0458
52814.3124 5.9458 0.0103
56833.3478 6.6006 0.0459
56744.5358 5.1177 0.0488
56776.4795 6.2986 0.0475
56772.5585 6.1711 0.0535
56723.5097 6.2492 0.0492
56781.3691 6.3294 0.0545
57123.5698 6.2831 0.0572
56831.3363 6.1715 0.0444
57213.3079 7.5053 0.0392
57223.3832 7.4987 0.0429
57134.4907 6.4009 0.0440
56798.4422 6.1031 0.0462
56722.4684 6.1237 0.0461
56839.3341 6.7167 0.0512
57160.5054 7.1730 0.0444
56751.3634 5.8158 0.0476
56805.4306 6.1541 0.0477
57520.3333 6.9397 0.0438
57542.3791 7.1800 0.0395
56809.4772 6.7911 0.0544
57479.5663 7.6350 0.0445
56803.4885 6.7151 0.0587
56837.3417 6.4392 0.0472
57433.5460 6.6815 0.0385
56835.3395 6.3071 0.0452
57547.4125 7.2788 0.0409
57492.5660 7.9803 0.0456
56715.5711 6.3795 0.0441
57191.4517 7.6202 0.0443
56741.6278 6.2399 0.0642
56712.4997 6.2999 0.0472
56778.3170 6.2681 0.0494
57220.2845 7.9742 0.0445
57157.4650 6.9710 0.0447
56807.3096 6.5815 0.0494
56780.3275 6.2949 0.0498
56811.4533 6.2928 0.0455
56841.3393 6.5112 0.0500
57508.4284 7.5362 0.0418
57216.2975 7.8727 0.0428
56783.3659 6.1734 0.0559
57185.4838 7.3505 0.0609
57166.3513 6.8101 0.0495
57078.4898 6.5357 0.0569
57105.5730 6.4484 0.0661
57104.5182 6.1582 0.0631
54620.3618 7.5653 0.0568
