57420.5648 1.5396 0.0275
57191.4456 1.4100 0.0311
53496.3516 2.0266 0.0075
56833.3407 1.8252 0.0348
57134.4846 1.1276 0.0340
56751.3553 1.8309 0.0413
56831.3281 1.8503 0.0357
56783.3558 1.7370 0.0544
57520.3246 1.9808 0.0370
56805.4223 1.8696 0.0406
56723.5016 1.6874 0.0392
57479.5576 1.8171 0.0364
57123.5575 1.1153 0.0513
57542.3711 1.8698 0.0288
57160.3779 1.2763 0.0282
57157.4560 1.1701 0.0345
56776.4714 1.8205 0.0381
56798.4341 1.9923 0.0368
56835.3306 1.7597 0.0362
56803.4771 1.9190 0.0486
56837.3334 1.7807 0.0386
57492.5572 1.8058 0.0342
56809.4686 1.8168 0.0410
56741.6140 1.8546 0.0572
57216.2878 1.5633 0.0315
56778.3088 1.7906 0.0407
56801.3570 1.8459 0.0401
56780.3187 1.9295 0.0428
56744.5276 1.7406 0.0406
57433.5379 1.6605 0.0282
57223.3746 1.7943 0.0329
56715.5630 1.6826 0.0356
56781.3610 1.8398 0.0463
57220.2754 1.5719 0.0323
56811.4451 1.9220 0.0369
56722.4603 1.8564 0.0378
57508.4204 2.0120 0.0319
56807.3013 1.9129 0.0367
56841.3295 1.7077 0.0451
57567.3072 2.0315 0.0339
56712.4916 1.7786 0.0388
57547.4049 1.8629 0.0297
56772.5497 1.6231 0.0464
57213.2988 1.5760 0.0347
52793.2667 1.8632 0.0267
57104.4873 1.2125 0.0389
56839.3246 1.8740 0.0458
57166.3406 1.3096 0.0596
57185.4755 1.3231 0.0390
57078.4806 1.3602 0.0439
57105.5696 1.1170 0.0696
53388.6169 1.6156 0.0181
53770.6220 1.5234 0.0240
54620.3581 1.6877 0.0415
