57479.5240 4.0932 0.0236
56715.4984 3.7596 0.0344
57420.5453 3.9892 0.0318
56803.4112 3.5886 0.0359
56743.5101 3.8674 0.0353
56741.5899 3.8879 0.0518
57567.2896 4.1153 0.0299
56723.4803 3.4928 0.0367
56781.3397 3.8356 0.0459
56809.4460 3.6418 0.0369
56721.5901 3.7000 0.0413
56798.4117 3.6055 0.0330
56778.2875 3.9668 0.0400
56805.4000 3.5819 0.0342
56837.3096 3.5892 0.0348
57520.3008 4.1633 0.0432
57542.3509 4.0101 0.0274
56776.4499 3.8559 0.0363
57460.4734 4.2675 0.0306
56833.3155 3.5886 0.0336
57508.3994 4.2072 0.0294
56780.2967 3.9143 0.0427
56835.3093 3.5378 0.0328
56831.3066 3.6135 0.0333
56744.5344 3.8256 0.0369
56751.3336 3.7856 0.0428
56811.4234 3.7205 0.0330
56783.3308 3.9002 0.0470
56841.3074 3.4261 0.0416
57492.5332 4.2112 0.0330
56801.3352 3.7082 0.0385
56839.3033 3.3738 0.0369
57459.5373 4.2504 0.0311
56772.5257 3.8292 0.0446
56807.2799 3.7549 0.0367
53496.3516 5.7794 0.0091
56712.4708 3.6831 0.0406
57433.5183 4.0157 0.0298
57216.2664 2.9456 0.0338
57160.3564 2.6186 0.0311
56829.3208 3.5892 0.0484
56800.5027 3.6219 0.0698
57213.2777 2.9821 0.0309
57194.3999 2.6827 0.0337
57133.4106 2.6059 0.0319
57220.2508 2.9236 0.0885
57223.3531 2.9101 0.0344
57157.4336 2.6683 0.0354
56722.4392 3.6493 0.0473
57547.3854 3.9534 0.0304
57419.5251 4.1004 0.0636
57191.4184 2.6114 0.0441
52793.2667 5.0801 0.0314
57123.5278 2.5719 0.0890
57104.4484 2.2388 0.0450
57156.4565 2.6283 0.0597
57134.4666 2.5390 0.0567
56711.5225 3.7541 0.0837
57195.3988 2.6678 0.0537
57185.4502 2.4452 0.0563
57078.4234 2.3343 0.0537
57166.3176 2.5693 0.0940
57155.3863 2.8765 0.2549
53388.6169 4.6073 0.0215
57105.5577 2.4697 0.0738
