56743.5383 7.4040 0.0458
53496.3516 6.4961 0.0096
56780.3104 8.1631 0.0552
56778.3007 8.1951 0.0511
56803.4668 7.8070 0.0557
56776.4632 8.0827 0.0504
57191.4328 9.7645 0.0450
56841.3211 7.8828 0.0552
56805.4134 7.8254 0.0513
53475.5607 5.2004 0.0110
57420.5572 9.9631 0.0499
56781.3529 5.2856 0.0518
57194.4128 9.7726 0.0439
56809.4595 7.6919 0.0507
56798.4255 8.0413 0.0451
56783.3458 7.7410 0.0587
57133.6028 9.8913 0.0635
52793.2667 7.8568 0.0341
56741.6134 7.2475 0.0856
57160.3682 9.9407 0.0582
57542.3624 10.1382 0.0608
57492.5472 10.3235 0.0633
57547.3961 10.3084 0.0618
56751.3461 7.6053 0.0728
56837.3235 7.9867 0.0682
56772.5395 7.9955 0.0858
57216.2781 10.0554 0.0652
57104.4664 9.5406 0.0565
57213.2898 10.1686 0.0587
57220.2657 10.2081 0.0629
57185.4642 9.8893 0.0671
57520.3145 10.3483 0.0677
57123.5435 9.6993 0.0801
56715.5538 7.3930 0.0638
57157.4460 10.0954 0.0679
56722.4502 7.4315 0.0670
57459.5499 10.1263 0.0636
56723.4924 7.2103 0.0708
57223.3649 10.2825 0.0647
56835.3214 7.8946 0.0642
57508.4116 10.3374 0.0615
56807.2921 7.7037 0.0733
56833.3278 7.8379 0.0652
57433.5294 10.1074 0.0598
57479.5481 10.2045 0.0736
56839.3155 7.8543 0.0700
56801.3478 7.8271 0.0688
57567.2978 9.7693 0.0613
56744.5177 7.4296 0.0677
56831.3189 7.8882 0.0647
56712.4825 7.1616 0.0668
56811.4358 7.8668 0.0640
57166.3297 10.0906 0.1102
53388.6169 6.5928 0.0238
54620.3631 5.8301 0.0539
53467.5113 6.0502 0.0199
57134.4730 10.1116 0.1007
