57420.5582 2.2708 0.0301
53475.5639 1.3938 0.0082
56811.4368 1.1207 0.0364
57216.2792 1.9304 0.0346
56833.3288 0.9560 0.0374
57479.5491 2.1746 0.0414
56778.3007 1.2208 0.0409
56837.3245 0.9987 0.0392
57567.2988 2.0205 0.0342
56776.4632 1.2681 0.0401
57191.4328 1.9772 0.0355
56831.3199 1.0011 0.0360
56839.3166 0.9660 0.0413
57223.3660 1.9194 0.0352
56841.3211 1.0832 0.0461
56712.4835 1.3377 0.0398
57194.4128 1.9864 0.0344
56722.4512 1.3334 0.0391
56744.5188 1.2427 0.0402
57542.3634 2.3002 0.0347
56805.4134 1.0478 0.0408
57508.4126 2.0495 0.0345
57185.4654 1.8229 0.0390
56781.3529 1.1515 0.0457
57433.5303 2.2993 0.0331
56835.3225 0.9777 0.0361
56801.3488 1.0311 0.0400
57492.5483 2.1957 0.0404
57520.3156 2.2237 0.0421
57220.2668 1.9225 0.0342
56809.4595 1.1220 0.0408
56798.4255 0.9937 0.0359
56783.3458 1.2296 0.0505
56715.5548 1.3770 0.0370
57160.3693 2.0518 0.0315
57547.3970 2.2287 0.0340
57213.2908 2.0854 0.0316
56751.3471 1.2579 0.0433
57157.4471 2.1512 0.0384
56723.4933 1.3005 0.0457
57123.5441 2.0602 0.0644
57104.4669 1.8234 0.0601
56780.3110 1.1359 0.0489
57133.6028 2.0159 0.0515
56743.5363 1.2186 0.0510
57459.5499 2.2544 0.0514
57134.4738 1.7790 0.0567
57166.3310 1.8429 0.0648
56772.5413 1.2565 0.0526
56741.6046 1.2383 0.0619
54620.3631 1.1936 0.0423
56807.2926 0.8819 0.0687
53467.5113 1.3288 0.0155
56803.4685 0.9295 0.0687
