57420.5561 4.1611 0.0219
56743.5307 3.7060 0.0283
56803.4524 4.3518 0.0335
56741.6030 3.7382 0.0417
56744.5358 3.8496 0.0312
56778.2987 4.0371 0.0316
56801.3468 4.3602 0.0312
57160.3671 3.4702 0.0233
56723.4914 3.8019 0.0321
57213.2886 4.1290 0.0239
57508.4106 5.1369 0.0268
56835.3204 4.7367 0.0292
56780.3083 4.0531 0.0347
56839.3145 4.6770 0.0330
57220.2646 4.0581 0.0270
56783.3430 4.0838 0.0378
57520.3134 5.2932 0.0312
57185.4669 3.6373 0.0309
57433.5284 4.4500 0.0249
56776.4612 3.9531 0.0300
56837.3225 4.7595 0.0310
57194.4107 3.8100 0.0255
56712.4815 3.9048 0.0303
57567.2968 5.3226 0.0282
56722.4492 3.7135 0.0292
57479.5472 4.6884 0.0319
56811.4347 4.5232 0.0290
56772.5383 3.9109 0.0363
57157.4449 3.4982 0.0277
56805.4114 4.3350 0.0314
56798.4234 4.4340 0.0286
56841.3191 4.6458 0.0354
57216.2770 4.0668 0.0261
56807.2911 4.4137 0.0319
56715.5528 3.8602 0.0284
57223.3639 4.1288 0.0266
57542.3614 5.5653 0.0270
56831.3178 4.7890 0.0294
56751.3450 3.8459 0.0327
56781.3509 4.1352 0.0345
57547.3951 5.5050 0.0269
56833.3268 4.7732 0.0297
57492.5463 4.8456 0.0307
57133.5991 3.3983 0.0338
56809.4579 4.5218 0.0337
57459.5477 4.5390 0.0321
53475.5639 2.7820 0.0087
57191.4317 3.7681 0.0330
57134.4721 3.2430 0.0358
57123.5430 3.4422 0.0586
57104.4661 3.5880 0.0506
57166.3303 3.4051 0.0530
57078.4450 3.5886 0.0490
53883.4566 3.4272 0.0123
57195.4028 3.9061 0.0567
53884.4341 3.5697 0.0127
53467.5113 3.0759 0.0172
57105.5621 3.4461 0.0764
