57420.5763 1.8935 0.0287
56801.3688 1.3689 0.0388
52814.3124 1.7107 0.0085
56833.3478 1.5258 0.0373
56744.5358 1.6032 0.0428
56776.4795 1.2798 0.0389
56772.5585 1.3723 0.0477
56723.5097 1.4018 0.0406
56781.3691 1.2628 0.0470
57123.5698 1.0819 0.0538
56831.3363 1.5017 0.0361
57213.3079 1.4829 0.0292
57223.3832 1.3999 0.0332
57134.4907 1.0606 0.0364
56798.4422 1.5009 0.0393
56722.4684 1.3576 0.0377
56839.3341 1.4065 0.0424
57160.5054 1.1275 0.0353
56751.3634 1.4973 0.0403
56805.4306 1.3284 0.0395
57520.3333 1.7562 0.0370
57542.3791 1.6659 0.0289
56809.4772 1.4513 0.0453
57479.5663 2.0542 0.0374
56803.4885 1.3707 0.0514
56837.3417 1.5455 0.0388
57433.5460 1.5565 0.0285
56835.3395 1.5913 0.0368
57547.4125 1.6843 0.0304
57492.5660 2.0192 0.0352
56715.5711 1.3342 0.0354
57191.4517 1.5322 0.0350
56741.6278 1.6199 0.0600
56712.4997 1.4002 0.0386
56778.3170 1.4032 0.0414
57220.2845 1.2929 0.0332
57157.4650 1.1016 0.0358
56807.3096 1.4878 0.0405
56780.3275 1.3682 0.0426
56811.4533 1.5051 0.0370
56841.3393 1.5397 0.0437
57508.4284 1.8183 0.0315
57216.2975 1.4062 0.0316
56783.3659 1.4298 0.0508
57185.4838 1.4347 0.0512
57166.3513 1.2508 0.0417
57078.4898 1.6571 0.0451
57105.5730 1.2386 0.0514
57104.5182 1.3868 0.0494
54620.3618 1.3146 0.0400
