52814.3124 34.6375 0.0180
57420.5641 45.9618 0.0816
56783.3558 28.1522 0.0830
56772.5497 30.4041 0.0810
57492.5572 21.7386 0.0650
56776.4714 25.2638 0.0735
56778.3088 29.9647 0.0796
56780.3187 29.3624 0.0792
56781.3610 28.8829 0.0822
56841.3295 27.0792 0.0755
56833.3438 26.5567 0.0897
57191.4488 40.5111 0.0990
57134.4881 36.4819 0.0954
56798.4351 30.3482 0.1067
57542.3721 43.1563 0.1147
57220.2765 38.0751 0.1158
56839.3258 26.8900 0.1094
57123.5590 34.5134 0.1105
56723.5026 32.2002 0.1159
56837.3344 26.3575 0.1050
57567.3083 41.2607 0.1309
56809.4696 29.0963 0.1148
56811.4461 29.3394 0.1076
56803.4782 29.8110 0.1227
56835.3316 26.6169 0.1034
57479.5587 43.0534 0.1112
56741.6154 31.8258 0.1244
56744.5287 32.3862 0.1164
57520.3257 42.4408 0.1099
57216.2889 38.5823 0.1100
57223.3757 39.4237 0.1108
56722.4613 32.0557 0.1112
56715.5640 32.2282 0.1102
56807.3023 29.1616 0.1113
57547.4059 41.1156 0.1141
56712.4926 33.0910 0.1143
57160.3789 38.7940 0.1053
56751.3563 30.7436 0.1133
57078.4806 35.8704 0.1040
57433.5388 45.9911 0.1170
57157.4572 38.3726 0.1076
56831.3291 27.3368 0.1036
57508.4214 38.4178 0.1142
56801.3580 29.8499 0.1092
56805.4233 29.6955 0.1124
57105.5696 36.6004 0.1671
57185.4767 38.5854 0.1196
57213.2999 40.0775 0.1688
57166.3419 40.9546 0.1765
53770.6220 31.1490 0.0572
57104.4950 36.9560 0.1228
54620.3581 34.7088 0.1092
