53847.5770 6.4849 0.0462
53462.4934 6.7027 0.0404
56743.5069 5.8819 0.0296
53911.3288 7.0822 0.0194
53851.4182 6.6040 0.0166
52730.5552 6.4440 0.0404
53853.4352 6.5500 0.0167
56801.3609 7.3126 0.0315
53524.3013 6.0184 0.0107
54186.5147 6.0908 0.0176
52698.6084 6.7577 0.0123
54531.5740 5.3582 0.0099
53586.2950 5.7766 0.0137
57420.5495 7.0966 0.0339
53466.6138 6.6234 0.0134
52710.6200 6.7146 0.0149
57191.4431 6.7311 0.0353
56835.3237 5.7630 0.0344
56803.4313 6.8043 0.0445
56805.4147 6.9135 0.0385
54570.4284 5.8788 0.0234
56715.5558 5.7280 0.0349
56807.2942 6.1237 0.0366
56833.3299 6.4826 0.0358
52817.2960 6.9887 0.0273
56809.4611 6.9568 0.0402
56798.4272 6.9125 0.0368
57479.5508 7.3176 0.0353
56751.3480 6.2923 0.0400
56722.4526 4.8550 0.0358
54209.4929 6.1213 0.0126
56723.4945 5.3741 0.0365
56741.6036 6.0471 0.0497
53583.3057 5.8283 0.0140
56811.4379 6.9112 0.0359
54176.5493 6.1930 0.0136
56712.4845 4.8003 0.0358
53505.3888 6.3770 0.0184
56841.3226 6.2505 0.0410
56837.3258 6.2225 0.0367
56839.3179 6.0240 0.0391
53769.6082 6.0523 0.0125
56744.5454 5.9506 0.0393
56831.3209 5.9392 0.0347
54117.6461 5.8952 0.0126
54524.5266 5.3805 0.0187
53553.4142 5.9920 0.0139
54144.5888 5.7019 0.0136
53411.6236 6.7636 0.0134
54511.5807 5.2330 0.0110
54255.3352 5.8839 0.0181
54621.4059 6.4619 0.0135
52790.4028 6.4221 0.1333
54557.5455 5.7409 0.0134
52813.3474 6.9854 0.0171
57157.4443 6.2318 0.0371
53883.3893 6.0908 0.0145
54262.4022 5.9325 0.0153
53551.3290 6.0818 0.0132
53939.3067 7.2282 0.0148
57567.2958 5.5544 0.0406
53772.6264 6.0371 0.0146
52792.4193 6.6208 0.0222
54535.5077 5.4407 0.0123
53200.2667 8.1101 0.0146
53943.3027 7.4027 0.0151
53138.4614 8.4716 0.0155
53109.5778 8.0030 0.0187
52722.5967 6.5159 0.0253
53531.3615 6.2882 0.0138
53195.3465 7.9626 0.0142
53766.6170 5.3781 0.0128
53083.6071 7.9504 0.0151
52815.2953 7.0723 0.0100
54124.6309 5.8513 0.0130
54624.3833 6.4152 0.0142
54205.4858 6.2338 0.0151
54594.4526 6.1759 0.0132
57492.5506 7.3286 0.0416
54618.4140 5.2331 0.0125
54591.3863 6.2012 0.0128
54600.4459 6.4192 0.0290
54538.5772 5.5219 0.0147
54113.6612 5.9203 0.0163
53799.4830 6.2294 0.0216
57160.3902 6.7105 0.0358
54597.4509 6.3004 0.0131
54120.6630 5.8603 0.0166
54588.5522 6.1071 0.0173
53888.4064 5.5570 0.0147
54528.5221 5.3846 0.0114
53518.4487 6.2148 0.0289
57433.5227 7.2860 0.0383
52791.4573 6.6249 0.0228
52721.6238 6.5880 0.0337
53502.3887 6.3508 0.0163
57213.2820 5.8996 0.0354
54561.4246 5.8127 0.0154
54151.6511 6.3985 0.0169
57216.2706 6.3652 0.0391
54234.4885 5.8224 0.0149
53859.3678 6.6138 0.0192
53743.6353 6.3390 0.0143
56772.5313 6.1237 0.0514
53892.3778 6.7867 0.0265
53469.5196 6.5733 0.0157
53146.4912 8.4977 0.0169
56783.3361 6.2638 0.0545
53855.4169 6.5572 0.0156
54153.5976 6.4239 0.0159
56780.3019 6.2030 0.0507
53936.3082 7.3171 0.0166
56778.2926 6.2319 0.0483
54179.5227 6.1635 0.0150
57459.5423 7.0790 0.0418
57547.3894 5.9410 0.0377
53527.3534 6.1889 0.0148
53165.4108 8.0629 0.0157
54614.3932 6.2584 0.0158
56781.3448 6.3348 0.0527
57223.3574 5.2356 0.0380
53117.4860 8.1901 0.0158
53473.5887 6.5522 0.0172
57508.4044 6.8351 0.0407
53175.3853 8.0464 0.0161
56776.4550 6.1735 0.0456
53121.5140 8.1716 0.0158
54563.4950 5.7533 0.0153
53875.3602 6.5854 0.0153
54183.5071 6.1080 0.0160
53500.3166 6.3995 0.0154
53879.3092 6.6981 0.0164
57123.5533 6.6178 0.0548
53446.5332 6.7508 0.0154
57078.4375 5.7165 0.0452
54259.3136 5.9212 0.0142
53149.3338 8.5055 0.0158
57520.3067 6.5037 0.0435
53178.3759 8.0323 0.0158
53906.3692 6.9427 0.0181
53390.6497 6.9450 0.0160
57194.4042 6.4674 0.0390
53495.4402 6.4479 0.0157
54266.2931 5.9677 0.0151
54201.4521 6.2843 0.0158
54213.5730 6.0974 0.0180
53578.3439 5.7381 0.0196
57133.4154 6.2513 0.0390
53916.3256 7.1280 0.0199
57220.2575 6.3334 0.0434
54229.4794 5.8574 0.0229
57542.3556 6.0730 0.0380
54620.3602 6.3742 0.0333
53563.3393 6.0655 0.0265
57185.4561 6.3872 0.0521
53463.5896 6.5042 0.0280
53523.4201 6.2274 0.0250
57166.3209 6.7811 0.0769
57460.4772 6.9165 0.0935
57105.5603 6.2525 0.0609
57134.4685 6.3595 0.0676
57195.4008 6.4365 0.0614
56721.5940 5.5256 0.1181
57419.5304 7.0059 0.1149
53198.3064 7.9939 0.1024
57104.4590 6.2572 0.0779
53890.4800 6.5714 0.0768
53770.6182 5.9205 0.0282
