56811.4368 4.3646 0.0399
56833.3288 2.4164 0.0363
56831.3199 2.4897 0.0349
56839.3166 2.5934 0.0404
56722.4512 4.1500 0.0418
56807.2931 4.4578 0.0454
56723.4935 4.2096 0.0472
56805.4134 4.3098 0.0443
56712.4835 4.2372 0.0427
56801.3488 4.3631 0.0435
56715.5548 4.4031 0.0402
57420.5593 4.1028 0.0417
53496.3452 2.6193 0.0103
52793.2667 1.1762 0.0263
57547.3979 4.1685 0.0484
57508.4136 4.0239 0.0500
56772.5417 4.1215 0.0719
57223.3671 3.9288 0.0511
57542.3643 4.3917 0.0511
57220.2678 3.8455 0.0503
56803.4679 4.3261 0.0699
57520.3167 4.1955 0.0609
56835.3235 4.2538 0.0563
56781.3540 4.4193 0.0689
57133.6043 3.9074 0.0614
56751.3481 4.0584 0.0641
56780.3115 4.2878 0.0692
57160.3704 4.0321 0.0462
57567.2998 3.9115 0.0489
56837.3256 4.2446 0.0602
56776.4642 4.3043 0.0622
57185.4666 3.9975 0.0578
57194.4139 3.9737 0.0503
56798.4265 4.2923 0.0558
56841.3222 4.2384 0.0697
56741.6035 3.9275 0.0829
56783.3468 4.3054 0.0743
57433.5312 4.1149 0.0467
57191.4339 3.9902 0.0512
56809.4605 4.3436 0.0618
56744.5199 4.2063 0.0608
57213.2919 3.7336 0.0459
57216.2802 3.9375 0.0490
57479.5501 3.7543 0.0542
56778.3017 4.3183 0.0620
57157.4482 3.9364 0.0555
57492.5495 3.5292 0.0597
57134.4745 3.9784 0.0850
57104.4680 4.5736 0.1591
53388.6169 2.4746 0.0194
54620.3631 2.1522 0.0447
57166.3323 3.9248 0.0939
57123.5453 4.0377 0.1312
