53496.3516 1.8925 0.0077
56811.4368 0.7791 0.0355
57479.5491 1.0750 0.0386
57420.5588 0.7608 0.0323
56831.3199 0.8110 0.0356
57542.3634 0.8406 0.0303
57223.3660 0.8524 0.0331
57433.5303 0.7276 0.0284
57160.3693 0.7939 0.0286
57547.3970 0.9434 0.0300
56835.3225 0.8715 0.0357
57213.2908 0.9006 0.0291
56715.5553 0.7136 0.0401
56805.4133 0.7009 0.0427
57216.2797 0.8519 0.0352
56798.4253 0.8094 0.0380
57567.2983 0.9647 0.0355
52793.2667 2.2851 0.0281
57508.4124 1.0198 0.0339
56712.4840 2.0092 0.0469
57185.4661 0.7434 0.0404
56837.3243 0.9115 0.0420
57191.4334 0.8534 0.0365
57520.3163 0.8074 0.0436
56839.3171 0.8163 0.0492
57194.4118 1.0659 0.0442
57104.4664 0.9122 0.0382
57220.2674 0.8463 0.0383
56744.5195 0.7804 0.0476
56751.3477 0.8364 0.0514
57157.4477 0.9253 0.0432
56833.3294 0.7615 0.0447
56722.4518 0.7025 0.0454
57492.5479 0.9523 0.0468
56741.6046 0.7420 0.0638
56776.4648 0.8472 0.0724
56781.3545 0.8098 0.0813
56801.3504 0.7998 0.0689
53388.6169 1.6479 0.0186
56723.4950 0.7228 0.0669
53475.5735 1.5503 0.0182
54620.3631 1.4608 0.0427
57166.3323 0.7194 0.0911
57134.4730 0.8866 0.0731
57459.5505 0.7138 0.0486
57133.6052 0.7067 0.0527
56809.4599 1.0060 0.0942
56772.5424 0.8244 0.0727
