53496.3484 2.3268 0.0086
56783.3558 1.2255 0.0549
56772.5497 1.0241 0.0470
57420.5657 2.2643 0.0419
57479.5576 1.9010 0.0375
57492.5572 2.2469 0.0363
56776.4714 1.0313 0.0381
56778.3088 1.1229 0.0410
56780.3187 1.1824 0.0429
56744.5276 1.1473 0.0414
56781.3610 1.3029 0.0467
56839.3237 1.3498 0.0605
56798.4331 1.0252 0.0522
56811.4440 1.0684 0.0527
57542.3702 1.9126 0.0420
56722.4592 0.9717 0.0544
56807.3003 1.3758 0.0525
56841.3285 1.3661 0.0660
57567.3062 1.8535 0.0450
56712.4906 0.9204 0.0557
57520.3235 2.0960 0.0538
57078.4806 1.7313 0.0465
56801.3559 1.1208 0.0586
57547.4040 1.8218 0.0432
56751.3543 0.8971 0.0592
57134.4793 1.7398 0.0541
56833.3360 1.4195 0.0556
57123.5559 1.6518 0.0747
57223.3735 1.8111 0.0483
56723.5006 0.9371 0.0553
57160.3768 1.9443 0.0434
52793.2647 3.4985 0.0322
57508.4194 2.2561 0.0463
57191.4410 2.0064 0.0477
56837.3324 1.4964 0.0570
56809.4675 1.1469 0.0592
56803.4760 1.0993 0.0686
57216.2868 1.8566 0.0496
56831.3270 1.5846 0.0529
56835.3296 1.4742 0.0530
57213.2983 1.9656 0.0439
56805.4213 1.1334 0.0593
57433.5369 2.0958 0.0428
57104.4834 1.6580 0.0573
56715.5619 0.7772 0.0508
57220.2743 1.7562 0.0461
57157.4549 1.9742 0.0553
53388.6169 2.3375 0.0191
57185.4743 1.8243 0.0584
56741.6135 0.9315 0.0729
53770.6220 2.3122 0.0263
57166.3394 2.0441 0.0904
54620.3581 3.1230 0.0484
