53496.3516 7.7057 0.0097
57420.5657 5.4719 0.0447
52793.2667 5.7067 0.0309
56839.3242 7.8154 0.0609
56798.4331 7.8307 0.0646
56781.3600 8.0810 0.0778
56811.4440 7.6059 0.0650
57542.3702 6.5057 0.0515
56722.4592 8.0683 0.0676
57520.3235 5.8732 0.0587
56807.3003 7.8083 0.0650
56841.3285 7.3935 0.0745
57567.3062 6.3988 0.0537
56712.4906 8.2631 0.0691
56778.3078 7.9494 0.0700
56783.3531 7.8780 0.0839
56801.3559 7.8538 0.0700
57547.4040 6.4738 0.0530
56751.3543 7.8874 0.0714
57134.4793 6.1931 0.0608
56833.3360 7.3938 0.0666
57123.5559 6.4086 0.0783
57223.3735 6.7930 0.0569
56723.5006 8.0436 0.0683
57216.2868 6.4574 0.0582
57160.3768 6.4604 0.0515
57479.5565 5.5470 0.0580
56744.5265 8.2298 0.0703
57508.4194 5.9527 0.0533
57492.5562 5.6147 0.0571
57191.4410 6.5463 0.0545
56837.3324 7.2032 0.0668
56809.4675 7.7282 0.0714
56803.4760 7.8522 0.0792
56776.4704 7.9673 0.0671
56831.3270 7.4411 0.0637
56741.6125 7.8980 0.0910
56772.5486 7.9988 0.0772
57220.2743 6.6434 0.0548
56835.3296 7.3769 0.0641
56780.3177 7.8760 0.0724
56805.4213 7.7989 0.0711
57433.5369 5.4735 0.0497
57104.4834 6.2489 0.0658
56715.5619 8.1435 0.0652
57213.2983 6.6526 0.0522
57157.4549 6.4136 0.0623
57078.4801 6.9965 0.0659
53388.6169 6.5054 0.0230
57185.4743 6.4764 0.0661
57166.3394 6.5739 0.0997
