57420.5582 2.0852 0.0291
56743.5381 3.0195 0.0414
53496.3516 2.8791 0.0081
56811.4368 3.0325 0.0394
56780.3104 2.9758 0.0484
56833.3288 3.1403 0.0411
56807.2931 2.9668 0.0450
57479.5491 2.3129 0.0402
56778.3007 2.9913 0.0437
56837.3245 3.2019 0.0428
57220.2668 2.3693 0.0347
57567.2988 2.7962 0.0340
56776.4632 3.1213 0.0432
57191.4328 2.7122 0.0365
56831.3199 3.1124 0.0397
57216.2792 2.3437 0.0347
56839.3166 3.1489 0.0449
57223.3660 2.2104 0.0353
56712.4835 2.8285 0.0424
57194.4128 2.6289 0.0351
56722.4512 2.8985 0.0416
56744.5188 3.0786 0.0429
57542.3634 2.8772 0.0342
56723.4935 2.9306 0.0475
56805.4134 2.9425 0.0441
57508.4126 2.3567 0.0335
57185.4654 2.7423 0.0403
56781.3529 2.9536 0.0486
57433.5303 2.1582 0.0311
56801.3488 2.9304 0.0430
57492.5483 2.2811 0.0391
57520.3156 2.5708 0.0415
56772.5406 2.9947 0.0532
56798.4255 2.9390 0.0391
56783.3458 3.0492 0.0533
56715.5548 2.8564 0.0394
57160.3693 2.9819 0.0323
57547.3970 2.8097 0.0335
57213.2908 2.3845 0.0316
56835.3225 3.1529 0.0397
56751.3471 2.9839 0.0459
57157.4471 2.9284 0.0394
57123.5441 3.1536 0.0661
56741.6155 3.0258 0.0822
57104.4669 3.3781 0.0645
52793.2667 2.6815 0.0286
57133.6028 3.1309 0.0539
56803.4679 2.9905 0.0725
56841.3222 3.1841 0.0721
57459.5499 2.3144 0.0469
56809.4605 3.1365 0.0641
57134.4738 3.2069 0.0601
57166.3310 2.9587 0.0669
53388.6169 3.0059 0.0202
54620.3631 3.0515 0.0471
