57420.5648 2.9677 0.0307
57191.4456 4.7346 0.0377
56833.3407 4.1005 0.0408
57134.4846 4.4112 0.0404
56839.3248 4.2064 0.0475
56751.3553 3.5619 0.0462
56831.3281 4.0767 0.0422
56783.3558 3.9183 0.0575
57520.3246 3.9743 0.0419
56805.4223 3.5217 0.0458
56723.5016 2.8630 0.0434
57479.5576 2.6903 0.0398
57123.5575 4.4007 0.0550
57542.3711 4.1714 0.0363
57160.3779 4.9266 0.0369
57157.4560 5.0880 0.0428
56776.4714 3.9431 0.0439
56798.4341 3.4812 0.0415
56835.3306 4.0003 0.0426
56803.4771 3.5424 0.0528
56837.3334 4.1477 0.0449
57492.5572 2.7152 0.0391
56809.4686 3.5882 0.0466
56741.6140 2.9649 0.0588
57216.2878 4.9512 0.0403
56778.3088 3.9924 0.0463
56801.3570 3.3904 0.0446
56780.3187 3.9345 0.0477
56744.5276 3.0858 0.0447
57433.5379 3.3517 0.0347
57223.3746 5.4733 0.0410
56715.5630 3.3999 0.0411
56781.3610 4.0422 0.0512
57220.2754 5.2238 0.0413
56811.4451 3.4046 0.0418
56722.4603 2.9806 0.0418
57508.4204 3.1108 0.0373
56807.3013 3.6029 0.0426
56841.3295 4.3642 0.0501
57567.3072 4.3891 0.0421
56712.4916 3.2834 0.0435
57547.4049 3.8967 0.0369
56772.5497 3.9429 0.0508
57213.2988 5.0414 0.0449
57104.4873 4.8061 0.0490
52814.3123 2.3218 0.0113
57166.3406 4.7235 0.0698
57185.4755 4.6920 0.0459
57078.4806 4.6779 0.0551
57105.5696 4.9575 0.0887
53770.6220 2.0485 0.0254
54620.3581 2.2888 0.0467
