56743.5069 4.8199 0.0289
53462.4945 5.0917 0.0463
52730.5559 5.0215 0.0437
53847.5836 4.4294 0.0335
57420.5495 3.9090 0.0309
53911.3347 3.5482 0.0205
53853.4501 3.6256 0.0219
53466.6160 5.1183 0.0139
53586.2974 4.9643 0.0153
54531.5834 4.2179 0.0110
53583.3079 4.9745 0.0152
54570.4316 4.2113 0.0273
57547.3894 4.2112 0.0343
57459.5423 4.0147 0.0364
56811.4286 3.9504 0.0382
56776.4550 4.8013 0.0439
56841.3128 4.8017 0.0486
57216.2706 3.4330 0.0339
57213.2820 3.3959 0.0312
56772.5313 4.9089 0.0504
56783.3361 4.6846 0.0532
53524.3045 5.0736 0.0166
56780.3019 4.7904 0.0492
56778.2926 4.7233 0.0463
54624.3856 3.8963 0.0144
57157.4382 3.7994 0.0389
57433.5227 3.9294 0.0327
56741.5892 4.6704 0.0578
57160.3607 3.8262 0.0328
56744.5487 4.3392 0.0454
56781.3448 4.8764 0.0513
57223.3574 3.5086 0.0350
56837.3164 4.7663 0.0420
54209.4961 4.0326 0.0143
56722.4431 4.6423 0.0427
57520.3067 4.0830 0.0404
56809.4513 3.3988 0.0414
56798.4174 4.1078 0.0387
56835.3144 4.7727 0.0398
56803.4007 4.6176 0.0480
56831.3117 4.6727 0.0400
57567.2972 4.1836 0.0409
56712.4754 4.6497 0.0436
56805.4052 4.1895 0.0420
56807.2850 4.5696 0.0420
57078.4375 4.2758 0.0433
57479.5414 4.0819 0.0385
56801.3407 4.7638 0.0449
52698.6091 5.0481 0.0172
57508.4044 4.0482 0.0357
57194.4042 3.5177 0.0343
56751.3388 4.7060 0.0477
57133.4154 3.9425 0.0354
56715.5467 4.6556 0.0413
53851.4077 3.9759 0.0262
54186.5163 4.1807 0.0262
56833.3206 4.7358 0.0409
57220.2575 3.5252 0.0402
57542.3556 4.2081 0.0342
56723.4853 4.6923 0.0430
56839.3084 4.7507 0.0447
53879.3116 3.9531 0.0173
54144.5920 4.2484 0.0169
54151.6535 4.3133 0.0185
54153.6000 4.2785 0.0170
54255.3383 3.6468 0.0239
53772.6297 4.2618 0.0175
54621.4090 3.9196 0.0161
53411.6270 4.6144 0.0157
53892.3802 3.8292 0.0297
54201.4569 4.1336 0.0171
54591.3895 4.0340 0.0151
53769.6097 4.2366 0.0161
53883.3925 3.8830 0.0175
53578.3463 5.0567 0.0225
54600.4490 4.0359 0.0373
54179.5251 4.0349 0.0160
53473.5911 4.9602 0.0192
54262.4029 3.5107 0.0183
53175.3877 4.7197 0.0163
54535.5108 4.1964 0.0151
54266.2955 3.5113 0.0155
53121.5165 5.0125 0.0163
53888.4096 3.8750 0.0176
53799.4870 4.0203 0.0318
54588.5554 4.0169 0.0216
54124.6341 4.0098 0.0153
54563.4974 4.1988 0.0167
53469.5220 5.0828 0.0173
52790.4017 5.0523 0.0509
54594.4558 4.0130 0.0157
57492.5382 4.1385 0.0478
54618.4171 4.0034 0.0156
53906.3717 3.7395 0.0192
54561.4270 4.1289 0.0163
57185.4561 3.6010 0.0475
54538.5803 4.2605 0.0181
53165.4132 4.7280 0.0160
54113.6644 3.9725 0.0213
53117.4887 4.9013 0.0164
54597.4541 4.0349 0.0153
53146.4943 4.8130 0.0175
53875.3626 3.9604 0.0160
54528.5253 4.2463 0.0141
54614.3956 3.9546 0.0166
53766.6203 4.2584 0.0157
57191.4231 3.4981 0.0436
54259.3160 3.5050 0.0148
54120.6662 3.9456 0.0222
54524.5298 4.3514 0.0230
53178.3783 4.7179 0.0160
53446.5357 5.1139 0.0167
54557.5486 3.4825 0.0156
54511.5838 4.1938 0.0166
53495.4426 4.8923 0.0209
53531.3651 5.1768 0.0210
53502.3911 4.9247 0.0222
53390.6521 4.4284 0.0210
57166.3209 3.7844 0.0704
54234.4909 3.8147 0.0194
53916.3280 3.5608 0.0246
53936.3106 3.5525 0.0203
57460.4772 4.0869 0.0856
53859.3702 4.0050 0.0257
54117.6493 3.9247 0.0181
54183.5095 4.1778 0.0209
53195.3506 4.5846 0.0198
53743.6390 4.3438 0.0182
53943.3059 3.5655 0.0206
53939.3099 3.5704 0.0202
53200.2699 4.5436 0.0191
57195.4008 3.3675 0.0537
53551.3322 5.3159 0.0207
53149.3362 4.8786 0.0198
54205.4890 4.0525 0.0215
53505.3908 4.9332 0.0307
54176.5674 4.2459 0.0201
53553.4174 5.2050 0.0217
57134.4685 3.9466 0.0622
53527.3558 5.1360 0.0204
53855.4193 4.0232 0.0201
54229.4818 3.8867 0.0315
57123.5324 4.1285 0.0723
53518.4511 5.0024 0.0401
53138.4648 4.8410 0.0222
54213.5754 4.0158 0.0243
57105.5603 4.4169 0.0565
53500.3190 4.9508 0.0208
56721.5940 3.4063 0.1118
57419.5304 3.8805 0.1083
52815.2872 5.4020 0.0204
52721.6278 5.0042 0.0622
52710.6298 5.2959 0.0373
53523.4216 5.0200 0.0436
57104.4590 4.2957 0.0708
53563.3425 5.1666 0.0470
52722.6024 5.5074 0.0588
