52698.6084 4.0620 0.0111
56743.5043 5.0211 0.0504
57420.5506 4.0996 0.0452
52815.2957 4.1918 0.0099
57078.4410 4.2576 0.0570
56712.4764 5.1823 0.0670
56837.3174 4.3264 0.0620
57194.4053 4.6416 0.0531
57213.2831 4.3266 0.0483
56805.4062 4.7138 0.0649
57220.2589 4.2312 0.0581
56809.4523 4.3232 0.0647
57508.4055 3.9318 0.0523
57160.3618 4.1216 0.0491
57567.2919 3.5713 0.0542
56715.5477 5.2288 0.0637
56723.4864 5.0212 0.0649
57223.3584 4.0372 0.0527
56722.4441 5.1364 0.0685
56781.3459 5.0598 0.0770
56841.3138 4.5500 0.0722
57133.4165 4.1024 0.0529
56776.4560 4.9318 0.0645
56780.3029 4.9127 0.0726
56803.4017 4.7500 0.0734
56778.2936 4.9065 0.0690
57479.5424 4.1395 0.0563
56772.5324 4.9838 0.0740
57157.4393 4.3231 0.0598
56798.4184 4.8517 0.0599
57433.5237 4.2440 0.0484
56801.3417 4.7044 0.0661
57542.3566 3.7715 0.0507
56811.4297 4.8341 0.0600
57520.3078 3.7689 0.0581
56783.3371 5.1382 0.0788
56839.3094 4.4654 0.0674
56751.3398 5.0802 0.0721
56741.5907 4.8899 0.0838
57185.4571 4.5058 0.0579
56835.3154 4.3197 0.0588
57216.2717 4.2539 0.0512
56807.2860 4.4500 0.0635
56831.3127 4.6751 0.0598
57459.5435 4.1549 0.0522
56833.3217 4.6143 0.0615
57547.3904 3.6835 0.0491
56744.5497 4.8872 0.0713
57195.4013 4.6794 0.0838
57134.4690 4.3517 0.0901
57191.4241 4.6262 0.0870
54620.3656 3.6564 0.0498
57104.4590 4.3345 0.0734
53770.6182 3.3130 0.0259
57105.5608 4.1833 0.0828
57492.5393 4.1278 0.0954
57166.3221 4.1339 0.1107
