57420.5495 3.5037 0.0310
53475.5639 1.0344 0.0084
57508.4044 4.3244 0.0380
56776.4550 1.1916 0.0401
56780.3019 1.1983 0.0454
56803.4007 1.3355 0.0444
56831.3117 1.4955 0.0365
57567.2972 4.6768 0.0436
56778.2926 1.1674 0.0421
56835.3144 1.5750 0.0362
57542.3556 4.4412 0.0361
57547.3894 4.3962 0.0364
56723.4853 1.0883 0.0392
56805.4052 1.4281 0.0389
57433.5227 3.7332 0.0337
56839.3084 1.6572 0.0413
57459.5423 4.0141 0.0382
57160.3607 1.6215 0.0305
56712.4754 1.1674 0.0398
57133.4154 1.7080 0.0331
57194.4042 1.9469 0.0330
56715.5467 1.3427 0.0380
57157.4382 1.5253 0.0366
56744.5487 1.2454 0.0426
56781.3448 1.2000 0.0477
56841.3128 1.7048 0.0456
57216.2706 2.1661 0.0331
57223.3574 2.0130 0.0340
56751.3388 1.0701 0.0441
56837.3164 1.5709 0.0384
56833.3206 1.5985 0.0373
57479.5414 3.9023 0.0392
57213.2820 2.1921 0.0305
56722.4431 1.1901 0.0393
57220.2575 2.0750 0.0392
56772.5313 1.1361 0.0470
56801.3407 1.3607 0.0411
57520.3067 4.3608 0.0416
56809.4513 1.3405 0.0396
56783.3361 1.2808 0.0503
56798.4174 1.5142 0.0362
56807.2850 1.4176 0.0381
56811.4286 1.4875 0.0359
57185.4561 1.7065 0.0460
57492.5382 3.9566 0.0495
57078.4405 1.7651 0.0357
57191.4231 1.8161 0.0421
57460.4772 3.8666 0.0889
56743.5100 1.1679 0.0376
57195.4008 2.0347 0.0528
53883.4566 3.0019 0.0121
57166.3209 1.5565 0.0671
57123.5324 1.7137 0.0698
56741.5902 1.1015 0.0466
57105.5603 1.7191 0.0524
53884.4341 3.1149 0.0125
57134.4685 1.6856 0.0588
57104.4590 1.6450 0.0649
53467.5113 1.0202 0.0157
54620.3656 4.0018 0.0492
53770.6182 2.9275 0.0245
