53847.5700 5.9963 0.0278
53851.4197 5.7751 0.0175
52698.6084 5.8357 0.0116
53524.2997 6.3528 0.0121
53462.4827 6.3585 0.0300
57420.5763 5.9871 0.0328
53911.3231 5.7171 0.0256
53853.4234 6.0060 0.0163
52710.6200 3.7150 0.0131
53586.2910 5.8897 0.0158
52817.2960 5.7632 0.0254
53466.6105 6.8030 0.0141
56801.3688 5.4284 0.0443
52730.5987 5.9205 0.0305
52815.2953 6.2297 0.0096
54209.4920 5.5205 0.0132
53505.3877 6.0461 0.0199
52813.3474 6.0063 0.0161
53109.5778 6.6151 0.0179
56833.3478 5.4700 0.0436
52792.4193 6.0899 0.0213
54624.3814 4.8189 0.0129
53083.6071 6.7447 0.0143
54262.4003 5.2746 0.0147
54186.5115 5.4934 0.0231
54205.4842 5.4562 0.0161
56723.5097 5.6492 0.0477
53939.3051 5.9748 0.0154
52791.4573 5.6675 0.0217
54621.4043 4.7486 0.0136
53502.3863 6.5049 0.0161
56831.3363 5.4569 0.0429
56798.4422 5.5364 0.0456
54557.5439 4.0474 0.0136
53888.4048 5.7341 0.0164
56809.4772 5.3887 0.0523
54234.4861 5.3699 0.0143
53943.3011 6.0858 0.0157
53875.3578 5.6548 0.0143
53799.4769 5.8837 0.0152
57547.4125 5.8067 0.0374
56741.6278 5.6728 0.0648
53883.3877 5.7698 0.0157
57213.3079 5.4130 0.0359
56807.3096 5.4129 0.0476
56780.3275 5.5781 0.0493
53473.5863 6.0644 0.0166
54113.6596 5.7283 0.0168
52722.5953 5.9448 0.0271
56776.4795 5.6302 0.0462
54117.6445 5.6361 0.0138
56781.3691 5.5905 0.0538
57123.5698 5.7289 0.0582
57223.3832 5.7198 0.0402
57134.4907 5.6990 0.0432
56751.3634 5.6029 0.0470
56805.4306 5.2727 0.0462
57433.5460 6.0163 0.0367
53495.4378 6.6106 0.0157
56835.3395 5.4342 0.0434
53469.5172 6.6323 0.0154
57508.4284 6.0536 0.0387
56778.3170 5.5577 0.0482
57216.2975 5.4728 0.0388
56744.5358 5.5396 0.0493
53518.4463 6.3944 0.0282
56772.5585 5.5638 0.0534
54618.4124 4.7822 0.0134
53855.4144 5.8434 0.0149
54124.6293 4.9177 0.0136
56722.4684 5.7714 0.0451
57542.3791 5.9412 0.0366
54229.4771 4.8873 0.0220
54531.5631 4.8746 0.0134
54213.5706 5.4038 0.0170
53892.3754 5.7701 0.0255
54120.6614 4.6155 0.0158
56715.5711 5.6834 0.0426
53500.3142 6.5183 0.0153
56712.4997 5.6827 0.0456
53879.3067 5.7810 0.0154
57220.2845 5.4497 0.0403
56841.3393 5.4569 0.0494
53936.3058 5.9295 0.0154
54151.6487 5.5877 0.0157
53769.6066 5.6813 0.0152
53200.2651 6.7067 0.0156
57157.4650 5.5362 0.0427
53906.3668 5.8991 0.0171
54561.4238 4.7701 0.0145
54597.4501 4.2768 0.0130
56839.3341 5.5900 0.0493
57520.3333 5.9682 0.0425
54201.4521 5.4981 0.0150
54614.3908 4.7299 0.0146
54153.5952 5.4154 0.0149
57479.5663 6.1733 0.0427
54259.3113 5.2818 0.0135
56803.4885 5.3998 0.0572
56837.3417 5.4393 0.0454
53463.5851 6.7059 0.0239
54255.3336 5.3369 0.0191
57492.5660 6.2168 0.0421
53531.3598 5.5029 0.0147
57191.4517 5.4423 0.0410
53390.6473 7.0117 0.0158
53859.3653 5.8604 0.0185
53916.3232 5.7886 0.0182
54511.5791 4.9679 0.0118
57160.5054 5.4464 0.0420
56811.4533 5.3194 0.0436
53527.3510 6.3090 0.0147
53523.4194 6.3204 0.0209
56783.3659 5.6416 0.0565
54144.5856 5.6200 0.0172
53743.6289 5.8517 0.0161
54528.5189 4.9184 0.0141
53411.6201 6.4883 0.0171
54524.5235 4.9022 0.0240
53138.4579 7.1041 0.0193
57166.3513 5.5131 0.0483
54535.5045 4.8847 0.0152
53121.5100 6.8456 0.0177
54179.5187 5.5321 0.0165
53146.4857 7.0026 0.0183
54594.4495 4.3986 0.0152
53165.4068 6.9518 0.0171
53553.4110 6.1369 0.0177
53551.3257 6.1424 0.0169
53772.6232 5.6943 0.0186
54588.5490 4.6400 0.0207
53175.3813 7.0986 0.0176
53195.3422 7.3089 0.0174
54183.5032 5.5356 0.0175
53178.3719 7.1249 0.0174
53149.3298 7.1170 0.0176
53563.3393 6.0202 0.0261
57185.4838 5.4766 0.0578
53583.2980 5.8417 0.0189
54176.5610 5.5357 0.0169
53446.5291 6.9338 0.0177
53117.4813 6.8317 0.0172
53578.3399 5.9207 0.0231
54620.3589 4.7449 0.0308
54266.2891 5.2243 0.0168
53766.6138 5.5473 0.0165
54563.4908 4.7946 0.0172
54591.3831 4.5698 0.0150
54538.5740 4.8225 0.0180
54600.4427 4.6625 0.0350
54570.4236 4.7341 0.0329
57105.5730 5.6029 0.0627
57078.4898 5.5675 0.0542
57104.5182 5.5576 0.0613
53198.3064 7.1736 0.0987
53890.4800 5.8848 0.0741
54619.3119 4.8482 0.0692
52790.4027 6.4971 0.0514
52721.6225 5.9430 0.0646
