57420.5582 1.3842 0.0292
56744.5188 1.5910 0.0420
56780.3104 1.5066 0.0477
56833.3288 1.3630 0.0397
56807.2931 1.4856 0.0447
57479.5491 1.8287 0.0408
56712.4835 1.5675 0.0420
56778.3007 1.5366 0.0429
56837.3245 1.5401 0.0418
57220.2668 1.7392 0.0349
57567.2988 1.4396 0.0331
56776.4632 1.5459 0.0422
57191.4328 1.5472 0.0360
56831.3199 1.4410 0.0386
57216.2792 1.7361 0.0353
56839.3166 1.4565 0.0439
57223.3660 1.7349 0.0358
56841.3211 1.4666 0.0486
57194.4128 1.4944 0.0345
56722.4512 1.6086 0.0412
57542.3634 1.7409 0.0335
56723.4935 1.6102 0.0470
56805.4134 1.4682 0.0435
57508.4126 1.8548 0.0339
56743.5337 1.5413 0.0456
57185.4654 1.4563 0.0397
56781.3529 1.6079 0.0482
57433.5303 1.4653 0.0312
56801.3488 1.5147 0.0425
57492.5483 1.9147 0.0397
57520.3156 1.8471 0.0415
56811.4368 1.5374 0.0387
56772.5406 1.5584 0.0524
56809.4595 1.4537 0.0429
56803.4668 1.5080 0.0489
56798.4255 1.4938 0.0383
56783.3458 1.5677 0.0528
56715.5548 1.4851 0.0387
57160.3693 1.4767 0.0310
57547.3970 1.5465 0.0326
57213.2908 1.6683 0.0317
56835.3225 1.4120 0.0383
56751.3471 1.6879 0.0454
57157.4471 1.3969 0.0382
57123.5441 1.4868 0.0653
57104.4669 1.4365 0.0619
57133.6028 1.4603 0.0525
53496.3558 1.8728 0.0098
56741.6030 1.5656 0.0482
57459.5499 1.6613 0.0495
57134.4738 1.5655 0.0584
57166.3310 1.4866 0.0657
53475.5735 1.5951 0.0180
54620.3631 0.8065 0.0407
52793.2708 1.4418 0.0547
