53475.5639 7.4354 0.0103
56780.3104 6.7334 0.0546
56833.3288 6.6784 0.0480
56807.2931 6.6255 0.0531
57479.5491 8.5266 0.0504
56778.3007 6.7200 0.0504
57220.2668 4.1634 0.0385
56803.4668 6.5143 0.0550
56831.3199 6.6571 0.0468
56741.6019 6.6690 0.0637
56841.3211 6.4536 0.0542
57542.3634 5.3670 0.0407
56723.4935 3.8487 0.0495
57420.5593 7.6645 0.0496
56781.3529 6.8135 0.0547
56801.3488 6.4452 0.0495
57492.5483 8.7707 0.0510
56772.5406 6.9602 0.0588
56776.4632 6.7326 0.0499
56809.4595 6.3353 0.0504
56783.3458 6.6494 0.0581
56839.3166 6.6547 0.0515
57223.3660 5.4730 0.0413
57547.3970 7.2466 0.0430
57157.4471 5.2601 0.0436
57160.3695 5.8113 0.0456
57216.2793 5.3248 0.0489
56743.5324 6.9115 0.0628
57508.4136 8.2815 0.0652
56722.4523 6.7544 0.0686
56811.4378 6.5275 0.0658
57520.3167 8.5010 0.0722
56751.3481 6.6309 0.0736
56715.5558 6.5616 0.0655
57567.2998 8.6329 0.0655
56712.4845 6.5342 0.0693
56837.3256 6.3855 0.0694
57133.6043 7.6859 0.0714
57185.4666 6.5333 0.0656
57194.4139 3.0154 0.0510
56798.4265 6.2619 0.0644
57433.5312 8.1612 0.0613
57191.4339 3.1025 0.0520
56744.5199 6.7005 0.0697
57213.2919 6.7103 0.0561
56835.3235 6.3738 0.0656
56805.4144 6.3455 0.0720
57134.4745 7.5956 0.1014
57104.4680 7.9631 0.1839
54620.3631 6.0324 0.0534
57166.3323 6.8540 0.1073
57123.5453 7.8831 0.1435
53467.5113 7.3169 0.0208
