57420.5582 2.5633 0.0303
56743.5383 2.1041 0.0430
56741.6094 2.0628 0.0605
56744.5188 2.2178 0.0429
56780.3104 2.2544 0.0487
56833.3288 2.3793 0.0413
56807.2931 2.3791 0.0463
57479.5491 2.1729 0.0413
56712.4835 2.2248 0.0430
56778.3007 2.3295 0.0441
56837.3245 2.4292 0.0432
57220.2668 2.8035 0.0366
57567.2988 2.3412 0.0347
56776.4632 2.3340 0.0435
57191.4328 3.0051 0.0381
56831.3199 2.4840 0.0403
57216.2792 2.7397 0.0369
56839.3166 2.5098 0.0455
57223.3660 2.8877 0.0376
56841.3211 2.3850 0.0499
57194.4128 2.8954 0.0367
56722.4512 2.2048 0.0422
57542.3634 2.1680 0.0343
56723.4935 2.3044 0.0481
56805.4134 2.2684 0.0447
57508.4126 2.1788 0.0345
57185.4654 2.9182 0.0416
56781.3529 2.3058 0.0492
57433.5303 2.3344 0.0327
56801.3488 2.3592 0.0438
57492.5483 2.1410 0.0401
53496.3500 2.0375 0.0087
57520.3156 2.2012 0.0418
56811.4368 2.2276 0.0398
56772.5406 2.2243 0.0533
56809.4595 2.3746 0.0444
56803.4668 2.4052 0.0502
56798.4255 2.3329 0.0396
56783.3458 2.2588 0.0537
56715.5548 2.2718 0.0400
57160.3693 2.7565 0.0330
57547.3970 2.2717 0.0339
57213.2908 2.8093 0.0335
56835.3225 2.4314 0.0400
56751.3471 2.1330 0.0460
57157.4471 2.7443 0.0402
57123.5441 2.6820 0.0665
57104.4669 3.0387 0.0650
52793.2667 2.2307 0.0280
57133.6028 2.7970 0.0546
57459.5499 2.3539 0.0510
57134.4738 2.7550 0.0611
57166.3310 2.7684 0.0682
53388.6169 1.8123 0.0188
54620.3631 1.7348 0.0435
