53847.5729 2.8904 0.0253
53462.4912 1.5642 0.0227
56743.5069 6.7079 0.0303
53851.4182 2.8923 0.0152
53853.4352 2.9075 0.0153
53586.2942 1.8752 0.0105
52730.5546 1.2176 0.0338
53911.3276 3.2067 0.0210
53524.3013 1.9049 0.0089
54186.5147 2.2006 0.0163
52698.6088 1.1939 0.0101
57420.5495 4.1572 0.0314
54531.5740 3.5814 0.0090
53466.6127 1.5716 0.0101
52710.6200 1.1779 0.0119
53583.3046 1.8509 0.0107
54570.4284 3.8951 0.0229
53799.4817 3.4016 0.0170
52817.2960 1.2091 0.0216
54624.3824 4.2508 0.0116
54176.5493 2.3227 0.0113
53505.3888 1.9257 0.0167
53769.6082 3.6464 0.0111
54561.4254 3.9756 0.0116
53146.4901 1.3168 0.0110
54151.6503 2.6223 0.0125
54153.5968 2.6122 0.0117
54117.6461 2.9340 0.0107
54213.5722 2.0775 0.0136
54524.5266 3.4725 0.0179
53553.4142 1.9175 0.0113
53578.3431 1.8247 0.0153
53411.6236 1.3862 0.0099
54511.5807 3.2258 0.0097
54614.3924 4.0508 0.0128
53936.3074 2.8753 0.0121
54255.3352 1.8946 0.0165
53200.2667 1.5496 0.0109
54621.4059 4.2135 0.0121
54557.5455 3.8506 0.0122
54234.4877 1.9433 0.0108
53859.3669 2.9258 0.0155
53473.5879 1.6329 0.0124
53121.5132 1.2376 0.0102
54591.3863 3.9147 0.0115
54179.5219 2.2835 0.0110
54563.4941 3.9173 0.0128
52813.3474 1.2144 0.0131
54209.4939 2.0851 0.0112
54588.5522 3.5262 0.0158
53175.3845 1.4819 0.0102
54262.4022 1.8890 0.0129
54183.5063 2.1808 0.0117
53551.3290 1.8803 0.0106
53939.3067 2.8882 0.0122
57567.2958 4.2899 0.0384
53875.3594 3.2900 0.0115
53772.6264 3.6271 0.0130
52792.4193 1.2023 0.0185
53527.3526 1.9198 0.0107
54535.5077 3.5582 0.0111
53446.5324 1.5408 0.0106
53943.3027 2.8916 0.0122
53138.4614 1.2858 0.0114
53109.5778 1.1834 0.0150
53469.5188 1.6021 0.0109
53178.3751 1.5289 0.0102
53149.3330 1.3638 0.0103
53906.3684 3.2397 0.0140
52722.5967 1.2175 0.0231
53390.6489 1.3692 0.0109
53531.3615 1.8983 0.0111
53916.3248 3.1660 0.0153
53117.4850 1.2338 0.0100
53766.6170 3.6736 0.0117
53495.4394 1.9429 0.0114
52815.2953 1.2280 0.0077
53855.4161 2.9050 0.0117
54124.6309 2.8492 0.0110
54205.4858 2.0865 0.0125
54594.4526 3.9226 0.0118
53165.4100 1.3261 0.0100
54618.4140 4.1710 0.0119
53195.3465 1.5368 0.0103
53743.6336 3.8784 0.0112
54229.4787 1.9562 0.0189
53518.4479 1.9004 0.0243
54538.5772 3.5733 0.0134
54113.6612 2.9766 0.0150
53083.6071 1.2775 0.0110
53502.3879 1.9427 0.0121
54120.6630 2.9037 0.0150
53879.3083 3.3197 0.0126
53500.3158 1.9426 0.0112
54528.5221 3.5948 0.0103
53888.4072 3.2830 0.0149
52791.4573 1.1713 0.0190
52721.6238 1.1396 0.0315
56741.5892 6.7896 0.0596
56811.4286 5.5464 0.0406
57213.2820 4.0978 0.0327
56776.4550 6.0951 0.0455
54144.5896 2.6769 0.0131
56841.3128 4.6709 0.0480
57216.2706 4.0190 0.0353
56772.5313 6.0913 0.0513
53892.3778 3.3225 0.0252
54600.4443 4.0108 0.0314
56783.3361 6.0027 0.0541
56780.3019 5.9829 0.0503
57433.5227 4.3602 0.0337
57459.5423 4.5454 0.0377
57160.3607 4.2834 0.0337
57547.3894 4.2562 0.0349
56744.5487 6.8373 0.0486
56781.3448 6.0169 0.0523
57223.3574 3.9133 0.0359
56837.3164 4.9273 0.0421
56722.4431 7.2028 0.0464
56809.4513 5.6673 0.0451
56798.4174 5.8960 0.0412
53883.3901 3.3033 0.0144
56835.3144 5.2322 0.0404
56803.4007 5.9187 0.0495
56831.3117 5.3042 0.0409
56712.4754 7.3128 0.0472
52790.4020 1.2772 0.0374
57520.3067 2.9068 0.0393
56805.4052 5.8093 0.0443
54201.4545 2.1176 0.0131
56807.2850 5.2265 0.0429
57078.4375 4.7720 0.0441
54259.3136 1.9277 0.0113
57479.5414 4.5707 0.0394
56801.3407 4.1677 0.0435
57508.4044 4.3761 0.0367
57194.4042 4.1725 0.0356
56778.2926 5.9813 0.0479
56751.3388 6.7009 0.0501
54266.2931 1.9482 0.0123
57133.4154 4.5541 0.0365
56715.5467 6.7167 0.0442
57157.4382 3.7911 0.0391
53463.5851 1.5402 0.0211
54597.4492 3.9046 0.0131
56833.3206 5.3103 0.0415
57220.2575 3.3477 0.0401
57542.3556 4.5157 0.0354
56723.4853 6.9882 0.0461
56839.3084 5.2783 0.0451
53523.4194 1.8777 0.0183
54620.3602 4.1902 0.0301
53563.3393 1.8498 0.0235
57185.4561 4.2084 0.0486
57492.5382 3.7079 0.0478
57191.4231 4.4494 0.0456
57166.3209 4.4676 0.0725
57460.4772 2.7523 0.0824
57134.4685 4.5230 0.0636
57123.5324 2.2703 0.0697
57195.4008 4.1606 0.0562
57105.5603 4.7084 0.0574
53890.4800 3.1606 0.0669
56721.5940 7.3404 0.1242
57419.5304 4.0377 0.1088
53198.3064 1.6413 0.0928
57104.4590 4.8963 0.0735
53770.6182 3.6390 0.0252
