57479.5240 1.6766 0.0218
57420.5453 1.4201 0.0295
56715.5229 1.1428 0.0326
57567.2896 1.4817 0.0267
56723.4803 1.1898 0.0339
56781.3397 1.2648 0.0433
56776.4499 1.1634 0.0330
56721.5901 1.3181 0.0385
56798.4117 1.1488 0.0299
56778.2875 1.1896 0.0368
57508.3994 1.6415 0.0261
57520.3008 1.7044 0.0413
57542.3509 1.5814 0.0240
57460.4734 1.6051 0.0271
56833.3155 1.0942 0.0304
56780.2967 1.1268 0.0398
56831.3066 0.9683 0.0295
56772.5257 1.1671 0.0420
56744.5344 1.1971 0.0340
56751.3336 1.2706 0.0405
56783.3308 1.2563 0.0446
57492.5332 1.5731 0.0296
57459.5373 1.6444 0.0277
56743.4948 1.2044 0.0373
56712.4708 1.2598 0.0375
57433.5183 1.3681 0.0259
57216.2664 1.7693 0.0321
56829.3208 0.8245 0.0436
53475.5607 1.5309 0.0093
57213.2777 1.7576 0.0291
57194.3999 1.7250 0.0321
57133.4106 1.4835 0.0303
57220.2508 1.6545 0.0871
57223.3531 1.6054 0.0324
57157.4336 1.5483 0.0337
57160.3564 1.6385 0.0297
56722.4392 1.2985 0.0434
57547.3854 1.5499 0.0267
57419.5251 1.3827 0.0603
57191.4184 1.8060 0.0428
56811.4254 1.1608 0.0497
56803.3973 1.2540 0.0598
56805.4020 1.1409 0.0521
57123.5278 1.4091 0.0869
56835.3113 1.2059 0.0494
56839.3052 1.2940 0.0565
57185.4502 1.5300 0.0543
57134.4666 1.5557 0.0546
56837.3116 1.1865 0.0531
56807.2819 1.1729 0.0521
56711.5225 1.5194 0.0797
57195.3988 1.7898 0.0518
57104.4484 1.3744 0.0431
56841.3094 1.1970 0.0653
56809.4482 1.0978 0.0559
56741.5841 1.2489 0.0519
56801.3374 1.1993 0.0568
57078.4234 1.1494 0.0515
57166.3176 1.5479 0.0913
57156.4557 1.5946 0.0415
57105.5577 1.4714 0.0707
53467.5113 1.4386 0.0154
