57420.5582 3.5772 0.0315
56743.5383 3.5563 0.0432
53475.5639 6.4843 0.0100
56741.6094 3.5454 0.0597
56744.5188 3.6437 0.0445
56780.3104 3.6296 0.0497
56833.3288 4.0349 0.0433
56807.2931 3.9538 0.0481
57479.5491 3.8400 0.0439
56712.4835 4.1872 0.0450
56778.3007 3.6444 0.0453
56837.3245 4.1602 0.0451
57220.2668 3.7788 0.0376
57567.2988 4.3606 0.0388
56776.4632 3.7891 0.0449
57191.4328 3.6193 0.0382
56831.3199 4.1580 0.0424
57216.2792 3.7783 0.0382
56839.3166 4.1268 0.0473
57223.3660 3.8897 0.0387
56841.3211 4.2132 0.0510
57194.4128 3.5756 0.0373
56722.4512 3.9968 0.0442
57542.3634 4.2439 0.0384
56723.4935 3.7816 0.0490
56805.4134 3.9563 0.0464
57508.4126 4.1176 0.0384
57185.4654 3.6720 0.0418
56781.3529 3.5965 0.0498
57433.5303 3.7088 0.0358
56801.3488 3.9814 0.0455
57492.5483 3.9847 0.0435
57520.3156 4.2368 0.0447
56811.4368 4.1049 0.0423
56772.5406 3.5481 0.0540
56809.4595 4.1263 0.0465
56803.4668 3.9507 0.0509
56798.4255 3.9802 0.0416
56783.3458 3.7557 0.0542
56715.5548 4.0505 0.0422
57160.3693 3.7283 0.0346
57547.3970 4.1405 0.0377
57213.2908 3.7507 0.0347
56835.3225 4.1162 0.0424
56751.3471 3.5695 0.0473
57157.4471 3.7717 0.0412
57123.5441 3.5621 0.0662
57104.4669 3.8745 0.0644
57133.6028 3.5561 0.0544
53883.4566 6.5044 0.0142
57459.5499 3.6285 0.0550
57134.4738 3.6513 0.0616
57166.3310 3.8480 0.0694
54620.3631 5.5434 0.0523
53467.5113 6.5019 0.0202
