53496.3516 33.1421 0.0166
56783.3558 34.1883 0.0862
56805.4223 18.7822 0.0650
56772.5497 33.8834 0.0818
57420.5657 39.9495 0.0773
56798.4341 17.7575 0.0589
56809.4686 24.4012 0.0719
56776.4714 34.0479 0.0780
56778.3088 34.0721 0.0806
56780.3187 34.0521 0.0808
56744.5276 24.0368 0.0704
56803.4771 23.3323 0.0753
56781.3610 34.3184 0.0846
52793.2667 31.4992 0.0525
56839.3237 34.0870 0.1142
56811.4440 33.7468 0.1072
57542.3702 38.2536 0.1003
56837.3324 34.1076 0.1103
56741.6125 32.9554 0.1244
56807.3003 34.2493 0.1090
56841.3285 34.2675 0.1136
57567.3062 37.6575 0.1020
56712.4906 33.7936 0.1097
57520.3235 39.0210 0.0999
57078.4806 41.3589 0.1059
56801.3559 34.3054 0.1114
57547.4040 37.3497 0.1015
57134.4793 40.6572 0.1089
57104.4834 37.7574 0.1186
56833.3360 34.0068 0.1107
57123.5559 41.9833 0.1128
53388.6201 30.2181 0.0298
56723.5006 33.5372 0.1089
57160.3768 41.0010 0.1014
56722.4592 33.5320 0.1083
57479.5565 38.6046 0.1003
57508.4194 39.4442 0.1047
57492.5562 38.2789 0.1077
57191.4410 40.3712 0.1003
56751.3543 33.5321 0.1123
57216.2868 40.5502 0.1119
56831.3270 33.7534 0.1072
57220.2743 40.8706 0.1050
56835.3296 34.0588 0.1078
57213.2983 40.7408 0.1013
57433.5369 40.1809 0.1036
57223.3735 40.5514 0.1052
56715.5619 33.6605 0.1063
57157.4549 40.4261 0.1120
57185.4743 40.2817 0.1161
53941.3114 72.6050 0.0957
57166.3394 40.7904 0.1690
53770.6220 32.6638 0.0557
54620.3581 25.7514 0.0902
