57420.5582 9.9776 0.0355
56743.5383 10.4372 0.0499
53475.5620 11.4690 0.0128
56741.6094 10.3984 0.0667
56744.5188 10.6287 0.0530
56780.3104 10.4572 0.0575
56833.3288 10.3373 0.0508
56807.2931 10.6061 0.0563
57479.5491 9.6876 0.0489
56712.4835 10.5595 0.0525
56778.3007 10.6511 0.0539
56837.3245 10.3453 0.0523
57220.2668 11.0628 0.0463
57567.2988 9.0868 0.0430
56776.4632 10.8213 0.0534
57191.4328 11.1306 0.0468
56831.3199 10.2781 0.0497
57216.2792 11.1109 0.0471
56839.3166 10.5031 0.0550
57223.3660 11.0611 0.0470
56841.3211 10.4589 0.0584
57194.4128 11.1785 0.0463
56722.4512 10.5124 0.0519
57542.3634 9.3436 0.0432
56723.4935 10.5836 0.0573
56805.4134 10.6926 0.0546
57508.4126 9.5786 0.0436
57185.4654 11.1359 0.0500
56781.3529 10.6233 0.0579
57433.5303 9.9383 0.0424
56801.3488 10.5232 0.0531
57492.5483 9.5578 0.0482
57520.3156 9.5342 0.0487
56811.4368 10.5536 0.0500
56772.5406 10.8568 0.0623
56809.4595 10.5130 0.0543
56803.4668 10.4395 0.0583
56798.4255 10.7106 0.0493
56783.3458 10.7127 0.0619
56715.5548 10.6736 0.0501
57160.3693 10.8938 0.0429
57547.3970 9.1703 0.0423
57213.2908 11.1550 0.0433
56835.3225 10.3027 0.0496
56751.3471 10.6093 0.0557
57157.4471 10.9255 0.0492
57123.5441 10.8475 0.0738
57104.4669 11.1220 0.0741
57133.6028 10.9899 0.0642
57459.5499 9.7913 0.0634
57134.4738 11.0344 0.0746
57166.3310 10.8615 0.0806
54620.3631 11.3731 0.0643
53467.5113 11.5469 0.0240
