57420.5718 5.2166 0.0327
56833.3442 3.9586 0.0393
52814.3124 4.4235 0.0095
56741.6247 3.9941 0.0621
56805.4265 4.1959 0.0464
56781.3651 4.1172 0.0505
57492.5616 5.3850 0.0397
56798.4382 4.2949 0.0430
57542.3753 5.5665 0.0379
56841.3344 3.9402 0.0495
57157.4605 4.6138 0.0415
57520.3289 5.4507 0.0431
56801.3611 4.1944 0.0471
56776.4755 4.0708 0.0443
56809.4728 4.0803 0.0480
56839.3294 3.9169 0.0468
57508.4244 5.2591 0.0391
57191.4470 4.1873 0.0381
56722.4643 4.2059 0.0440
57134.4858 4.2549 0.0398
56835.3351 3.9374 0.0417
56723.5056 4.1000 0.0461
56811.4492 4.1402 0.0424
57223.3789 4.3974 0.0389
57216.2922 4.4355 0.0391
56778.3129 4.1999 0.0478
56783.3617 4.3229 0.0563
57220.2801 4.3242 0.0393
56772.5541 3.9392 0.0530
56807.3055 4.1706 0.0442
56780.3231 4.2082 0.0479
56837.3376 3.8107 0.0440
56831.3322 3.8915 0.0408
57547.4087 5.5615 0.0382
56751.3593 4.2383 0.0466
56744.5318 4.0982 0.0466
56712.4957 3.9749 0.0442
57479.5619 5.5547 0.0427
56715.5670 3.9782 0.0407
57213.3036 4.4248 0.0355
57433.5416 5.5078 0.0372
56803.4819 4.0500 0.0648
57160.4616 4.5831 0.0463
57078.4859 4.0297 0.0411
57166.3455 4.6022 0.0526
57105.5711 4.1815 0.0592
57104.5060 4.2588 0.0495
57185.4795 4.2525 0.0680
57123.5621 4.1502 0.0799
57567.3097 4.9354 0.1032
