56743.5069 22.9551 0.0440
57420.5495 29.5240 0.0503
53475.5639 17.4290 0.0135
57223.3579 25.1136 0.0845
57508.4044 31.4557 0.0706
56776.4550 23.4463 0.0692
56780.3019 23.9665 0.0728
56803.4007 24.1415 0.0736
56831.3117 25.0920 0.0679
57567.2972 30.7934 0.0779
56778.2926 23.6594 0.0714
56835.3144 25.0919 0.0672
57542.3556 31.6708 0.0691
57547.3894 31.5550 0.0692
56741.5892 22.5738 0.0775
56805.4052 24.6192 0.0695
57433.5227 31.4165 0.0666
56839.3084 25.0613 0.0710
57459.5423 29.7334 0.0695
57160.3607 28.8589 0.0627
56712.4754 22.9530 0.0684
57133.4154 29.1166 0.0648
57194.4042 30.3596 0.0661
56715.5467 22.9726 0.0670
57157.4382 29.0197 0.0687
56744.5487 23.0547 0.0706
56781.3448 23.6423 0.0744
56841.3128 25.3252 0.0718
57216.2706 30.7040 0.0678
56751.3388 23.2680 0.0713
56837.3164 25.0459 0.0686
56833.3206 25.0253 0.0677
57479.5414 29.6516 0.0650
57213.2820 30.8454 0.0634
56722.4431 23.2333 0.0688
57078.4375 26.3651 0.0641
57220.2575 30.7045 0.0649
56772.5313 23.6990 0.0719
56801.3407 24.1645 0.0703
57520.3067 31.4444 0.0667
56809.4513 24.2929 0.0706
56783.3361 23.8305 0.0738
56723.4853 23.0100 0.0681
56798.4174 24.0338 0.0649
56807.2850 24.2771 0.0702
56811.4286 24.4674 0.0660
57492.5382 30.1801 0.0875
57185.4561 30.0142 0.0831
57191.4231 30.2054 0.0820
57460.4772 30.1127 0.1429
53883.4566 25.8730 0.0228
57166.3209 29.1452 0.1123
57123.5324 28.5934 0.1003
57195.4008 30.3234 0.1037
57105.5603 27.5745 0.1000
57134.4685 29.6974 0.1087
56721.5940 22.8433 0.1744
57104.4590 28.1517 0.1327
53467.5113 17.3592 0.0283
