57420.5763 7.7889 0.0340
56801.3688 6.5197 0.0456
52814.3124 14.9119 0.0128
56833.3478 6.9978 0.0463
56744.5358 6.5535 0.0510
56776.4795 6.6557 0.0481
56772.5585 6.6645 0.0541
56723.5097 6.6095 0.0497
56781.3691 6.5505 0.0548
57123.5698 6.2601 0.0571
56831.3363 7.0159 0.0457
57213.3079 6.3064 0.0375
57223.3832 6.3132 0.0412
57134.4907 6.4944 0.0442
56798.4422 6.6547 0.0470
56722.4684 6.6898 0.0469
56839.3341 6.9753 0.0515
57160.5054 6.6662 0.0437
56751.3634 6.8082 0.0490
56805.4306 6.6508 0.0484
57520.3333 9.1486 0.0462
57542.3791 9.7835 0.0433
56809.4772 6.6355 0.0542
57479.5663 8.3881 0.0454
56803.4885 6.6940 0.0587
56837.3417 6.9826 0.0480
57433.5460 8.1118 0.0407
56835.3395 7.1225 0.0464
57547.4125 9.7369 0.0445
57492.5660 8.5868 0.0464
56715.5711 6.6574 0.0445
57191.4517 6.2682 0.0425
56741.6278 6.5517 0.0645
56712.4997 6.5906 0.0476
56778.3170 6.7069 0.0501
57220.2845 6.2870 0.0420
57157.4650 6.5738 0.0443
56807.3096 6.6003 0.0495
56780.3275 6.5476 0.0502
56811.4533 6.6756 0.0460
56841.3393 7.0999 0.0507
57508.4284 9.0484 0.0440
57216.2975 6.3588 0.0405
56783.3659 6.5120 0.0563
57185.4838 6.2480 0.0591
57166.3513 6.5145 0.0490
57078.4898 6.0521 0.0560
57105.5730 6.2038 0.0655
57104.5182 6.2729 0.0634
54620.3618 8.9836 0.0599
