52730.5705 1.6820 0.0233
57420.5786 1.7397 0.0205
56801.3728 1.6048 0.0224
53847.5729 1.7456 0.0247
53462.4931 1.4123 0.0228
53911.3288 1.8515 0.0170
53851.4182 1.7884 0.0145
56833.3504 1.5543 0.0248
53853.4352 1.7772 0.0147
53586.2942 1.4454 0.0102
57191.4555 1.2735 0.0234
53524.3013 1.4007 0.0086
54186.5147 2.2774 0.0160
52698.6084 1.7043 0.0098
57547.4144 1.7363 0.0221
56831.3383 1.5912 0.0260
56798.4450 1.6007 0.0292
54531.5740 1.9606 0.0080
57508.4303 1.7115 0.0228
57213.3100 1.3982 0.0210
56807.3116 1.7127 0.0280
57220.2868 1.3516 0.0233
56837.3438 1.5408 0.0281
56772.5606 1.6713 0.0346
57520.3354 1.6442 0.0263
56805.4327 1.6585 0.0291
56839.3361 1.5331 0.0311
56809.4796 1.6898 0.0321
56744.5379 1.6153 0.0308
57542.3810 1.6734 0.0211
57433.5482 1.7612 0.0210
56751.3655 1.6717 0.0292
56783.3679 1.8045 0.0366
56715.5731 1.5981 0.0256
56781.3712 1.7219 0.0331
57216.3001 1.3544 0.0229
56780.3295 1.7468 0.0306
57492.5682 1.7065 0.0253
57223.3854 1.3428 0.0239
56841.3414 1.4560 0.0312
56811.4554 1.7338 0.0270
56778.3190 1.7498 0.0302
56776.4816 1.7986 0.0283
56722.4707 1.5528 0.0280
57479.5684 1.7893 0.0265
56723.5117 1.5025 0.0290
57134.4930 1.2138 0.0258
56835.3415 1.6369 0.0264
53466.6127 1.3965 0.0099
56712.5018 1.5794 0.0280
57157.4671 1.2366 0.0271
52710.6200 1.7364 0.0120
53583.3046 1.4553 0.0104
57166.3533 1.3600 0.0310
54570.4284 2.0114 0.0217
53799.4817 1.7730 0.0158
52817.2960 2.0676 0.0221
54262.4012 2.1321 0.0118
57160.5069 1.3311 0.0293
54209.4929 2.3685 0.0102
54624.3824 1.9505 0.0099
53505.3888 1.4933 0.0163
53769.6082 1.7194 0.0096
54561.4254 1.9469 0.0100
56803.4903 1.6429 0.0430
53146.4901 1.4780 0.0112
54535.5077 2.0030 0.0098
54151.6503 2.2939 0.0120
54153.5968 2.2789 0.0112
54117.6461 2.2220 0.0100
54524.5266 1.9276 0.0170
53553.4142 1.3549 0.0107
54144.5888 2.2265 0.0112
53578.3431 1.4399 0.0148
54597.4509 2.0645 0.0102
53411.6236 1.3717 0.0098
54511.5807 1.9476 0.0086
54213.5722 2.3862 0.0136
54614.3924 1.9727 0.0112
53936.3074 1.7453 0.0110
54255.3352 2.1336 0.0163
54600.4459 2.1262 0.0273
53200.2667 1.5529 0.0109
54621.4059 1.9737 0.0104
54266.2923 2.1877 0.0110
54557.5455 1.9623 0.0108
54234.4877 2.2821 0.0109
53859.3669 1.8237 0.0148
53473.5879 1.4111 0.0122
57123.5735 1.2429 0.0377
53121.5132 1.6274 0.0104
54591.3863 2.0658 0.0100
54179.5219 2.2390 0.0108
54563.4941 1.9964 0.0114
52813.3474 2.0466 0.0135
54588.5522 2.0550 0.0146
53175.3845 1.4593 0.0103
53883.3893 1.8287 0.0117
54183.5063 2.3084 0.0117
53551.3290 1.3633 0.0102
53939.3067 1.7724 0.0112
54205.4858 2.3554 0.0125
52792.4193 2.0542 0.0188
54201.4537 2.3240 0.0115
53446.5324 1.3296 0.0102
53943.3027 1.7959 0.0112
54259.3128 2.1253 0.0101
53138.4614 1.5603 0.0115
52722.5967 1.7397 0.0229
53109.5778 1.6258 0.0153
53469.5188 1.4162 0.0107
53178.3751 1.4855 0.0102
53149.3330 1.4573 0.0105
53906.3684 1.9101 0.0128
53390.6489 1.2986 0.0108
53531.3615 1.4120 0.0106
53916.3248 1.8255 0.0142
53117.4850 1.5860 0.0103
53766.6170 1.6708 0.0100
53495.4394 1.4712 0.0109
52815.2953 2.0690 0.0082
54176.5642 2.2598 0.0110
54124.6309 2.3701 0.0105
53875.3594 1.8496 0.0104
54594.4526 2.0694 0.0103
53165.4100 1.4488 0.0102
54618.4140 1.9850 0.0103
53527.3526 1.4038 0.0102
53772.6264 1.7241 0.0115
53195.3465 1.5337 0.0103
53743.6336 1.5844 0.0093
54229.4787 2.3745 0.0187
53500.3158 1.5230 0.0108
53518.4479 1.4235 0.0238
54538.5772 1.9881 0.0120
54113.6612 2.1704 0.0143
53083.6071 1.6729 0.0111
53855.4161 1.7740 0.0108
53502.3879 1.5106 0.0117
53892.3770 1.9076 0.0216
54120.6630 2.2249 0.0144
53879.3083 1.8148 0.0114
53888.4064 1.8601 0.0123
54528.5221 1.9606 0.0091
52791.4573 1.9732 0.0193
52721.6238 1.7560 0.0313
53463.5851 1.3849 0.0208
57078.4920 1.2051 0.0327
52790.4020 2.0563 0.0376
57185.4873 1.3280 0.0385
56741.6320 1.5778 0.0354
53523.4194 1.5835 0.0179
57105.5738 1.1899 0.0435
54620.3589 1.9712 0.0262
53563.3393 1.3749 0.0229
57104.5208 1.2344 0.0421
53890.4800 1.7849 0.0615
53198.3064 1.5845 0.0917
54619.3119 1.8981 0.0588
