57420.5648 18.0861 0.0418
52814.3124 23.2743 0.0152
57191.4456 20.2191 0.0536
56833.3407 22.1981 0.0613
57134.4846 20.4115 0.0563
56839.3248 22.1905 0.0693
56751.3553 22.0015 0.0682
56831.3281 22.3540 0.0650
56783.3558 21.3520 0.0743
57520.3246 20.9216 0.0581
56805.4223 21.8219 0.0685
56723.5016 22.1794 0.0675
57479.5576 21.1026 0.0585
57123.5575 11.8209 0.0608
57542.3711 16.4772 0.0521
57160.3779 14.4104 0.0483
57157.4560 18.9495 0.0583
56776.4714 20.4769 0.0639
56798.4341 21.7117 0.0634
56835.3306 22.1943 0.0652
56803.4771 21.6300 0.0741
56837.3334 22.2416 0.0668
57492.5572 21.3726 0.0618
56809.4686 22.0904 0.0701
56741.6140 22.0564 0.0777
57216.2878 15.4937 0.0534
56778.3088 21.6406 0.0677
56801.3570 21.5806 0.0664
56780.3187 21.6912 0.0683
56744.5276 20.1157 0.0658
57433.5379 18.6970 0.0545
57223.3746 20.0960 0.0576
56715.5630 21.8587 0.0641
56781.3610 21.3088 0.0711
57220.2754 15.9034 0.0546
56811.4451 22.0748 0.0652
56722.4603 22.2552 0.0658
57508.4204 20.9662 0.0597
56807.3013 21.8350 0.0663
56841.3295 22.2157 0.0695
57567.3072 18.4810 0.0607
56712.4916 21.5387 0.0660
57547.4049 20.1168 0.0572
56772.5497 21.5970 0.0696
57213.2988 12.5084 0.0566
57104.4873 21.0930 0.0717
57166.3406 16.8369 0.0894
57185.4755 20.1874 0.0641
57078.4806 21.5339 0.0815
57105.5696 20.9728 0.1288
53770.6220 11.8062 0.0377
54620.3581 30.7868 0.0983
