53853.4372 2.3859 0.0174
57420.5763 2.1091 0.0293
56801.3688 2.2745 0.0403
53466.6126 2.3864 0.0121
53505.3892 2.2717 0.0187
53586.2926 2.3652 0.0154
56833.3478 2.1030 0.0384
52817.2982 2.3011 0.0129
53799.4823 2.3843 0.0190
54262.4016 2.3272 0.0132
56723.5097 2.2625 0.0423
56831.3363 2.1539 0.0373
56798.4422 2.2682 0.0407
53553.4142 2.2721 0.0130
54144.5888 2.2235 0.0128
54511.5807 2.2961 0.0100
56809.4772 2.2572 0.0472
54255.3352 2.3523 0.0187
54600.4459 2.1529 0.0314
57547.4125 2.3345 0.0313
53936.3074 2.6604 0.0133
56741.6278 2.3078 0.0611
53531.3614 2.2462 0.0127
56841.3393 2.2075 0.0451
57213.3079 2.1401 0.0306
56807.3096 2.1324 0.0418
56780.3275 2.3375 0.0445
54234.4877 2.2691 0.0124
53859.3669 2.3668 0.0172
56778.3170 2.3114 0.0432
56776.4795 2.2680 0.0409
56781.3691 2.3048 0.0489
57123.5698 2.3669 0.0555
53121.5132 2.1855 0.0123
57223.3832 2.1751 0.0348
57134.4907 2.2406 0.0384
53195.3466 2.5002 0.0124
56751.3634 2.3212 0.0419
56805.4306 2.3614 0.0415
53175.3845 2.4025 0.0125
53883.3893 2.4684 0.0138
53446.5323 2.4600 0.0125
57433.5460 2.1982 0.0300
52698.6078 1.8229 0.0144
56835.3395 2.2464 0.0380
53551.3290 2.2776 0.0122
53939.3067 2.6466 0.0134
53875.3594 2.4232 0.0123
57216.2975 2.1396 0.0331
56744.5358 2.2765 0.0443
56772.5585 2.2750 0.0491
53200.2667 2.4924 0.0132
53943.3027 2.6519 0.0134
54259.3128 2.3694 0.0117
52790.4020 2.3030 0.0382
53146.4903 2.2887 0.0134
56722.4684 2.1817 0.0393
53469.5188 2.4020 0.0129
53178.3751 2.4287 0.0123
53149.3330 2.2840 0.0125
57542.3791 2.3447 0.0303
53390.6489 2.4346 0.0131
53411.6236 2.4184 0.0121
56715.5711 2.3187 0.0371
53473.5879 2.4124 0.0146
53583.3047 2.3687 0.0145
53855.4161 2.3772 0.0127
56712.4997 2.2378 0.0402
57220.2845 2.1711 0.0349
54594.4526 2.1458 0.0118
53165.4100 2.3535 0.0121
54618.4140 2.1620 0.0119
53527.3526 2.2381 0.0123
53743.6331 2.5033 0.0115
54591.3863 2.1419 0.0115
56839.3341 2.1983 0.0440
57520.3333 2.3341 0.0381
54229.4787 2.2624 0.0214
54528.5221 2.2583 0.0106
53500.3158 2.2825 0.0128
53888.4064 2.5059 0.0144
54538.5772 2.2316 0.0139
57479.5663 2.1784 0.0378
54113.6612 2.1478 0.0167
56803.4885 2.2882 0.0530
56837.3417 2.0970 0.0400
53502.3879 2.2553 0.0139
52710.6238 2.4214 0.0169
57492.5660 2.1553 0.0356
57191.4517 2.2440 0.0363
54597.4509 2.1273 0.0117
53892.3770 2.5705 0.0249
53879.3083 2.4440 0.0133
53117.4850 2.2371 0.0121
57157.4650 2.2229 0.0379
57160.5054 2.2707 0.0373
56811.4533 2.3333 0.0387
57508.4284 2.2365 0.0323
56783.3659 2.2760 0.0524
54176.5663 2.2602 0.0145
53766.6181 2.4921 0.0139
52815.2974 2.3237 0.0102
54266.2944 2.3226 0.0144
54531.5910 2.2455 0.0135
57166.3513 2.1796 0.0436
53138.4626 2.2549 0.0149
54124.6330 2.1868 0.0135
54179.5230 2.2860 0.0142
57185.4838 2.3049 0.0529
54201.4516 2.2808 0.0151
54117.6450 2.1108 0.0128
53578.3420 2.3468 0.0202
54621.4038 2.1515 0.0135
53462.4695 2.3792 0.0363
52722.5953 2.4005 0.0358
57105.5730 2.2674 0.0546
53847.5911 2.2957 0.0579
52730.5474 2.3185 0.0219
54620.3530 2.1603 0.0302
53463.5974 2.4146 0.0320
54535.5061 2.2689 0.0160
52813.3443 2.2749 0.0219
54614.3972 2.1474 0.0179
53109.5758 2.1810 0.0245
54557.5502 2.1887 0.0173
54209.4865 2.2782 0.0177
57078.4898 2.3025 0.0470
54524.5282 2.2819 0.0271
53916.3200 2.5692 0.0231
53495.4442 2.2790 0.0182
54570.4363 2.0780 0.0501
53911.3004 2.6555 0.0307
54563.5010 2.1191 0.0256
54120.6694 2.1605 0.0454
53523.4140 2.2622 0.0329
53198.3064 2.5642 0.0948
54619.3119 2.2848 0.0617
53524.3157 2.2013 0.0263
57104.5182 2.3184 0.0524
53563.3393 2.3110 0.0439
54561.4206 2.1805 0.0260
