52730.5734 1.6210 0.0275
53851.4210 1.8255 0.0162
53462.4937 1.9351 0.0248
52698.6084 1.6012 0.0092
53911.3289 1.5095 0.0169
53853.4372 1.8866 0.0169
53847.5695 1.7831 0.0270
57420.5763 3.7765 0.0309
53524.3013 2.1495 0.0099
53586.2934 1.7603 0.0117
54531.5720 1.9652 0.0093
54186.5120 1.7042 0.0196
56801.3688 2.4471 0.0405
53466.6126 1.9178 0.0117
53146.4901 1.8081 0.0115
53505.3892 2.0769 0.0183
54262.4009 1.4000 0.0125
53936.3074 1.4995 0.0109
53799.4817 1.9277 0.0185
53769.6085 1.7074 0.0106
54179.5219 1.5688 0.0104
52813.3474 1.7238 0.0134
56833.3478 2.2826 0.0388
53149.3330 1.8203 0.0108
52817.2982 1.6997 0.0123
52815.2953 1.7322 0.0077
53583.3033 1.7230 0.0124
53743.6336 1.7990 0.0096
54151.6503 1.8428 0.0133
54153.5968 1.8227 0.0122
52791.4573 1.8048 0.0194
56831.3363 2.2841 0.0375
54229.4787 1.6901 0.0209
54561.4254 1.8688 0.0126
56798.4422 2.4216 0.0410
53390.6481 1.7879 0.0126
53859.3661 1.8115 0.0167
54213.5722 1.6071 0.0148
56809.4772 2.3489 0.0473
54614.3924 2.0386 0.0125
57547.4125 3.3454 0.0332
56741.6278 2.6406 0.0616
53531.3614 2.1795 0.0125
57213.3079 2.7195 0.0316
56807.3096 2.6444 0.0428
53888.4056 1.6924 0.0138
53772.6264 1.7155 0.0129
54557.5455 1.9019 0.0121
56778.3170 2.5101 0.0435
53883.3885 1.6126 0.0129
56776.4795 2.3916 0.0411
53121.5124 1.7652 0.0119
53446.5315 2.0008 0.0121
56781.3691 2.5304 0.0492
53138.4605 1.8003 0.0132
53939.3059 1.5463 0.0124
54591.3863 1.9639 0.0112
57223.3832 2.8265 0.0359
54183.5055 1.4786 0.0124
53551.3282 2.0270 0.0120
56751.3634 2.0658 0.0415
56805.4306 2.4308 0.0416
56780.3275 2.4547 0.0446
53175.3845 2.0294 0.0119
53109.5768 1.5983 0.0171
54624.3808 1.8546 0.0118
57433.5460 3.8354 0.0330
53200.2659 1.9711 0.0127
53943.3019 1.5533 0.0123
54563.4934 1.9540 0.0129
53906.3676 1.5922 0.0141
57508.4284 3.2177 0.0341
53875.3594 1.8289 0.0116
53553.4134 1.9761 0.0125
57216.2975 2.8239 0.0343
54535.5077 1.9954 0.0111
56744.5358 2.6795 0.0449
56772.5585 2.4408 0.0493
53495.4386 1.9222 0.0128
53855.4153 1.8369 0.0122
54259.3128 1.4384 0.0108
53083.6063 1.8530 0.0128
56722.4684 2.0983 0.0392
54176.5634 1.5397 0.0118
53469.5188 1.9197 0.0124
57542.3791 3.3138 0.0321
53527.3518 2.1293 0.0121
52792.4185 1.8045 0.0215
53518.4471 2.1146 0.0270
53165.4092 1.8902 0.0115
53766.6170 1.6760 0.0113
53411.6236 1.7719 0.0114
54209.4905 1.5772 0.0119
56715.5711 2.5284 0.0374
53473.5879 1.9484 0.0141
53195.3454 1.9386 0.0118
56712.4997 2.1191 0.0400
54234.4869 1.6405 0.0117
57220.2845 2.7276 0.0359
57123.5698 2.3234 0.0554
56841.3393 2.4108 0.0453
54205.4858 1.6985 0.0136
54594.4526 1.9851 0.0115
54618.4140 1.7613 0.0114
53502.3871 1.9951 0.0135
53892.3762 1.6888 0.0242
56839.3341 2.3720 0.0443
57520.3333 3.2729 0.0392
57134.4907 2.1946 0.0384
53500.3150 1.9927 0.0125
54528.5221 1.6921 0.0100
54600.4459 1.9453 0.0307
54201.4529 1.6403 0.0124
54538.5772 1.9798 0.0135
57479.5663 2.9378 0.0388
54113.6612 1.4776 0.0161
56803.4885 2.5076 0.0533
54570.4308 1.9282 0.0260
56837.3417 2.3323 0.0404
56835.3395 2.3225 0.0381
57191.4517 2.6186 0.0369
54597.4509 2.0211 0.0115
54120.6630 1.4380 0.0163
53879.3083 1.7133 0.0126
53178.3743 2.0193 0.0118
57157.4650 1.8614 0.0373
54144.5880 1.8351 0.0124
53578.3423 1.7855 0.0170
56811.4533 2.3798 0.0387
53916.3240 1.4340 0.0153
56783.3659 2.5977 0.0528
52790.4027 1.9565 0.0490
54266.2912 1.4621 0.0138
57166.3513 2.4858 0.0440
54117.6482 1.6540 0.0125
52710.6197 1.5191 0.0184
53523.4176 2.2005 0.0203
57160.5056 1.8912 0.0442
54124.6330 1.6556 0.0128
56723.5098 1.9080 0.0496
53563.3393 1.9448 0.0235
57185.4838 2.6278 0.0534
53117.4838 1.7272 0.0134
54511.5828 1.9239 0.0111
54621.4080 1.8906 0.0135
54255.3373 1.4919 0.0218
54524.5287 1.8640 0.0216
52721.6238 1.9169 0.0443
57105.5730 1.8732 0.0536
54588.5522 1.9716 0.0235
53463.5701 1.9486 0.0277
57078.4898 2.6384 0.0479
57492.5671 3.3717 0.0543
53890.4800 1.4823 0.0605
57104.5182 2.5170 0.0530
53198.3064 2.0358 0.0915
52722.5995 1.5581 0.0508
