52730.5705 2.9674 0.0256
53847.5729 3.6766 0.0253
53462.4918 3.1406 0.0235
53851.4182 3.7303 0.0153
53911.3267 3.6753 0.0201
53853.4352 3.7567 0.0155
53586.2942 3.0242 0.0109
53524.3013 3.3034 0.0095
54531.5740 2.6641 0.0085
57420.5763 5.7877 0.0326
54186.5131 3.3205 0.0178
53466.6127 3.0646 0.0108
52710.6200 3.1280 0.0130
53583.3046 3.0053 0.0113
54570.4284 3.2771 0.0223
53799.4817 3.9895 0.0173
52817.2960 3.1375 0.0240
54262.4012 3.3437 0.0125
54209.4929 3.3862 0.0110
54624.3824 4.2102 0.0115
53505.3888 3.3474 0.0172
56801.3688 4.0044 0.0426
53769.6082 3.9718 0.0112
54561.4254 3.0450 0.0109
53146.4901 4.5164 0.0132
54535.5077 2.6911 0.0105
54151.6503 3.3489 0.0129
54153.5968 3.2995 0.0121
54229.4787 3.4425 0.0195
54213.5722 3.3563 0.0144
54524.5266 2.7030 0.0174
53553.4142 3.1702 0.0121
54144.5888 3.2982 0.0121
53578.3431 3.0063 0.0160
53411.6236 3.5289 0.0115
54511.5807 2.6877 0.0092
54614.3924 4.2007 0.0128
53936.3074 3.5589 0.0124
54600.4459 4.0114 0.0279
54266.2923 3.3063 0.0118
54557.5455 2.9166 0.0116
54234.4877 3.3255 0.0117
53859.3669 3.7549 0.0159
53121.5132 4.5676 0.0124
54591.3863 3.6288 0.0112
54179.5219 3.3852 0.0116
54563.4941 3.0800 0.0122
52813.3474 3.1287 0.0145
54588.5522 3.5768 0.0157
53175.3845 4.1888 0.0121
53883.3893 3.6627 0.0130
53200.2667 4.4238 0.0127
53109.5778 4.4347 0.0170
54183.5063 3.3910 0.0125
53551.3290 3.2179 0.0115
53939.3067 3.5251 0.0124
53875.3594 3.6862 0.0117
56833.3478 4.0072 0.0415
52792.4193 3.2117 0.0198
53446.5324 3.2162 0.0116
53943.3027 3.4355 0.0125
54259.3128 3.3920 0.0111
53138.4614 4.5382 0.0134
53469.5188 3.0702 0.0119
53178.3751 4.2390 0.0120
53149.3330 4.5514 0.0124
53906.3684 3.6685 0.0141
52722.5967 3.0529 0.0238
53390.6489 3.7920 0.0125
53531.3615 3.2873 0.0120
53916.3248 3.6954 0.0154
53117.4850 4.5981 0.0123
53766.6170 3.9121 0.0118
53495.4394 3.3921 0.0123
53083.6071 3.8833 0.0128
54528.5221 2.7142 0.0097
52815.2953 3.2126 0.0083
53473.5879 3.0745 0.0134
54176.5642 3.4077 0.0119
54124.6309 3.2872 0.0112
54205.4858 3.4088 0.0133
54594.4526 3.7193 0.0115
53165.4100 4.2890 0.0119
54618.4140 3.8114 0.0116
53527.3526 3.2792 0.0115
53772.6264 3.9370 0.0132
53195.3465 4.3603 0.0122
53743.6336 3.8821 0.0112
53888.4064 3.6163 0.0134
53518.4479 3.3254 0.0247
54538.5772 2.6722 0.0126
54113.6612 3.4723 0.0152
53855.4161 3.7411 0.0122
53502.3879 3.3695 0.0129
54597.4509 3.9053 0.0116
53892.3770 3.6691 0.0223
54120.6630 3.3853 0.0152
53879.3083 3.6585 0.0127
54201.4537 3.3753 0.0123
53500.3158 3.4240 0.0121
52791.4573 3.2129 0.0205
56831.3363 3.9992 0.0406
54255.3344 3.4301 0.0187
52721.6238 3.0823 0.0323
56798.4422 4.1024 0.0436
56723.5097 4.4679 0.0459
56809.4772 3.8129 0.0497
57547.4125 5.7764 0.0374
56741.6278 4.4738 0.0635
56807.3096 3.9402 0.0451
56780.3275 4.2835 0.0474
56778.3170 4.2787 0.0463
56776.4795 4.2975 0.0441
56781.3691 4.3282 0.0520
57123.5698 4.3651 0.0571
57213.3079 4.6521 0.0347
57223.3832 4.6217 0.0386
56751.3634 4.5772 0.0455
56805.4306 3.8448 0.0440
54621.4051 4.1999 0.0135
57433.5460 5.9322 0.0366
56835.3395 3.9292 0.0409
57216.2975 4.6782 0.0375
56744.5358 4.5361 0.0478
56772.5585 4.3199 0.0518
52790.4020 3.3117 0.0388
56722.4684 4.6029 0.0433
57492.5660 5.6186 0.0412
57542.3791 5.8063 0.0364
56715.5711 4.5677 0.0409
56712.4997 4.6932 0.0442
57220.2845 4.7044 0.0392
56841.3393 4.1421 0.0477
54117.6453 3.3344 0.0121
56839.3341 4.0376 0.0470
57520.3333 5.5571 0.0420
57134.4907 4.3412 0.0414
57479.5663 5.6411 0.0421
56803.4885 4.0348 0.0554
56837.3417 4.0279 0.0432
57191.4517 4.6566 0.0400
57157.4650 4.5490 0.0413
57160.5054 4.6708 0.0410
56811.4533 3.9251 0.0414
57508.4284 5.4690 0.0378
53523.4194 3.2507 0.0192
56783.3659 4.2533 0.0549
57166.3513 4.6103 0.0471
54620.3589 4.1886 0.0299
53563.3393 3.1756 0.0244
57185.4838 4.6309 0.0566
53463.5877 3.0481 0.0251
57105.5730 4.5243 0.0602
57078.4898 4.4615 0.0519
53890.4800 3.8228 0.0681
53198.3064 4.3235 0.0951
54619.3119 4.4248 0.0674
57104.5182 4.4000 0.0583
