57420.5648 7.7066 0.0349
57191.4456 5.8240 0.0398
56833.3407 8.3828 0.0473
57134.4846 5.8188 0.0431
56831.3281 8.3728 0.0494
56783.3558 7.9236 0.0647
57520.3246 6.6467 0.0450
56772.5497 8.2111 0.0584
57157.4560 5.8387 0.0445
57123.5575 5.6674 0.0588
57542.3711 7.1315 0.0400
57160.3779 5.7674 0.0381
57479.5576 6.5876 0.0448
56776.4714 8.0181 0.0507
56798.4341 7.7039 0.0485
56835.3306 8.5636 0.0501
56837.3334 8.4485 0.0521
57492.5572 6.5607 0.0446
56751.3553 8.6524 0.0547
56741.6140 8.7528 0.0685
57216.2878 6.2400 0.0425
56778.3088 8.0431 0.0534
56780.3187 8.0859 0.0548
56744.5276 8.6506 0.0541
57433.5379 7.3834 0.0403
57223.3746 6.0645 0.0421
56781.3610 8.0324 0.0583
57220.2754 6.2364 0.0430
57508.4204 6.4457 0.0418
56839.3248 8.4904 0.0549
56841.3295 8.4734 0.0573
57567.3072 8.0243 0.0467
57547.4049 7.4721 0.0416
52814.3106 9.3053 0.0124
57213.2988 6.1373 0.0468
57104.4873 5.8331 0.0513
56723.5026 8.4854 0.0760
56809.4696 7.5989 0.0762
56803.4782 7.7039 0.0870
57078.4806 6.2861 0.0588
56715.5640 8.3451 0.0694
56801.3580 7.6267 0.0724
56807.3023 7.7454 0.0716
56712.4926 8.4297 0.0735
57166.3406 5.9112 0.0737
56722.4613 8.6734 0.0722
56811.4461 8.0052 0.0701
57185.4755 5.7734 0.0487
56805.4233 7.7421 0.0745
57105.5696 6.1682 0.0936
53770.6220 10.0045 0.0365
54620.3581 12.3387 0.0693
