57420.5565 2.8034 0.0245
56743.5338 2.4689 0.0351
56803.4496 2.3056 0.0365
57492.5464 3.7179 0.0334
57479.5475 3.3921 0.0354
56811.4351 2.3849 0.0310
56715.5531 2.6235 0.0317
56841.3194 2.4380 0.0389
57567.2972 4.0143 0.0312
56723.4918 2.6405 0.0369
57508.4109 3.8828 0.0298
56839.3149 2.4743 0.0356
56835.3208 2.4248 0.0312
56751.3454 2.4260 0.0366
56781.3513 2.2015 0.0382
57216.2774 3.4471 0.0298
57220.2649 3.4366 0.0308
57223.3642 3.4510 0.0302
56833.3271 2.3899 0.0319
56778.2990 2.3366 0.0348
56837.3228 2.4466 0.0333
56741.6057 2.4191 0.0494
56776.4615 2.2580 0.0332
57433.5287 2.8692 0.0270
57185.4635 3.4039 0.0333
57157.4452 3.5388 0.0322
53475.5639 4.4266 0.0093
56783.3436 2.1643 0.0421
57213.2890 3.5534 0.0274
56772.5386 2.2549 0.0411
56798.4238 2.4867 0.0311
57160.3675 3.4680 0.0273
56805.4117 2.3187 0.0343
57542.3618 4.0329 0.0296
56807.2914 2.2697 0.0345
56780.3086 2.1704 0.0381
56722.4496 2.6091 0.0329
57547.3954 3.9050 0.0295
56801.3471 2.4197 0.0342
57520.3138 3.7501 0.0350
56744.5298 2.4735 0.0346
56712.4818 2.5351 0.0338
57194.4110 3.5952 0.0296
56831.3182 2.3565 0.0311
56809.4586 2.3407 0.0372
57133.5997 3.6528 0.0398
57191.4317 3.6506 0.0331
57459.5477 2.6799 0.0358
57123.5441 3.5362 0.0662
57134.4725 3.5627 0.0495
57104.4669 3.6433 0.0641
53883.4566 3.8212 0.0126
57078.4484 3.7438 0.0700
57166.3310 3.3005 0.0682
53884.4341 3.9631 0.0131
57195.4023 3.6545 0.0787
53467.5113 4.3489 0.0184
57105.5621 3.6776 0.0769
