57420.5648 2.3300 0.0288
57191.4456 2.3411 0.0335
56833.3407 2.3190 0.0367
57134.4846 2.3019 0.0367
56839.3248 2.1516 0.0434
56751.3553 2.2179 0.0440
56831.3281 2.2668 0.0376
56783.3558 2.2129 0.0564
57520.3246 2.1118 0.0378
56805.4223 2.3143 0.0427
56723.5016 2.2289 0.0417
57479.5576 2.2032 0.0375
57123.5575 2.1885 0.0535
57542.3711 2.1449 0.0297
57160.3779 2.2628 0.0308
57157.4560 2.3556 0.0374
56776.4714 2.2464 0.0401
56798.4341 2.1668 0.0382
56835.3306 2.1923 0.0381
56803.4771 2.2500 0.0505
56837.3334 2.2243 0.0407
57492.5572 2.1903 0.0356
56809.4686 2.2319 0.0432
56741.6140 2.1147 0.0591
57216.2878 2.3932 0.0340
56778.3088 2.3270 0.0430
56801.3570 2.3280 0.0421
56780.3187 2.2479 0.0446
56744.5276 2.1481 0.0428
57433.5379 2.4138 0.0302
57223.3746 2.3412 0.0346
56715.5630 2.1965 0.0378
56781.3610 2.3252 0.0484
57220.2754 2.3881 0.0347
56811.4451 2.2966 0.0390
56722.4603 2.1321 0.0396
57508.4204 2.1369 0.0327
56807.3013 2.2438 0.0385
56841.3295 2.1763 0.0472
57567.3072 2.2159 0.0349
56712.4916 2.3364 0.0412
57547.4049 2.2244 0.0308
56772.5497 2.2846 0.0489
57213.2988 2.3627 0.0374
52793.2667 2.5331 0.0276
57104.4873 2.1331 0.0420
53496.3452 1.5781 0.0094
57078.4806 2.3107 0.0474
57166.3406 2.2561 0.0632
57185.4755 2.3068 0.0419
57105.5696 2.2999 0.0764
53388.6169 1.7667 0.0181
53770.6220 1.6228 0.0245
54620.3581 1.7016 0.0419
