57420.5651 3.3733 0.0361
57479.5594 2.8312 0.0327
57492.5591 2.6017 0.0309
57520.3264 2.4998 0.0326
57542.3728 2.6832 0.0273
57508.4221 2.5793 0.0295
57547.4065 2.7003 0.0282
57433.5394 2.7430 0.0273
52814.3124 3.4622 0.0092
57191.4456 2.6158 0.0346
56833.3407 2.4427 0.0379
57134.4846 3.1481 0.0386
56839.3248 2.3377 0.0441
56831.3281 2.3527 0.0388
56783.3558 2.4785 0.0557
56805.4223 2.2820 0.0434
56723.5016 2.8271 0.0434
57123.5575 3.0796 0.0538
57160.3779 2.8220 0.0332
57157.4560 2.9279 0.0393
56776.4714 2.6226 0.0414
56835.3306 2.4432 0.0396
56803.4771 2.4845 0.0511
56837.3334 2.4892 0.0419
56809.4686 2.3585 0.0442
56741.6140 2.6196 0.0581
57216.2878 2.6969 0.0362
56778.3088 2.5477 0.0438
56801.3570 2.4683 0.0431
56780.3187 2.5373 0.0453
56744.5276 2.5892 0.0438
56751.3553 2.7017 0.0446
57223.3746 2.6854 0.0363
56715.5630 2.9196 0.0402
56781.3610 2.6663 0.0490
57220.2754 2.8252 0.0370
56811.4451 2.3581 0.0398
56722.4603 2.7638 0.0415
56798.4341 2.3492 0.0394
56807.3013 2.3277 0.0400
56841.3295 2.3793 0.0470
57567.3072 2.9947 0.0395
56712.4916 2.7343 0.0426
56772.5497 2.5604 0.0488
57213.2988 2.7831 0.0402
57104.4873 2.7442 0.0448
57166.3406 2.6117 0.0651
57185.4755 2.5656 0.0423
57078.4806 2.8352 0.0509
57105.5696 2.8829 0.0809
53770.6220 2.4031 0.0260
54620.3581 3.2477 0.0497
