57420.5763 4.8432 0.0315
56801.3688 2.5108 0.0402
52814.3124 2.6792 0.0089
56833.3478 2.7226 0.0388
56744.5358 3.1764 0.0451
56776.4795 2.9330 0.0415
56772.5585 3.5483 0.0505
56723.5097 3.5694 0.0439
56781.3691 2.9119 0.0493
57123.5698 3.0554 0.0559
56831.3363 2.8130 0.0379
57213.3079 3.5920 0.0326
57223.3832 3.4913 0.0365
57134.4907 3.0970 0.0394
56798.4422 2.5571 0.0407
56722.4684 3.6229 0.0412
56839.3341 2.6689 0.0443
57160.5054 3.2516 0.0385
56751.3634 3.1202 0.0427
56805.4306 2.5339 0.0412
57520.3333 4.8491 0.0407
57542.3791 4.9538 0.0344
56809.4772 2.5657 0.0469
57479.5663 5.0691 0.0410
56803.4885 2.6366 0.0530
56837.3417 2.6717 0.0405
57433.5460 4.8539 0.0341
56835.3395 2.7579 0.0383
57547.4125 4.7645 0.0352
57492.5660 4.9238 0.0396
56715.5711 3.5994 0.0388
57191.4517 3.2496 0.0376
56741.6278 3.2271 0.0615
56712.4997 3.5760 0.0419
56778.3170 2.9699 0.0437
57220.2845 3.5901 0.0369
57157.4650 3.2921 0.0392
56807.3096 2.5466 0.0417
56780.3275 2.9917 0.0448
56811.4533 2.5079 0.0384
56841.3393 2.5039 0.0450
57508.4284 4.8124 0.0361
57216.2975 3.5933 0.0352
56783.3659 2.9007 0.0526
57185.4838 3.1895 0.0540
57166.3513 3.2299 0.0449
57078.4898 3.0758 0.0484
57105.5730 2.8993 0.0555
57104.5182 3.0223 0.0541
54620.3618 3.0236 0.0470
