56743.5069 2.4607 0.0288
52698.6084 1.4232 0.0097
57420.5495 3.9287 0.0325
52815.2953 2.4915 0.0082
57567.2958 3.2410 0.0377
56781.3448 2.9590 0.0523
57508.4044 3.5913 0.0364
56776.4550 2.8811 0.0437
56780.3019 2.8792 0.0499
56803.4007 2.9554 0.0488
56831.3117 3.5928 0.0407
56778.2926 2.8675 0.0464
56835.3144 3.6660 0.0406
57542.3556 3.8447 0.0348
57547.3894 3.8685 0.0349
56723.4853 3.2177 0.0436
56805.4052 3.0203 0.0430
57433.5227 4.2767 0.0345
56839.3084 3.7233 0.0462
57459.5423 4.2381 0.0383
57133.4154 3.5191 0.0365
56712.4754 3.5414 0.0449
57194.4042 3.4912 0.0361
56715.5467 3.3974 0.0420
56751.3388 2.9247 0.0485
56841.3128 3.7694 0.0506
57216.2706 3.6984 0.0361
57223.3574 3.7788 0.0374
56837.3164 3.6557 0.0431
56833.3206 3.6973 0.0418
57213.2820 3.7937 0.0334
56722.4431 3.2469 0.0436
57220.2575 3.7909 0.0427
56772.5313 2.9608 0.0515
56801.3407 2.9408 0.0451
57520.3067 3.0212 0.0410
56809.4513 2.8384 0.0434
56783.3361 2.9346 0.0546
56807.2850 3.0990 0.0422
56811.4286 3.0292 0.0393
57185.4561 3.0218 0.0490
57191.4231 3.5286 0.0462
57460.4772 4.0899 0.0904
56798.4163 3.0419 0.0556
57479.5403 4.0596 0.0570
57195.4008 3.6798 0.0573
57492.5376 3.9355 0.0569
56741.5877 2.8763 0.0873
57123.5324 3.4900 0.0750
57160.3596 3.4548 0.0475
56744.5477 3.1022 0.0641
57157.4371 3.4011 0.0555
57105.5603 3.5371 0.0569
57134.4685 3.4756 0.0640
57166.3198 3.5644 0.0972
57078.4270 3.9696 0.0545
54620.3656 1.0578 0.0421
56721.5940 3.1615 0.1191
57419.5304 4.0051 0.1140
57104.4590 3.6313 0.0717
53770.6182 2.6427 0.0250
