57420.5582 4.3030 0.0303
56743.5381 4.7651 0.0439
53496.3516 4.8930 0.0088
56837.3245 4.5990 0.0435
56780.3104 4.9435 0.0498
56833.3288 4.8310 0.0424
57479.5491 4.6875 0.0426
56778.3007 4.6760 0.0451
57220.2668 4.7243 0.0372
57567.2988 4.7814 0.0362
56776.4632 4.6744 0.0441
57191.4328 4.6460 0.0381
56831.3199 4.7563 0.0410
57216.2792 4.7257 0.0374
57223.3660 4.7239 0.0380
56841.3211 4.6799 0.0505
57194.4128 4.6360 0.0371
56744.5188 4.7872 0.0442
57542.3634 4.8279 0.0362
57508.4126 4.9199 0.0365
57185.4654 4.7841 0.0420
56781.3529 4.6798 0.0496
57433.5303 4.7824 0.0345
57492.5483 4.7278 0.0413
57520.3156 4.9778 0.0432
56772.5406 5.0107 0.0549
56809.4595 4.7192 0.0450
56803.4668 4.6398 0.0502
56798.4255 4.6517 0.0403
56783.3458 4.7261 0.0541
56839.3166 4.8529 0.0462
57160.3693 4.8853 0.0344
57547.3970 4.8558 0.0355
57213.2908 4.6420 0.0341
56835.3225 4.6289 0.0407
56741.6019 4.6640 0.0605
56751.3471 4.8684 0.0475
57157.4471 4.9639 0.0412
57123.5441 5.1174 0.0672
57104.4669 5.4323 0.0642
52793.2667 4.6343 0.0303
57133.6028 5.2177 0.0555
56722.4523 4.5053 0.0599
56811.4378 4.6247 0.0578
56805.4144 4.6699 0.0646
53388.6201 4.5169 0.0162
56712.4845 4.3933 0.0613
56801.3498 4.4472 0.0624
57459.5499 4.7985 0.0530
56715.5558 4.5355 0.0574
57134.4738 5.3274 0.0631
56723.4945 4.3952 0.0702
56807.2941 4.6533 0.0639
57166.3310 4.8791 0.0688
