56743.5069 3.4311 0.0295
57420.5507 5.0351 0.0427
57567.2961 4.8743 0.0352
57547.3904 4.7484 0.0300
57479.5424 4.6108 0.0345
57433.5237 4.1360 0.0279
57520.3078 4.6265 0.0342
57542.3566 4.6714 0.0292
57459.5434 4.3281 0.0315
57508.4054 4.5821 0.0306
57492.5399 4.6688 0.0374
56776.4550 3.2200 0.0436
56780.3019 3.6318 0.0491
56803.4007 3.6489 0.0482
56831.3117 3.6692 0.0403
56778.2926 3.6644 0.0463
56835.3144 3.7399 0.0401
56712.4754 3.2155 0.0433
56723.4853 3.2875 0.0430
56805.4052 3.6935 0.0429
56839.3084 3.6944 0.0446
56741.5892 3.4779 0.0584
57133.4154 3.9880 0.0367
57160.3607 4.0632 0.0346
57194.4042 3.7614 0.0360
56715.5467 3.1686 0.0412
57157.4382 4.0488 0.0406
56744.5487 3.4999 0.0463
56781.3448 3.5522 0.0511
56841.3128 3.6925 0.0484
57216.2706 4.0179 0.0363
57223.3574 4.0971 0.0375
56751.3388 3.5338 0.0479
56837.3164 3.7922 0.0422
56833.3206 3.7564 0.0411
56772.5313 2.4260 0.0488
57213.2820 4.0023 0.0335
56722.4431 3.1919 0.0429
57078.4375 3.3308 0.0425
57220.2575 4.0094 0.0414
53475.5703 3.7883 0.0117
56801.3407 3.6496 0.0448
56809.4513 3.6779 0.0439
56783.3361 3.6215 0.0532
56798.4174 3.6023 0.0398
56807.2850 3.7189 0.0424
56811.4286 3.6497 0.0397
57185.4561 3.8395 0.0497
57191.4231 3.9073 0.0462
57460.4772 4.3869 0.0903
57195.4008 3.7676 0.0572
57166.3209 4.1137 0.0725
57123.5324 1.4919 0.0695
53883.4566 2.2549 0.0116
57105.5603 3.9448 0.0580
53884.4341 2.3472 0.0121
57134.4685 3.9844 0.0644
56721.5940 3.2593 0.1170
54620.3656 4.3226 0.0504
57104.4590 3.9195 0.0733
53770.6182 2.8010 0.0245
