52730.5746 1.2513 0.0178
53847.5806 2.2054 0.0296
53911.3305 2.5626 0.0202
53586.2942 2.0180 0.0117
53853.4430 2.2586 0.0189
53462.4945 1.6796 0.0246
57420.5763 1.4696 0.0284
52710.6200 1.2517 0.0119
53851.4170 2.2680 0.0184
54531.5720 2.2662 0.0096
53583.3052 2.0407 0.0117
56801.3688 2.1583 0.0398
54186.5136 2.7894 0.0196
53524.3023 2.2980 0.0114
52817.2962 1.4533 0.0264
52814.3124 1.4103 0.0082
53769.6085 2.1013 0.0109
54561.4257 2.3084 0.0114
52813.3474 1.2453 0.0131
53083.6071 1.3170 0.0111
54570.4287 2.3215 0.0240
53109.5778 1.2635 0.0152
56833.3478 2.1757 0.0379
52792.4193 1.2140 0.0184
52722.5967 1.2289 0.0230
53466.6143 1.8310 0.0129
54151.6503 2.7535 0.0140
54153.5968 2.6624 0.0127
52791.4573 1.2244 0.0190
56831.3363 2.2567 0.0369
56798.4422 2.2054 0.0402
54524.5266 2.1614 0.0193
53553.4142 2.0288 0.0127
53411.6236 1.7900 0.0114
56723.5097 2.3260 0.0419
56809.4772 1.8434 0.0456
57547.4125 1.8377 0.0298
56741.6278 2.2946 0.0606
54266.2923 2.7897 0.0129
56807.3096 2.1086 0.0410
56780.3275 2.2082 0.0436
54557.5455 2.0795 0.0122
56778.3170 2.1573 0.0424
56776.4795 2.2379 0.0403
56781.3691 2.2250 0.0483
57123.5698 2.5521 0.0555
57213.3079 2.5384 0.0309
53121.5132 1.3151 0.0115
54591.3863 2.4568 0.0116
57223.3832 2.5577 0.0351
54179.5219 2.9047 0.0126
53195.3466 1.5566 0.0115
56751.3634 2.3635 0.0415
56805.4306 2.0858 0.0405
54262.4028 2.7955 0.0149
54588.5522 2.4272 0.0166
53175.3845 1.4261 0.0114
53446.5323 1.8116 0.0119
57433.5460 1.4156 0.0277
56835.3395 2.3638 0.0376
56722.4684 2.4269 0.0392
54183.5063 2.8547 0.0136
53551.3290 2.0593 0.0119
54563.4942 2.2776 0.0132
56837.3417 2.3626 0.0399
53117.4850 1.2972 0.0113
54535.5077 2.2762 0.0114
56744.5358 2.3321 0.0437
56772.5585 2.2960 0.0487
53200.2667 1.4811 0.0123
53943.3027 2.3750 0.0129
54259.3128 2.7602 0.0119
52790.4020 1.1792 0.0373
53146.4903 1.2703 0.0125
53799.4841 2.4349 0.0227
53578.3431 1.9816 0.0171
53178.3751 1.5701 0.0114
53149.3330 1.1997 0.0116
57542.3791 1.8601 0.0288
53766.6170 2.1287 0.0118
53495.4394 1.9353 0.0128
53743.6331 2.3072 0.0113
56715.5711 2.5009 0.0370
53473.5879 1.6764 0.0138
54176.5642 2.9279 0.0130
54124.6309 3.0480 0.0124
54144.5888 3.3237 0.0135
56712.4997 2.5371 0.0402
57220.2845 2.5751 0.0353
56841.3393 2.3453 0.0448
53772.6264 2.1177 0.0132
54594.4526 2.4623 0.0119
53165.4100 1.4256 0.0112
54209.4945 2.8193 0.0131
57520.3333 1.7282 0.0369
57134.4907 2.7671 0.0390
54201.4537 2.3621 0.0128
54528.5221 2.3295 0.0105
54600.4459 2.5315 0.0310
53505.3908 2.1863 0.0208
54538.5772 2.2783 0.0138
57479.5663 1.5929 0.0367
56803.4885 2.1290 0.0522
53502.3879 2.1323 0.0137
57492.5660 1.5603 0.0340
57191.4517 2.6128 0.0366
54597.4509 2.4887 0.0119
54120.6630 2.7222 0.0169
57216.2975 2.5059 0.0333
57157.4650 2.8041 0.0384
57160.5054 2.7143 0.0377
53500.3158 2.0831 0.0126
56811.4533 1.9501 0.0374
56839.3341 2.3246 0.0437
57508.4284 1.7272 0.0308
56783.3659 2.2287 0.0518
53883.3903 2.2076 0.0154
54229.4797 2.8762 0.0248
53888.4075 2.2835 0.0161
53138.4591 1.1621 0.0142
54213.5732 2.8424 0.0182
54620.3589 2.5436 0.0276
53531.3627 2.2491 0.0147
53892.3781 2.3000 0.0282
57166.3513 2.7112 0.0440
54117.6472 3.2193 0.0140
54614.3935 2.6197 0.0149
53469.5199 1.8136 0.0144
54624.3819 2.6182 0.0144
53936.3085 2.6668 0.0152
54618.4150 2.6349 0.0140
53939.3077 2.6977 0.0153
54113.6622 3.1613 0.0205
53879.3094 2.1606 0.0149
57185.4838 2.6426 0.0532
53855.4171 2.1546 0.0144
53875.3605 2.1507 0.0138
53906.3695 2.4969 0.0168
54255.3362 2.8392 0.0222
53916.3259 2.7670 0.0200
53390.6500 2.0940 0.0148
54234.4888 2.8953 0.0148
54205.4869 2.8203 0.0168
54621.4069 2.6525 0.0143
54511.5817 2.2409 0.0114
53859.3680 2.2198 0.0196
53518.4490 2.1638 0.0319
53527.3537 2.2724 0.0140
53463.5958 1.7552 0.0300
57105.5730 2.4096 0.0543
53563.3376 2.0807 0.0282
57078.4898 2.1304 0.0462
52721.6265 1.2037 0.0445
53523.4194 2.2456 0.0263
53890.4800 2.2439 0.0631
57104.5182 2.4349 0.0523
53198.3064 1.3979 0.0904
54619.3119 1.9762 0.0584
