57479.5219 2.0031 0.0256
56715.4984 2.1063 0.0335
56803.4112 1.8713 0.0349
57567.2896 2.7841 0.0291
56723.4803 2.0919 0.0359
56811.4234 1.7534 0.0313
56809.4460 1.7517 0.0352
56721.5901 2.1261 0.0403
56805.4000 1.8972 0.0330
56837.3096 1.7680 0.0332
56833.3155 1.6772 0.0318
56841.3074 1.8074 0.0407
56835.3093 1.8243 0.0312
56831.3066 1.7689 0.0315
56743.5145 2.0107 0.0399
56801.3352 1.7503 0.0370
56807.2799 1.8296 0.0350
56839.3033 1.7379 0.0358
56712.4708 2.0326 0.0394
57459.5364 1.8008 0.0357
56722.4392 2.1280 0.0460
56744.5289 1.9990 0.0453
57216.2664 1.6784 0.0312
57492.5322 1.9770 0.0393
56781.3387 1.9439 0.0567
56783.3298 1.8732 0.0578
52814.3124 2.3620 0.0097
57420.5442 1.6516 0.0415
56829.3208 1.7252 0.0463
56800.5027 1.9049 0.0692
57542.3499 2.4893 0.0318
57508.3984 2.0274 0.0338
57194.3999 2.6218 0.0343
56772.5247 1.7819 0.0560
57520.2996 2.1844 0.0573
56741.5807 2.0070 0.0657
56751.3325 2.0483 0.0525
56776.4489 1.8750 0.0428
56780.2957 1.8157 0.0522
57460.4724 1.8800 0.0326
56798.4107 1.7623 0.0390
56778.2865 1.8946 0.0481
57191.4184 2.6062 0.0455
57213.2771 1.8921 0.0343
57160.3554 3.0268 0.0457
57220.2493 2.8634 0.1544
57223.3520 2.4379 0.0486
57155.3464 3.3499 0.2375
57547.3841 2.6222 0.0367
56711.5225 2.2460 0.0828
57433.5167 1.8717 0.0338
57104.4484 2.4409 0.0466
57195.3988 2.5774 0.0547
57157.4324 2.8214 0.0493
57133.4091 2.4972 0.0418
57185.4502 2.5682 0.0576
57419.5240 1.8284 0.0790
57123.5267 2.4726 0.1255
57134.4662 2.4875 0.0807
57156.4557 2.7172 0.0442
57105.5577 2.5141 0.0757
