52730.5705 5.5734 0.0271
53462.4888 7.6416 0.0303
53911.3288 4.9888 0.0185
53851.4182 5.1859 0.0161
53853.4352 5.2958 0.0163
53586.2942 8.0339 0.0130
53524.3013 7.7310 0.0114
52698.6084 5.5276 0.0115
54531.5740 6.0480 0.0102
57420.5763 6.9423 0.0334
53466.6127 7.4613 0.0128
53847.5709 5.0915 0.0295
52710.6200 5.6727 0.0145
53583.3046 7.9511 0.0138
54186.5174 3.7890 0.0201
53799.4817 5.6919 0.0185
52817.2960 6.0946 0.0266
54262.4012 3.9967 0.0130
54209.4929 3.8643 0.0113
54624.3824 5.7113 0.0124
53505.3888 7.5574 0.0190
56801.3688 6.2848 0.0453
53769.6082 5.8539 0.0124
54561.4254 6.0614 0.0127
53146.4901 6.0450 0.0140
54535.5077 5.9133 0.0125
54151.6503 4.3182 0.0137
54153.5968 4.2751 0.0129
54229.4787 3.8596 0.0198
54117.6461 4.6678 0.0118
54213.5722 3.8521 0.0148
54524.5266 6.1124 0.0191
53553.4142 7.6224 0.0148
54144.5888 4.3697 0.0129
53578.3431 7.9613 0.0191
53411.6236 7.6805 0.0140
54511.5807 6.6151 0.0117
53936.3074 4.9361 0.0134
54621.4059 5.7271 0.0131
52790.4028 6.1756 0.1325
54266.2923 4.0236 0.0124
54557.5455 6.0611 0.0135
53859.3669 5.1211 0.0166
53121.5132 5.7512 0.0131
54591.3863 6.0995 0.0127
54179.5219 3.9492 0.0121
54563.4941 6.1350 0.0141
52813.3474 6.0983 0.0166
53175.3845 6.3886 0.0136
53883.3893 5.2449 0.0140
53200.2667 7.0043 0.0142
54234.4877 3.8637 0.0121
53109.5778 5.6290 0.0177
54183.5063 3.8786 0.0129
53551.3290 7.5722 0.0140
53939.3067 4.8877 0.0134
53875.3594 5.1274 0.0128
56833.3478 6.1763 0.0447
52792.4193 6.1837 0.0218
54614.3924 5.8238 0.0139
53446.5324 7.6166 0.0142
53943.3027 4.8844 0.0135
54259.3128 3.9510 0.0115
53138.4614 5.8914 0.0142
53469.5188 7.5132 0.0145
53178.3751 6.4089 0.0134
53149.3330 6.0525 0.0132
53906.3684 5.0408 0.0152
52722.5967 5.7315 0.0253
53390.6489 7.5777 0.0147
53531.3615 7.7650 0.0146
53916.3248 5.0142 0.0163
53117.4850 5.6654 0.0129
53766.6170 5.9355 0.0131
53495.4394 7.4918 0.0147
53083.6071 5.7398 0.0139
54528.5221 6.4092 0.0119
52815.2953 6.1844 0.0095
53473.5879 7.4233 0.0158
54176.5642 3.9940 0.0124
54124.6309 4.5034 0.0121
54205.4858 3.7988 0.0136
54594.4526 6.1060 0.0131
53165.4100 6.1589 0.0132
54618.4140 5.8044 0.0128
53527.3526 7.7924 0.0141
53772.6264 5.8299 0.0144
53195.3465 6.9095 0.0137
53743.6336 6.1567 0.0126
53888.4064 5.0863 0.0144
54538.5772 5.9885 0.0149
53855.4161 5.1754 0.0132
53502.3879 7.5778 0.0152
54597.4509 6.0164 0.0129
54120.6630 4.6109 0.0160
53879.3083 5.1229 0.0137
54201.4537 3.8064 0.0127
53500.3158 7.6307 0.0144
52791.4573 6.0193 0.0226
56831.3363 6.2083 0.0441
52721.6238 5.5871 0.0336
56798.4422 6.3246 0.0467
56723.5097 6.1404 0.0484
56809.4772 6.2210 0.0536
57547.4125 7.5082 0.0404
56741.6278 5.9506 0.0647
56807.3096 6.2360 0.0490
56780.3275 6.4674 0.0504
54113.6596 4.7815 0.0166
56778.3170 6.4322 0.0495
56776.4795 6.5172 0.0474
56781.3691 6.3315 0.0548
57123.5698 7.3220 0.0586
57213.3079 7.0330 0.0382
57223.3832 7.2529 0.0423
56751.3634 6.1148 0.0478
56805.4306 6.3300 0.0477
57433.5460 7.0429 0.0384
56835.3395 6.1420 0.0447
57216.2975 6.9178 0.0410
56744.5358 6.1267 0.0502
56772.5585 6.2854 0.0541
56722.4684 6.1265 0.0454
57492.5660 8.1284 0.0451
57542.3791 7.6167 0.0393
56715.5711 6.2125 0.0435
56712.4997 6.1720 0.0462
57220.2845 7.0045 0.0425
56841.3393 6.1792 0.0502
56839.3341 6.0695 0.0502
57520.3333 7.8129 0.0446
57134.4907 7.0698 0.0448
57479.5663 8.0173 0.0448
56803.4885 6.1327 0.0581
56837.3417 6.1100 0.0465
53463.5851 7.5528 0.0248
54255.3336 3.9584 0.0189
57191.4517 6.5539 0.0425
53892.3770 5.2009 0.0258
57157.4650 6.5272 0.0441
57160.5054 6.4292 0.0434
56811.4533 6.2400 0.0449
57508.4284 7.9606 0.0418
53523.4194 7.7246 0.0221
56783.3659 6.5093 0.0572
57166.3513 6.4141 0.0492
54620.3589 5.8329 0.0329
53563.3393 7.6894 0.0276
57185.4838 6.4901 0.0591
53518.4527 7.6616 0.0425
57105.5730 7.5155 0.0666
57078.4898 7.1100 0.0570
53890.4800 4.9682 0.0718
53198.3064 7.0331 0.1016
54619.3119 5.8458 0.0724
57104.5182 7.5157 0.0660
