52730.5705 5.5286 0.0280
53462.4908 5.5750 0.0330
53847.5729 5.7363 0.0258
53911.3288 5.8276 0.0186
53851.4182 5.7368 0.0161
53853.4352 5.8030 0.0163
53586.2942 5.6559 0.0121
53524.3013 5.4776 0.0105
54186.5147 5.6936 0.0174
54531.5740 5.5316 0.0099
57420.5763 4.8141 0.0318
53466.6127 5.5692 0.0119
52710.6200 5.6827 0.0143
53583.3046 5.6440 0.0127
54570.4284 5.2757 0.0229
53799.4817 5.5412 0.0182
52817.2960 5.3260 0.0261
54262.4012 5.8399 0.0139
54209.4929 5.5199 0.0123
54624.3824 5.1196 0.0121
53505.3888 5.5067 0.0181
56801.3688 4.3503 0.0430
53769.6082 5.5346 0.0122
54561.4254 5.1381 0.0121
53146.4901 5.0507 0.0135
54535.5077 5.4948 0.0123
54151.6503 5.7804 0.0145
54153.5968 5.8848 0.0139
54229.4787 5.3987 0.0203
54117.6461 6.0556 0.0127
54213.5722 5.4117 0.0157
54524.5266 5.5279 0.0187
53553.4142 5.4472 0.0136
54144.5888 6.0265 0.0138
53578.3431 5.4266 0.0175
53411.6236 5.5401 0.0127
54511.5807 5.4961 0.0110
54614.3924 5.3061 0.0135
53936.3074 5.7631 0.0138
54255.3352 5.8444 0.0181
54600.4459 5.3557 0.0283
54621.4059 5.2739 0.0128
52790.4028 5.5207 0.1329
54266.2923 5.8951 0.0134
54557.5455 5.2294 0.0130
54234.4877 5.4453 0.0131
53859.3669 5.7601 0.0168
53121.5132 4.9319 0.0126
54591.3863 5.3689 0.0123
54179.5219 5.1996 0.0128
54563.4941 4.7887 0.0133
52813.3474 5.3806 0.0161
54588.5522 5.2617 0.0167
53175.3845 4.9480 0.0126
53883.3893 5.7471 0.0142
53200.2667 5.1065 0.0131
53109.5778 4.8917 0.0173
54183.5063 5.7780 0.0140
53551.3290 5.4557 0.0128
53939.3067 5.7828 0.0139
53875.3594 5.7059 0.0131
56833.3478 4.3642 0.0420
52792.4193 5.4267 0.0214
53446.5324 5.5730 0.0131
53943.3027 5.8245 0.0141
54259.3128 5.8130 0.0126
53138.4614 5.0365 0.0136
53469.5188 5.6173 0.0134
53178.3751 4.9115 0.0124
53149.3330 5.0586 0.0127
53906.3684 5.8359 0.0156
52722.5967 5.6521 0.0250
53390.6489 5.7385 0.0137
53531.3615 5.4024 0.0133
53916.3248 5.8164 0.0167
53117.4850 4.3298 0.0121
53766.6170 5.5133 0.0129
53495.4394 5.6169 0.0137
53083.6071 4.8622 0.0134
54528.5221 5.5192 0.0114
52815.2953 5.4316 0.0092
53473.5879 5.6194 0.0148
54176.5642 5.8552 0.0135
54124.6309 6.0159 0.0130
54205.4858 4.7946 0.0141
54594.4526 5.3476 0.0126
53165.4100 4.9030 0.0123
54618.4140 5.2553 0.0125
53527.3526 5.4371 0.0128
53772.6264 5.5039 0.0142
53195.3465 5.0456 0.0126
53743.6336 5.3275 0.0121
53888.4064 5.7595 0.0147
53518.4479 5.4395 0.0254
54538.5772 5.4030 0.0145
54113.6612 5.7686 0.0162
53855.4161 5.7743 0.0135
53502.3879 5.5155 0.0141
54597.4509 5.3529 0.0125
53892.3770 5.8481 0.0231
54120.6630 6.0205 0.0166
53879.3083 5.7101 0.0140
54201.4537 5.5683 0.0137
53500.3158 5.6124 0.0133
52791.4573 5.4142 0.0220
56831.3363 4.4607 0.0413
52721.6238 5.6947 0.0335
56798.4422 4.2039 0.0437
56723.5097 4.6549 0.0462
56809.4772 4.2624 0.0505
57547.4125 4.5491 0.0353
56741.6278 4.5992 0.0636
56807.3096 4.2360 0.0456
56780.3275 4.2256 0.0473
56778.3170 4.2229 0.0462
52698.6105 5.4455 0.0166
56776.4795 4.3884 0.0444
56781.3691 4.2018 0.0518
57123.5698 4.2441 0.0570
57213.3079 4.2483 0.0341
57223.3832 4.0352 0.0377
56751.3634 4.7445 0.0458
56805.4306 4.1044 0.0443
57433.5460 4.8641 0.0348
56835.3395 4.3948 0.0417
57216.2975 4.0665 0.0365
56744.5358 4.7800 0.0482
56772.5585 4.3997 0.0519
56722.4684 4.6124 0.0433
57492.5660 4.5635 0.0396
57542.3791 4.5344 0.0343
56715.5711 4.6536 0.0411
56712.4997 4.6500 0.0441
57220.2845 4.1018 0.0381
56841.3393 4.4125 0.0481
56839.3341 4.5043 0.0477
57520.3333 4.4386 0.0406
57134.4907 4.3743 0.0415
57479.5663 4.5794 0.0409
56803.4885 4.2846 0.0557
56837.3417 4.4995 0.0440
53463.5851 5.5112 0.0235
57191.4517 4.1731 0.0393
57157.4650 4.2252 0.0409
57160.5054 4.1032 0.0401
56811.4533 4.2988 0.0420
57508.4284 4.4962 0.0362
53523.4194 5.3754 0.0206
56783.3659 4.2131 0.0549
57166.3513 4.2702 0.0466
54620.3589 5.3175 0.0316
53563.3393 5.5668 0.0261
57185.4838 4.0025 0.0556
57105.5730 4.2624 0.0596
57078.4898 4.0765 0.0511
53890.4800 5.6884 0.0737
53198.3064 5.0884 0.0964
54619.3119 5.3458 0.0702
57104.5182 4.3193 0.0581
