57420.5607 1.6550 0.0236
56833.3367 1.8506 0.0275
56781.3553 1.9287 0.0376
56743.5381 2.0807 0.0395
56805.4163 1.7887 0.0338
57508.4149 1.8070 0.0272
57213.2933 1.0147 0.0236
56712.4859 2.2267 0.0332
57216.2816 0.9768 0.0259
56798.4282 1.7975 0.0302
56837.3271 1.7356 0.0325
56831.3223 1.7198 0.0301
56751.3495 2.1893 0.0359
57157.4497 1.1725 0.0291
56783.3482 1.8892 0.0418
56776.4656 1.8450 0.0330
56715.5572 2.3195 0.0310
56803.4701 1.8760 0.0378
56839.3190 1.7320 0.0338
56835.3249 1.7354 0.0302
56809.4624 1.7512 0.0347
57160.3718 1.1987 0.0240
57520.3182 1.8081 0.0325
56722.4542 2.1586 0.0325
56780.3128 1.8087 0.0364
56778.3031 1.8752 0.0342
57542.3656 1.7291 0.0252
56801.3512 1.7846 0.0334
57567.3012 1.5624 0.0281
57479.5516 1.5947 0.0318
57223.3685 1.0510 0.0267
56744.5215 2.1755 0.0334
56772.5433 1.8183 0.0409
57220.2693 0.9727 0.0262
56807.2955 1.8470 0.0334
57547.3993 1.6779 0.0257
57433.5325 1.6600 0.0249
56723.4958 2.2162 0.0347
57492.5510 1.6429 0.0281
56841.3236 1.7053 0.0377
56811.4393 1.8789 0.0309
57123.5480 1.1468 0.0405
57166.3353 1.1526 0.0388
57191.4366 1.1193 0.0318
53496.3532 2.5666 0.0088
57134.4815 0.9784 0.0383
56741.6048 2.1671 0.0468
57185.4671 1.0788 0.0370
57104.4687 1.1061 0.0338
52793.2667 1.8161 0.0270
57078.4761 1.1097 0.0424
57133.6097 1.1153 0.0357
53388.6201 2.3074 0.0148
57459.5499 1.5631 0.0446
57194.4118 1.0233 0.0436
54620.3631 1.8881 0.0411
