57420.5648 4.6284 0.0324
57191.4456 4.2870 0.0379
56833.3407 3.7666 0.0410
57134.4846 4.1269 0.0411
56839.3248 3.8142 0.0482
56751.3553 3.5495 0.0476
56831.3281 3.8563 0.0426
56783.3558 3.8366 0.0605
57520.3246 4.5832 0.0427
56805.4223 3.6042 0.0471
56723.5016 3.8089 0.0463
57479.5576 4.6060 0.0425
57123.5575 4.1372 0.0577
57542.3711 4.5104 0.0359
57160.3779 4.0329 0.0356
57157.4560 4.1241 0.0421
56776.4714 3.6827 0.0445
56798.4341 3.8522 0.0430
56835.3306 3.7473 0.0429
52814.3088 3.8360 0.0102
56803.4771 3.8327 0.0555
56837.3334 3.7851 0.0454
57492.5572 4.6379 0.0417
56809.4686 3.7727 0.0481
56741.6140 3.3550 0.0628
57216.2878 4.2445 0.0393
56778.3088 3.8752 0.0476
56801.3570 3.8041 0.0465
56780.3187 3.7472 0.0489
56744.5276 3.5101 0.0469
57433.5379 4.6751 0.0361
57223.3746 4.2295 0.0395
56715.5630 3.7629 0.0424
56781.3610 3.7249 0.0526
57220.2754 4.2714 0.0400
56811.4451 3.7978 0.0434
56722.4603 3.7818 0.0444
57508.4204 4.7233 0.0392
56807.3013 3.7463 0.0436
56841.3295 3.9463 0.0517
57567.3072 4.8702 0.0418
56712.4916 3.9906 0.0460
57547.4049 4.4952 0.0370
56772.5497 3.7131 0.0530
57213.2988 4.2938 0.0436
57104.4873 4.0412 0.0482
57166.3406 4.0445 0.0702
57185.4755 4.3779 0.0468
57078.4806 4.0536 0.0545
57105.5696 4.3673 0.0880
53770.6220 3.4484 0.0282
54620.3581 3.4367 0.0491
