56743.5069 4.9456 0.0317
53475.5633 6.3394 0.0113
57567.2958 4.5112 0.0403
56781.3448 5.3724 0.0555
57508.4044 4.1310 0.0372
56776.4550 5.3289 0.0477
56722.4431 4.9604 0.0462
56780.3019 5.2732 0.0532
56803.4007 4.9100 0.0516
56831.3117 4.6983 0.0428
56723.4853 5.1051 0.0466
56778.2926 5.2715 0.0503
56835.3144 4.5736 0.0421
57542.3556 4.4940 0.0358
57547.3894 4.5973 0.0360
56741.5892 5.0242 0.0627
56805.4052 4.8936 0.0459
57459.5423 4.5721 0.0388
56712.4754 4.9263 0.0469
57194.4042 5.0168 0.0384
56715.5467 4.8023 0.0443
56751.3388 4.9689 0.0515
56841.3128 4.6921 0.0517
57157.4382 3.2349 0.0387
56744.5487 4.8024 0.0492
57216.2706 5.3018 0.0387
57223.3574 5.3628 0.0397
56837.3164 4.5394 0.0444
56833.3206 4.6001 0.0432
57213.2820 5.4278 0.0359
57420.5485 5.0897 0.0486
57220.2575 5.4497 0.0445
56772.5313 5.2641 0.0542
56801.3407 5.0061 0.0481
57520.3067 3.7815 0.0416
56809.4513 4.9358 0.0470
56783.3361 5.2856 0.0576
56798.4174 4.9968 0.0426
56807.2850 4.9021 0.0453
56839.3084 4.8335 0.0477
56811.4286 4.9786 0.0424
57492.5382 2.9475 0.0458
57185.4561 4.9554 0.0523
57191.4231 4.9553 0.0492
57460.4772 4.1857 0.0937
53883.4566 5.3649 0.0133
57195.4008 5.0375 0.0607
57479.5403 4.0935 0.0584
57133.4143 4.6729 0.0547
57123.5324 4.7188 0.0785
57160.3596 4.6463 0.0513
57433.5218 4.9227 0.0516
57105.5603 4.8626 0.0601
53884.4341 5.5601 0.0137
57166.3198 4.4920 0.1022
56721.5940 5.2479 0.1301
57419.5304 5.1699 0.1181
57104.4590 4.5841 0.0729
53467.5113 6.3857 0.0208
54620.3656 5.8143 0.0535
57134.4680 4.9159 0.1006
53770.6182 4.8076 0.0273
