57420.5763 1.9775 0.0287
56801.3688 2.3554 0.0403
52814.3124 2.9280 0.0088
56833.3478 2.3455 0.0394
56744.5358 2.2213 0.0443
56776.4795 2.2332 0.0411
56772.5585 2.1200 0.0480
56723.5097 2.4303 0.0431
56781.3691 2.4060 0.0487
57123.5698 2.0231 0.0535
56831.3363 2.4576 0.0382
57213.3079 1.7616 0.0301
57223.3832 1.6914 0.0340
57134.4907 2.0400 0.0381
56798.4422 2.3943 0.0406
56722.4684 2.4484 0.0402
56839.3341 2.4309 0.0443
57160.5054 1.9576 0.0367
56751.3634 2.2362 0.0418
56805.4306 2.3580 0.0416
57520.3333 3.0367 0.0389
57542.3791 3.0670 0.0325
56809.4772 2.3921 0.0473
57479.5663 2.5126 0.0381
56803.4885 2.4587 0.0527
56837.3417 2.3771 0.0407
57433.5460 2.2253 0.0306
56835.3395 2.4102 0.0387
57547.4125 3.0494 0.0337
57492.5660 2.7410 0.0375
56715.5711 2.3443 0.0374
57191.4517 1.7785 0.0356
56741.6278 2.3497 0.0598
56712.4997 2.3171 0.0408
56778.3170 2.3746 0.0433
57220.2845 1.7536 0.0346
57157.4650 1.9505 0.0374
56807.3096 2.3337 0.0420
56780.3275 2.2646 0.0437
56811.4533 2.3220 0.0390
56841.3393 2.4518 0.0445
57508.4284 2.9357 0.0344
57216.2975 1.8506 0.0328
56783.3659 2.3648 0.0511
57185.4838 1.9202 0.0521
57166.3513 1.8538 0.0421
57078.4898 2.1100 0.0473
57105.5730 1.9305 0.0552
57104.5182 2.0802 0.0516
54620.3618 2.7368 0.0445
