57420.5648 1.7056 0.0288
57191.4456 1.7563 0.0334
53496.3516 1.5171 0.0072
56833.3407 1.7570 0.0369
57134.4846 1.9048 0.0372
56839.3248 1.6934 0.0439
56751.3553 1.9574 0.0444
56831.3281 1.7683 0.0380
56783.3558 1.7595 0.0575
57520.3246 1.6098 0.0376
56805.4223 1.7940 0.0432
56723.5016 1.8250 0.0422
57157.4560 1.7857 0.0375
57123.5575 1.7547 0.0544
57542.3711 1.5987 0.0292
57160.3779 1.8635 0.0309
57479.5576 1.6754 0.0374
56776.4714 1.7528 0.0405
56798.4341 1.7476 0.0387
56835.3306 1.7184 0.0384
56837.3334 1.7468 0.0411
57492.5572 1.7123 0.0354
56809.4686 1.6758 0.0435
56741.6140 1.8352 0.0604
57216.2878 1.8179 0.0338
56778.3088 1.7664 0.0433
56801.3570 1.8648 0.0426
56780.3187 1.8369 0.0453
56744.5276 1.7946 0.0434
56803.4771 1.9226 0.0514
57433.5379 1.6230 0.0290
57223.3746 1.7472 0.0346
56715.5630 1.8379 0.0382
56781.3610 1.7268 0.0489
57220.2754 1.7884 0.0346
56811.4451 1.8587 0.0392
56722.4603 1.9183 0.0404
57508.4204 1.5706 0.0321
56807.3013 1.7280 0.0388
56841.3295 1.8132 0.0479
57567.3072 1.6721 0.0343
56712.4916 1.8426 0.0416
57547.4049 1.5693 0.0302
56772.5497 1.7849 0.0494
57213.2988 1.9078 0.0375
52793.2667 1.8546 0.0271
57104.4873 1.7583 0.0425
57166.3406 1.7735 0.0638
57185.4755 1.8181 0.0423
57078.4806 1.6990 0.0474
57105.5696 1.5375 0.0754
53388.6169 1.6989 0.0180
52814.3053 2.2011 0.0195
53770.6220 1.6171 0.0253
54620.3581 1.5124 0.0426
