52730.5705 7.8766 0.0289
53462.4908 6.8275 0.0334
53847.5741 5.9125 0.0416
53911.3288 5.8113 0.0187
53851.4182 5.7943 0.0161
53853.4352 5.7570 0.0163
53586.2942 6.3941 0.0123
53524.3013 6.3500 0.0108
56801.3743 7.2764 0.0341
54186.5147 5.2849 0.0172
54531.5740 6.9492 0.0105
57420.5809 7.4335 0.0340
53466.6127 6.7399 0.0123
52710.6200 7.7986 0.0153
53583.3046 6.4027 0.0130
54570.4284 6.9415 0.0233
53799.4817 6.0800 0.0185
52817.2960 8.9315 0.0289
54262.4012 5.3373 0.0135
54209.4929 5.3577 0.0121
54624.3824 6.6973 0.0128
53769.6082 6.3905 0.0126
57191.4580 7.9889 0.0396
53505.3888 6.4607 0.0184
56833.3526 7.0895 0.0394
54561.4254 7.0732 0.0131
53146.4901 8.0657 0.0148
54213.5722 5.3359 0.0155
54153.5968 5.3333 0.0134
54117.6461 5.1515 0.0120
54524.5266 6.9467 0.0192
53553.4142 6.5636 0.0141
54144.5888 5.3183 0.0132
53578.3431 6.3555 0.0180
53411.6236 7.8495 0.0139
54511.5807 6.8271 0.0117
54614.3924 6.6052 0.0142
53936.3074 6.1123 0.0140
54255.3352 5.3001 0.0177
54600.4459 6.7421 0.0288
53446.5324 6.9471 0.0137
52790.4028 9.3259 0.1340
54266.2923 5.4351 0.0131
54557.5455 7.0771 0.0140
54234.4877 5.2398 0.0128
53859.3669 5.9030 0.0168
53200.2667 8.6811 0.0148
53473.5879 6.7565 0.0153
53121.5132 7.7990 0.0140
54591.3863 6.8328 0.0130
54176.5484 4.3717 0.0136
54179.5219 5.2643 0.0127
54563.4941 7.0817 0.0145
52813.3474 8.8728 0.0180
54588.5522 6.8951 0.0174
53175.3845 8.4890 0.0146
53883.3893 5.9698 0.0143
53109.5778 7.8310 0.0185
54183.5063 5.2708 0.0136
53551.3290 6.6038 0.0134
53939.3067 6.2155 0.0141
53875.3594 6.0894 0.0132
53772.6264 6.2587 0.0145
52792.4193 9.3229 0.0235
54201.4537 5.2781 0.0135
53527.3526 6.3619 0.0132
54535.5077 6.9130 0.0130
53943.3027 6.3173 0.0143
54259.3128 5.3228 0.0122
53138.4614 8.0111 0.0151
53469.5188 6.8027 0.0140
53178.3751 8.6169 0.0144
53149.3330 8.1983 0.0140
53906.3684 5.7314 0.0155
52722.5967 7.6323 0.0256
53390.6489 8.3916 0.0149
53531.3615 6.3884 0.0138
53916.3248 5.7780 0.0166
53117.4850 7.8184 0.0139
53766.6170 6.2799 0.0132
53495.4394 6.6668 0.0142
53855.4161 5.7969 0.0134
54124.6309 5.1304 0.0123
54205.4858 5.3529 0.0144
54594.4526 6.7221 0.0133
53165.4100 8.4283 0.0142
54618.4140 6.6116 0.0132
53195.3465 8.7350 0.0145
53743.6336 6.4443 0.0127
54229.4787 5.2123 0.0201
53518.4479 6.3403 0.0256
54538.5772 6.8899 0.0152
54113.6612 5.1607 0.0158
53083.6071 8.5444 0.0153
53502.3879 6.4741 0.0145
54597.4509 6.6836 0.0132
53892.3770 5.9351 0.0232
54120.6630 5.1233 0.0160
53879.3083 6.0447 0.0141
53500.3158 6.5807 0.0137
53888.4064 5.8908 0.0147
54528.5221 6.9790 0.0121
56712.5038 7.2096 0.0479
52791.4573 9.2842 0.0242
56751.3675 7.5475 0.0497
52721.6238 7.7455 0.0340
57433.5504 7.8799 0.0405
56744.5399 7.3841 0.0517
56837.3458 6.8692 0.0480
56772.5627 7.6882 0.0570
57220.2890 8.3558 0.0426
57542.3828 8.4559 0.0413
57520.3376 8.7943 0.0455
57216.3027 8.4177 0.0442
56715.5752 7.1497 0.0453
56839.3381 6.9253 0.0529
56811.4574 7.0825 0.0465
56741.6340 7.6380 0.0669
56783.3699 7.4984 0.0583
56723.5137 7.2371 0.0491
56798.4478 7.3643 0.0508
57547.4163 8.2431 0.0427
57213.3122 8.4477 0.0402
56805.4347 7.1032 0.0498
56831.3404 7.1114 0.0455
57134.4954 7.0218 0.0437
56807.3136 7.0323 0.0466
56778.3210 7.6297 0.0516
56780.3316 7.6721 0.0514
56841.3435 7.0936 0.0518
56781.3732 7.5208 0.0536
57123.5755 6.9855 0.0572
56776.4836 7.6703 0.0480
56722.4730 7.3079 0.0493
57508.4323 8.6245 0.0436
56809.4820 7.0652 0.0519
57492.5703 8.1413 0.0457
57479.5706 8.3835 0.0453
54621.4067 6.5504 0.0151
57223.3876 8.3453 0.0440
54151.6511 5.3428 0.0160
56835.3435 7.0026 0.0458
53463.5851 6.7026 0.0240
52815.2957 7.2064 0.0114
53523.4194 6.3982 0.0211
56803.4932 7.2403 0.0766
53563.3393 6.3139 0.0265
52698.6066 7.8605 0.0226
57157.4700 6.9246 0.0486
57166.3553 7.2304 0.0545
54620.3574 6.6246 0.0420
57160.5099 7.0564 0.0614
57078.4942 6.6640 0.0600
57185.4913 7.5490 0.0652
53890.4800 5.8226 0.0736
53198.3064 8.7938 0.1027
57105.5754 6.6373 0.0947
57104.5235 6.6389 0.0859
