53462.4914 2.3856 0.0274
53847.5729 2.6512 0.0253
53911.3288 2.7948 0.0178
57420.5596 2.5661 0.0362
53851.4182 2.4594 0.0151
52730.5552 1.8330 0.0344
53853.4352 2.6737 0.0153
53586.2942 2.2304 0.0106
53524.3013 2.1559 0.0090
54186.5147 3.3606 0.0165
52698.6084 2.1803 0.0098
54531.5740 2.6318 0.0084
53466.6127 2.4215 0.0104
52710.6200 2.1862 0.0122
53583.3046 2.1609 0.0109
57213.2917 3.1485 0.0437
54570.4284 2.9361 0.0220
57542.3644 3.1031 0.0262
53799.4817 2.3706 0.0165
52817.2960 2.3796 0.0229
57479.5508 3.1817 0.0310
54262.4012 3.0654 0.0124
57508.4134 3.4556 0.0283
54209.4929 3.6016 0.0111
54624.3824 2.9983 0.0107
57216.2810 3.0508 0.0496
57433.5316 2.7927 0.0252
53505.3888 2.3858 0.0167
57547.3981 2.9768 0.0265
57520.3166 3.1989 0.0320
53769.6082 2.6200 0.0103
54561.4254 2.9510 0.0107
57220.2676 3.1290 0.0500
53146.4901 2.3650 0.0117
54535.5077 2.7200 0.0104
54151.6503 3.3962 0.0129
54153.5968 3.4050 0.0121
54117.6461 3.0591 0.0106
54213.5722 3.5902 0.0145
54524.5266 2.5700 0.0172
53553.4142 1.9243 0.0112
54144.5888 3.2614 0.0120
53578.3431 2.1522 0.0155
53411.6236 2.1361 0.0104
54511.5807 2.6781 0.0092
54614.3924 2.8042 0.0118
53936.3074 2.7277 0.0120
54255.3352 3.1836 0.0168
54600.4459 2.8321 0.0276
53892.3770 2.9383 0.0223
53200.2667 2.7367 0.0114
54621.4059 2.9404 0.0111
54266.2923 3.0114 0.0116
54557.5455 2.9030 0.0115
54234.4877 3.5175 0.0118
53859.3669 2.8233 0.0154
53473.5879 2.3788 0.0129
53121.5132 2.6982 0.0112
54591.3863 2.8421 0.0106
54179.5219 3.4540 0.0117
54563.4941 2.9234 0.0120
52813.3474 2.3532 0.0138
57157.4443 2.7895 0.0432
54588.5522 2.4974 0.0150
53175.3845 2.5409 0.0109
53883.3893 2.8927 0.0126
53109.5778 2.7180 0.0159
54183.5063 3.3610 0.0125
53551.3290 1.9470 0.0106
53939.3067 2.8573 0.0122
57567.2958 2.9919 0.0356
53875.3594 2.7096 0.0111
53772.6264 2.6078 0.0123
52792.4193 1.8700 0.0189
54201.4537 3.5987 0.0125
57492.5506 3.3711 0.0355
53446.5324 2.3518 0.0110
53943.3027 2.8587 0.0122
54259.3128 3.0937 0.0108
53138.4614 2.4333 0.0120
53469.5188 2.4440 0.0114
53178.3751 2.6193 0.0108
53149.3330 2.4213 0.0109
53906.3684 2.7909 0.0138
52722.5967 2.0465 0.0230
53390.6489 2.0183 0.0113
53531.3615 2.0677 0.0111
53916.3248 2.7613 0.0151
53117.4850 2.4845 0.0108
53766.6170 2.6798 0.0109
53495.4394 2.3974 0.0117
54597.4509 2.7664 0.0108
54176.5642 3.4670 0.0119
54124.6309 3.1614 0.0111
54205.4858 3.6159 0.0134
54594.4526 2.8317 0.0109
53165.4100 2.4325 0.0106
54618.4140 2.8843 0.0110
53527.3526 2.1653 0.0108
53195.3465 2.6851 0.0109
53743.6336 2.4545 0.0101
54229.4787 3.4980 0.0194
53855.4161 2.7363 0.0116
53518.4479 2.2602 0.0241
54538.5772 2.7781 0.0127
54113.6612 3.0427 0.0148
53083.6071 2.6972 0.0118
53502.3879 2.3662 0.0123
57160.3902 2.7871 0.0512
57223.3633 3.0694 0.0418
54120.6630 3.1120 0.0149
53879.3083 2.8383 0.0123
53500.3158 2.3793 0.0114
53888.4064 2.9542 0.0132
54528.5221 2.5534 0.0095
52791.4573 1.9512 0.0195
52721.6238 2.1096 0.0314
57459.5423 2.9918 0.0346
57134.4814 3.0145 0.0727
56776.4550 3.5034 0.0418
56772.5313 3.5299 0.0486
56783.3361 3.8181 0.0522
56780.3019 3.8829 0.0480
56741.5892 3.0067 0.0559
56781.3448 3.7313 0.0498
56835.3144 3.6587 0.0380
56831.3117 3.6516 0.0383
56743.5043 3.0663 0.0441
52790.4020 2.0023 0.0382
57123.5533 3.2277 0.0987
57194.4042 2.8240 0.0331
56778.2926 3.9224 0.0450
57191.4313 3.0674 0.0509
57133.4154 2.9809 0.0339
53463.5851 2.3576 0.0215
56833.3206 3.7349 0.0392
56839.3084 3.6800 0.0430
53523.4194 2.1996 0.0185
54620.3602 2.9371 0.0283
57185.4561 2.9359 0.0464
57078.4410 3.2425 0.0535
56798.4184 3.4941 0.0536
56807.2860 3.3781 0.0569
56841.3138 3.5443 0.0667
57166.3209 2.7590 0.0684
56811.4297 3.4744 0.0530
56809.4523 3.2312 0.0579
57460.4772 2.8372 0.0822
56715.5477 3.2974 0.0553
53563.3376 1.9781 0.0281
56744.5497 3.2034 0.0634
56722.4441 3.0385 0.0592
56751.3398 3.2400 0.0640
56712.4764 3.1001 0.0584
56805.4062 3.4938 0.0583
52815.3025 2.3641 0.0126
56803.4017 3.4484 0.0665
56801.3417 3.2766 0.0593
56837.3174 3.7546 0.0572
56723.4864 3.1723 0.0570
57195.4008 2.7150 0.0520
57105.5603 3.2995 0.0538
53890.4800 2.8719 0.0671
53198.3064 2.7012 0.0930
57104.4590 3.1500 0.0667
53770.6182 2.5876 0.0236
