57420.5582 4.5649 0.0302
56743.5383 2.9114 0.0399
56741.6094 2.8884 0.0575
53496.3516 3.0586 0.0081
56744.5188 3.0289 0.0410
56780.3104 3.3446 0.0469
56833.3288 2.9247 0.0388
56807.2931 3.0302 0.0426
57479.5491 4.6252 0.0421
56712.4835 3.2303 0.0408
56778.3007 3.4366 0.0425
56837.3245 3.2091 0.0407
57220.2668 3.4540 0.0347
57567.2988 4.0548 0.0347
56776.4632 3.3314 0.0414
57191.4328 3.3044 0.0356
56831.3199 2.9924 0.0375
57216.2792 3.2660 0.0345
56839.3166 3.3871 0.0433
57223.3660 3.3421 0.0354
56841.3211 3.2474 0.0478
57194.4128 3.2167 0.0345
56722.4512 2.8311 0.0394
57542.3634 3.6638 0.0338
56723.4935 2.7981 0.0445
56805.4134 3.1538 0.0423
57508.4126 3.4687 0.0337
57185.4654 3.3801 0.0397
56781.3529 3.4127 0.0472
57433.5303 4.9240 0.0345
56801.3488 3.2328 0.0416
57492.5483 3.6832 0.0392
57520.3156 3.5927 0.0412
56811.4368 3.1467 0.0377
56772.5406 3.4723 0.0523
56809.4595 3.0337 0.0416
56803.4668 3.2421 0.0474
56798.4255 3.2076 0.0375
56783.3458 3.4749 0.0519
56715.5548 2.9982 0.0375
57160.3693 2.5112 0.0301
57547.3970 4.0121 0.0339
57213.2908 3.4511 0.0318
56835.3225 3.0679 0.0375
56751.3471 3.0708 0.0441
57157.4471 2.4027 0.0370
57123.5441 3.4480 0.0645
57104.4669 3.7022 0.0603
52793.2667 3.9917 0.0296
57133.6028 3.0912 0.0514
53388.6201 3.3740 0.0154
57078.4772 2.0658 0.0497
57459.5499 4.8451 0.0529
57134.4738 3.0874 0.0573
57166.3310 2.4687 0.0633
54620.3631 2.2694 0.0428
