57479.5219 1.3557 0.0258
57420.5453 1.2600 0.0305
56723.4803 1.1382 0.0358
56781.3397 1.3228 0.0447
56776.4499 1.3145 0.0348
56778.2875 1.3545 0.0388
56783.3308 1.3404 0.0458
57520.3008 1.4855 0.0424
57542.3509 1.5011 0.0257
57460.4734 1.3615 0.0283
57508.3994 1.3237 0.0273
56772.5257 1.3388 0.0431
56780.2967 1.2140 0.0413
56743.5145 1.1960 0.0407
56803.4158 1.2255 0.0424
57459.5373 1.3997 0.0292
52814.3124 1.8532 0.0085
56712.4708 1.4025 0.0394
57567.2904 1.3246 0.0365
57433.5183 1.2489 0.0268
56837.3086 1.1299 0.0424
56715.5406 1.1637 0.0431
57216.2664 1.3857 0.0329
56807.2789 1.3275 0.0470
57492.5322 1.3205 0.0408
56809.4449 1.2436 0.0455
57160.3564 1.6016 0.0309
56811.4224 1.3584 0.0405
56829.3208 1.2042 0.0482
56801.3342 1.2776 0.0481
56751.3325 1.1632 0.0521
56805.3990 1.4097 0.0423
56721.5890 1.1519 0.0512
57213.2777 1.2746 0.0296
56839.3023 1.1693 0.0458
57133.4106 1.5592 0.0317
57223.3531 1.3682 0.0334
56833.3145 1.2362 0.0411
56835.3083 1.1572 0.0404
56831.3056 1.1890 0.0407
56744.5289 1.1725 0.0458
56722.4392 1.3763 0.0464
56798.4107 1.2970 0.0399
56841.3064 1.2013 0.0510
57547.3854 1.5978 0.0282
56741.5809 1.2299 0.0717
57156.4565 1.3954 0.0616
57220.2523 1.7267 0.0901
57419.5260 1.1887 0.0670
57134.4666 1.5431 0.0567
56711.5225 1.2080 0.0818
57191.4179 1.1768 0.0519
57104.4484 1.4269 0.0464
57194.3988 1.1735 0.0474
57157.4324 1.2849 0.0480
57185.4502 1.3032 0.0566
57078.4234 1.1786 0.0530
57166.3176 1.8392 0.0934
56800.5134 1.1887 0.1452
57195.3983 1.0575 0.0761
57105.5577 1.3574 0.0756
57123.5267 1.5430 0.1239
