57420.5582 10.3475 0.0371
56743.5383 8.9274 0.0502
56741.6094 9.4165 0.0661
56744.5188 6.5349 0.0489
56780.3104 9.3100 0.0574
56833.3288 6.0877 0.0465
57479.5491 10.0764 0.0516
56712.4835 7.5268 0.0499
56778.3007 9.3136 0.0534
57220.2668 11.7865 0.0486
57567.2988 9.7402 0.0466
56776.4632 9.5018 0.0531
57216.2792 11.7376 0.0495
57223.3660 11.8186 0.0493
56841.3211 9.6271 0.0581
57508.4126 6.9817 0.0426
56722.4512 8.7328 0.0509
57542.3634 9.9195 0.0466
56805.4134 9.7328 0.0547
53475.5607 10.4607 0.0130
57185.4654 11.7730 0.0517
56781.3529 9.4872 0.0577
57433.5303 10.5541 0.0458
56839.3166 5.6436 0.0496
57492.5483 10.0428 0.0518
57520.3156 8.0102 0.0490
56811.4368 9.4535 0.0500
56772.5406 9.3043 0.0614
56809.4595 9.6451 0.0546
56803.4668 9.6705 0.0587
56783.3458 9.4630 0.0612
57160.3693 11.9339 0.0457
57547.3970 9.5240 0.0455
57213.2908 11.5216 0.0452
56751.3471 6.9226 0.0523
57157.4471 8.2630 0.0477
56723.4929 6.4181 0.0644
57104.4669 11.8244 0.0777
57123.5441 11.6636 0.0754
57133.6028 11.4977 0.0663
53883.4566 9.8891 0.0158
56837.3235 10.3963 0.0777
56831.3189 10.1245 0.0742
56715.5538 9.1024 0.0717
56798.4244 9.8526 0.0716
57459.5499 10.2217 0.0694
56835.3214 10.2076 0.0738
56807.2921 9.8694 0.0845
57194.4118 11.7546 0.0703
57191.4316 11.5387 0.0706
57166.3310 12.0663 0.0842
56801.3478 9.5141 0.0765
54620.3631 7.2987 0.0563
53467.5113 10.5064 0.0232
57134.4730 11.4905 0.1104
