52730.5705 8.0768 0.0300
53462.4886 8.8662 0.0571
53847.5741 9.4004 0.0421
53911.3288 10.2602 0.0203
53851.4182 10.1677 0.0177
53853.4352 10.3097 0.0180
53586.2942 8.0456 0.0130
53524.3013 8.5416 0.0117
54186.5147 5.7290 0.0174
52698.6084 7.8207 0.0123
54531.5740 6.2848 0.0103
57420.5763 10.8672 0.0367
53466.6127 8.7291 0.0133
52710.6200 8.1612 0.0156
53583.3046 8.2769 0.0140
54570.4284 6.2054 0.0232
53799.4817 8.7868 0.0200
52817.2960 9.0212 0.0295
54262.4012 4.4985 0.0132
54209.4929 5.5798 0.0123
54624.3824 6.2878 0.0127
53505.3888 8.3997 0.0192
56801.3688 10.4113 0.0499
53769.6082 8.7821 0.0140
54561.4254 6.2400 0.0128
53146.4901 9.4174 0.0157
54535.5077 6.2720 0.0127
54151.6503 6.2758 0.0148
54153.5968 6.2843 0.0141
54229.4787 5.2757 0.0202
54117.6461 6.6137 0.0130
54213.5722 5.5119 0.0157
54524.5266 6.6210 0.0191
53553.4142 8.5713 0.0153
54144.5888 6.2961 0.0140
53578.3431 8.2316 0.0191
53411.6236 10.0698 0.0152
54511.5807 6.3912 0.0115
54614.3924 6.2468 0.0140
53936.3074 10.0217 0.0163
54255.3352 4.7862 0.0176
54600.4459 6.3319 0.0286
54621.4059 6.2204 0.0133
52790.4028 8.4914 0.1343
54266.2923 4.7738 0.0128
54557.5455 6.1889 0.0136
54234.4877 5.2135 0.0129
53859.3669 10.4230 0.0188
53121.5132 9.1715 0.0149
54591.3863 6.2398 0.0128
54179.5219 5.8678 0.0132
54563.4941 6.2130 0.0141
52813.3474 8.9624 0.0183
54588.5522 6.2184 0.0172
53175.3845 10.1328 0.0155
53883.3893 10.4696 0.0168
53200.2667 10.6485 0.0159
53109.5778 9.5726 0.0196
54183.5063 5.8493 0.0140
53551.3290 8.6962 0.0146
53939.3067 9.9874 0.0162
53875.3594 10.5779 0.0158
56833.3478 9.8666 0.0496
52792.4193 8.3984 0.0232
53446.5324 9.4185 0.0151
53943.3027 9.8476 0.0164
54259.3128 5.0189 0.0121
53138.4614 9.3413 0.0159
53469.5188 8.7587 0.0152
53178.3751 10.1361 0.0152
53149.3330 9.5173 0.0149
53906.3684 10.3664 0.0182
52722.5967 7.7175 0.0259
53390.6489 8.8357 0.0153
53531.3615 8.6698 0.0151
53916.3248 10.2993 0.0190
53117.4850 9.7689 0.0151
53766.6170 8.7587 0.0148
53495.4394 8.4392 0.0152
53083.6071 10.0440 0.0162
54528.5221 6.4659 0.0120
52815.2953 9.1575 0.0105
53473.5879 8.6864 0.0164
54176.5642 5.9193 0.0135
54124.6309 6.1611 0.0131
54205.4858 5.5620 0.0146
54594.4526 6.2405 0.0131
53165.4100 9.9308 0.0150
54618.4140 6.2341 0.0130
53527.3526 8.5868 0.0145
53772.6264 8.6818 0.0160
53195.3465 10.3235 0.0154
53743.6336 8.5972 0.0141
53888.4064 10.5219 0.0171
53518.4479 8.5157 0.0264
54538.5772 6.2151 0.0150
54113.6612 6.6930 0.0167
53855.4161 10.2566 0.0159
53502.3879 8.4234 0.0156
54597.4509 6.2572 0.0130
53892.3770 10.5866 0.0246
54120.6630 6.5314 0.0169
53879.3083 10.4925 0.0166
54201.4537 5.5608 0.0137
53500.3158 8.4560 0.0148
52791.4573 8.3821 0.0239
56831.3363 9.8562 0.0495
52721.6238 8.2101 0.0345
56798.4422 10.4165 0.0521
56723.5097 12.6695 0.0573
56809.4772 10.0437 0.0591
57547.4125 11.5968 0.0459
56741.6278 12.2049 0.0714
56807.3096 10.3271 0.0552
56780.3275 11.2508 0.0567
56778.3170 11.3252 0.0562
56776.4795 11.2776 0.0539
56781.3691 11.1294 0.0611
57123.5698 9.5699 0.0612
57213.3079 9.3833 0.0414
57223.3832 9.1164 0.0448
56751.3634 12.2044 0.0559
56805.4306 10.2566 0.0532
56803.4885 10.3093 0.0635
57433.5460 11.3067 0.0443
56835.3395 9.9090 0.0500
57216.2975 9.1428 0.0442
56744.5358 12.2935 0.0583
56772.5585 11.4613 0.0604
56722.4684 12.6594 0.0544
57492.5660 11.4675 0.0492
57542.3791 11.8030 0.0450
56715.5711 12.8137 0.0526
56712.4997 12.8543 0.0553
57220.2845 9.0852 0.0455
56841.3393 9.7897 0.0547
56839.3341 9.8731 0.0555
57520.3333 11.8025 0.0488
57134.4907 9.7470 0.0482
57479.5663 11.3609 0.0484
56837.3417 9.9325 0.0518
53463.5851 8.8065 0.0253
57191.4517 9.3864 0.0463
57157.4650 9.7749 0.0482
57160.5054 9.7350 0.0476
56811.4533 10.1242 0.0506
57508.4284 11.8547 0.0466
53523.4194 8.4506 0.0225
56783.3659 10.9496 0.0625
57166.3513 9.6850 0.0537
54620.3589 5.7742 0.0322
53563.3393 8.4827 0.0280
57185.4838 9.4387 0.0636
57105.5730 9.9453 0.0719
57078.4898 9.8385 0.0625
53890.4800 10.7236 0.0868
53198.3064 10.4166 0.1042
54619.3119 6.2901 0.0729
57104.5182 10.0639 0.0720
