53462.4914 3.6635 0.0281
53847.5729 3.3909 0.0258
53911.3288 3.3253 0.0184
53851.4182 3.3897 0.0157
56743.5064 2.7210 0.0274
52730.5552 2.8514 0.0369
53853.4352 3.3544 0.0159
53586.2942 4.4013 0.0119
53524.3013 3.9744 0.0101
54186.5147 3.7283 0.0169
54531.5740 4.0643 0.0094
53466.6127 3.7871 0.0113
52698.6080 3.0771 0.0116
52710.6200 2.9468 0.0128
53583.3046 4.3488 0.0124
54570.4284 4.3175 0.0228
53799.4817 3.3771 0.0176
52817.2960 3.2442 0.0248
57420.5561 2.5513 0.0345
54262.4012 3.8588 0.0132
54209.4929 3.8439 0.0115
54624.3824 3.6549 0.0114
53505.3888 3.9234 0.0177
53769.6082 3.8013 0.0115
54561.4254 4.3772 0.0119
53146.4901 3.6900 0.0128
54151.6503 3.7371 0.0135
54153.5968 3.7188 0.0128
54117.6461 3.6984 0.0114
54524.5266 4.1908 0.0183
53553.4142 4.5809 0.0134
54144.5888 3.6607 0.0126
53578.3431 4.2593 0.0173
53411.6236 3.6038 0.0116
54511.5807 4.5441 0.0107
54213.5722 3.8154 0.0150
54614.3924 3.7599 0.0128
53936.3074 3.1454 0.0126
54255.3352 3.8911 0.0174
54600.4459 3.9783 0.0284
53200.2667 3.8075 0.0123
54621.4059 3.7699 0.0121
54266.2923 3.8449 0.0125
54557.5455 4.3237 0.0127
54234.4877 3.7336 0.0123
53859.3669 3.4381 0.0160
53473.5879 3.7857 0.0140
53121.5132 3.9831 0.0122
54591.3863 4.1608 0.0118
54179.5219 3.7485 0.0122
54563.4941 4.4845 0.0133
52813.3474 3.1384 0.0148
54588.5522 4.1606 0.0164
53175.3845 3.4220 0.0117
53883.3893 3.5667 0.0134
54183.5063 3.7279 0.0130
53939.3067 3.2955 0.0128
53875.3594 3.6837 0.0122
53772.6264 3.7020 0.0134
52792.4193 3.3290 0.0202
54201.4537 3.9593 0.0130
53527.3526 4.1477 0.0123
54535.5077 3.9908 0.0116
53446.5324 3.8895 0.0122
53943.3027 3.3483 0.0129
54259.3128 3.8674 0.0117
53906.3684 3.3910 0.0145
53138.4614 3.7558 0.0132
53109.5778 3.5414 0.0166
53469.5188 3.7677 0.0125
53178.3751 3.4782 0.0116
53149.3330 3.7440 0.0119
52722.5967 2.7118 0.0235
53390.6489 3.8105 0.0127
53531.3615 4.1666 0.0128
53916.3248 3.2432 0.0158
53117.4850 3.8901 0.0119
53766.6170 3.8928 0.0121
53495.4394 3.8322 0.0129
53551.3290 4.6918 0.0127
52815.2953 3.2977 0.0083
54597.4509 3.9711 0.0119
54176.5642 3.7496 0.0124
54124.6309 3.6636 0.0117
54205.4858 3.8606 0.0139
54594.4526 4.0295 0.0120
53165.4100 3.4877 0.0115
54618.4140 3.8024 0.0119
53195.3465 3.8024 0.0118
53743.6336 4.0456 0.0116
54229.4787 3.7023 0.0198
53518.4479 4.0282 0.0251
54538.5772 4.0367 0.0139
54113.6612 3.6719 0.0154
53083.6071 3.5132 0.0126
53855.4161 3.3822 0.0124
53502.3879 3.9045 0.0135
53892.3770 3.6137 0.0229
54120.6630 3.5926 0.0155
53879.3083 3.5523 0.0131
53500.3158 3.8978 0.0126
53888.4064 3.5159 0.0138
54528.5221 4.2437 0.0109
52791.4573 3.3906 0.0208
52721.6238 2.7434 0.0321
56741.5892 2.8380 0.0561
57213.2820 2.8407 0.0304
57216.2706 2.8017 0.0330
56772.5313 2.9171 0.0483
56783.3361 3.1298 0.0519
56780.3019 3.0118 0.0470
57459.5423 3.0398 0.0348
57160.3607 2.8537 0.0313
57547.3894 3.2168 0.0326
56744.5487 2.8365 0.0434
56781.3448 2.9320 0.0491
57223.3574 2.8428 0.0342
56798.4174 2.6021 0.0365
56776.4550 2.8720 0.0411
52790.4020 3.3888 0.0393
57520.3067 3.3530 0.0398
57078.4375 2.6088 0.0413
57479.5414 3.1277 0.0374
57508.4044 3.2001 0.0343
57194.4042 3.0006 0.0337
56778.2926 3.0217 0.0439
56751.3388 2.7403 0.0453
57133.4154 2.8250 0.0338
57157.4382 2.8797 0.0378
57220.2575 2.8493 0.0398
57542.3556 3.2517 0.0325
53523.4194 4.0177 0.0202
54620.3602 3.7979 0.0306
53563.3393 4.3714 0.0257
53463.5877 3.7377 0.0257
57185.4561 3.1097 0.0469
57492.5382 3.3390 0.0464
57191.4231 2.9489 0.0431
57166.3209 2.6279 0.0685
56811.4276 2.4759 0.0507
56801.3397 2.5183 0.0602
57460.4772 3.2020 0.0847
56833.3196 2.3663 0.0522
56722.4420 2.7906 0.0544
56835.3134 2.4038 0.0512
56831.3107 2.4255 0.0521
56837.3154 2.3947 0.0547
56809.4503 2.4942 0.0572
56723.4843 2.7167 0.0575
57123.5324 2.9186 0.0719
56803.3997 2.5676 0.0630
56712.4744 2.6366 0.0577
56805.4042 2.6409 0.0558
57433.5218 2.7263 0.0435
56807.2839 2.5041 0.0540
57134.4685 2.8970 0.0600
56841.3117 2.5251 0.0647
56839.3074 2.2867 0.0573
57567.3026 3.4127 0.0600
56715.5456 2.6258 0.0543
57195.4008 2.9573 0.0529
57105.5603 2.8937 0.0530
53890.4800 3.3757 0.0716
56721.5940 2.6966 0.1113
53198.3064 3.8034 0.0957
57104.4590 3.0355 0.0664
53770.6182 3.8182 0.0254
