57420.5582 6.4674 0.0336
56743.5383 7.0514 0.0486
56741.6094 7.0363 0.0653
53496.3516 5.4777 0.0090
56744.5188 6.8721 0.0495
56780.3104 4.3019 0.0514
56833.3288 6.6920 0.0478
56807.2931 6.6265 0.0532
57479.5491 6.1494 0.0462
56712.4835 7.0930 0.0499
56837.3245 6.6909 0.0494
57220.2668 6.9066 0.0424
57567.2988 6.4287 0.0412
56776.4632 6.6629 0.0497
57191.4328 7.0138 0.0433
56831.3199 6.7748 0.0469
57216.2792 6.9863 0.0433
56839.3166 6.8074 0.0518
57223.3660 6.9314 0.0432
56841.3211 6.7334 0.0552
57194.4128 6.9013 0.0423
56722.4512 7.3322 0.0496
57542.3634 6.2209 0.0408
56723.4935 7.1481 0.0551
56805.4134 6.6512 0.0512
57508.4126 6.0101 0.0404
57185.4654 7.0390 0.0467
56781.3529 6.4777 0.0546
57213.2908 6.8305 0.0392
57433.5303 6.3416 0.0391
56801.3488 6.7156 0.0499
57492.5483 6.0935 0.0458
57520.3156 6.0452 0.0461
56811.4368 6.7086 0.0466
56772.5406 6.6826 0.0586
56809.4595 6.6697 0.0510
56803.4668 6.6041 0.0556
56798.4255 6.6812 0.0459
56783.3458 3.9408 0.0557
56715.5548 7.1879 0.0473
57160.3693 7.0568 0.0392
57547.3970 6.3628 0.0403
56835.3225 6.7503 0.0465
56751.3471 6.8738 0.0526
57157.4471 7.0929 0.0460
57123.5441 7.0036 0.0709
57104.4669 7.4287 0.0720
52793.2667 5.6249 0.0312
57133.6028 7.3188 0.0614
56778.3006 4.7287 0.0531
57459.5499 6.5272 0.0598
57134.4738 7.1759 0.0700
57166.3310 6.8142 0.0755
53388.6169 5.6946 0.0224
54620.3631 6.1905 0.0550
