57420.5582 3.0011 0.0299
56743.5383 2.6494 0.0436
56744.5188 2.7782 0.0424
56780.3104 3.0311 0.0484
56833.3288 2.9280 0.0407
56807.2931 3.0043 0.0455
57479.5491 3.0740 0.0416
56712.4835 2.8402 0.0424
56778.3007 2.9132 0.0437
56837.3245 2.7035 0.0420
57220.2668 2.2044 0.0343
57567.2988 3.1823 0.0347
56776.4632 2.9633 0.0429
57191.4328 2.3761 0.0360
56831.3199 2.8693 0.0394
57216.2792 2.1753 0.0346
56839.3166 2.8522 0.0445
57223.3660 2.2674 0.0354
56841.3211 2.8152 0.0492
57194.4128 2.4314 0.0349
56722.4512 2.8976 0.0418
57542.3634 2.9985 0.0342
56723.4935 2.8615 0.0469
56805.4134 3.0473 0.0442
57508.4126 3.3446 0.0350
57185.4654 2.4433 0.0399
56781.3529 3.0296 0.0488
57433.5303 2.9936 0.0326
56801.3488 3.2103 0.0437
57492.5483 3.1891 0.0400
57520.3156 3.1670 0.0419
56811.4368 3.0303 0.0397
56772.5406 2.8630 0.0533
56809.4595 2.9625 0.0438
56803.4668 3.1206 0.0496
56798.4255 3.0602 0.0392
56783.3458 3.0552 0.0535
56715.5548 2.8859 0.0395
57160.3693 2.6294 0.0318
57547.3970 3.0794 0.0338
57213.2908 2.2119 0.0313
56835.3225 2.8945 0.0393
56751.3471 2.9669 0.0460
57157.4471 2.5989 0.0388
57123.5441 2.6675 0.0656
56741.6155 2.7818 0.0821
57104.4669 2.8962 0.0603
53496.3537 2.2727 0.0100
57133.6028 2.6209 0.0526
57459.5499 2.9537 0.0525
57134.4738 2.7095 0.0591
57166.3310 2.5650 0.0660
54620.3631 2.1590 0.0442
52793.2708 1.9483 0.0554
