57420.5625 8.9659 0.0361
56833.3397 10.2537 0.0436
53496.3516 11.6677 0.0113
56712.4876 9.5509 0.0526
56772.5452 9.9221 0.0596
56715.5589 9.8565 0.0508
57157.4515 8.4454 0.0467
56722.4562 9.4799 0.0517
56809.4644 10.2092 0.0576
56839.3207 10.1108 0.0553
56841.3254 10.1569 0.0578
56811.4410 10.1621 0.0522
56751.3512 9.3937 0.0551
56837.3290 10.1350 0.0539
57133.6087 8.2093 0.0555
57213.2951 9.2718 0.0429
57492.5529 9.6965 0.0473
57160.3736 8.6137 0.0421
57123.5514 8.6865 0.0575
57191.4374 9.3180 0.0490
56805.4182 9.7868 0.0552
56744.5234 9.4897 0.0528
57547.4010 9.3687 0.0451
57220.2711 9.1996 0.0465
56741.6082 9.1153 0.0652
56803.4723 9.6121 0.0581
56831.3240 10.2994 0.0518
57134.4821 8.2993 0.0526
56807.2972 9.7613 0.0540
57433.5341 9.6862 0.0447
57542.3673 9.6634 0.0446
56798.4301 9.5208 0.0499
56835.3266 10.2098 0.0517
56801.3529 9.5531 0.0539
57567.3029 9.7739 0.0504
56776.4673 9.7525 0.0539
57216.2834 9.2649 0.0461
57479.5533 9.9363 0.0488
57520.3201 9.7183 0.0499
56723.4975 9.5323 0.0541
57223.3703 9.1141 0.0458
57508.4160 9.6465 0.0562
52793.2667 10.2074 0.0364
57166.3371 8.5869 0.0537
56778.3058 9.3376 0.0780
57078.4772 8.6828 0.0654
56783.3509 9.3717 0.0877
56781.3580 9.4819 0.0821
56780.3156 9.3485 0.0791
57185.4719 9.5762 0.0774
53388.6169 11.6500 0.0283
57104.4732 8.4574 0.0940
