57420.5648 2.0506 0.0302
52814.3124 1.7382 0.0082
57191.4456 1.6431 0.0344
56833.3407 1.1259 0.0368
57134.4846 1.4981 0.0377
56839.3248 1.2409 0.0441
56751.3553 1.4051 0.0443
56831.3281 1.1923 0.0380
56783.3558 1.4263 0.0577
57520.3246 2.5671 0.0403
56805.4223 1.3682 0.0435
56723.5016 1.4456 0.0425
57479.5576 2.3938 0.0398
57123.5575 1.4793 0.0555
57542.3711 2.4307 0.0323
57160.3779 1.5183 0.0314
57157.4560 1.4383 0.0381
56776.4714 1.6082 0.0412
56798.4341 1.3788 0.0390
56835.3306 1.1267 0.0384
56803.4771 1.4506 0.0520
56837.3334 1.2033 0.0411
57492.5572 2.4756 0.0383
56809.4686 1.2821 0.0440
57216.2878 1.7782 0.0351
56778.3088 1.4765 0.0438
56801.3570 1.3271 0.0427
56780.3187 1.5252 0.0457
56744.5276 1.3816 0.0436
57433.5379 2.0565 0.0316
57223.3746 1.6997 0.0356
56715.5630 1.3447 0.0383
56781.3610 1.4224 0.0493
57220.2754 1.6100 0.0355
56811.4451 1.3301 0.0392
56722.4603 1.4928 0.0407
57508.4204 2.4782 0.0354
56807.3013 1.3384 0.0393
56841.3295 1.1512 0.0479
57567.3072 2.8037 0.0383
56712.4916 1.4842 0.0419
57547.4049 2.3127 0.0332
56772.5497 1.4159 0.0500
57213.2988 1.6695 0.0385
56741.6138 1.2744 0.0625
57104.4873 1.4116 0.0433
57166.3406 1.6842 0.0656
57185.4755 1.7134 0.0428
57078.4806 1.5051 0.0490
57105.5696 1.3542 0.0776
53770.6220 1.4909 0.0252
54620.3581 1.6480 0.0439
