57420.5565 9.8224 0.0298
56743.5338 9.3468 0.0431
56803.4496 9.1136 0.0439
56741.6091 9.3650 0.0532
57492.5464 9.8631 0.0409
57479.5475 10.0382 0.0428
56811.4351 9.2474 0.0405
56715.5531 9.6482 0.0413
56841.3194 9.0326 0.0465
57567.2972 9.2197 0.0384
56723.4918 9.6370 0.0464
57508.4109 9.3134 0.0369
56839.3149 8.9974 0.0444
56835.3208 9.1279 0.0406
56751.3454 9.4028 0.0454
56781.3513 9.1763 0.0468
57216.2774 10.8517 0.0395
57220.2649 10.8893 0.0399
57223.3642 10.8309 0.0393
56833.3271 9.0766 0.0412
56778.2990 9.1157 0.0439
56837.3228 9.0674 0.0423
56776.4615 9.4487 0.0429
57433.5287 10.2046 0.0369
57185.4635 10.5689 0.0413
57213.2890 11.1105 0.0366
56783.3436 9.2691 0.0498
57157.4452 9.9435 0.0398
56772.5386 9.3723 0.0490
56798.4238 9.2411 0.0401
57160.3675 10.1113 0.0357
56805.4117 9.3904 0.0440
57542.3618 8.9666 0.0362
56807.2914 9.2224 0.0448
56780.3086 9.0749 0.0465
56722.4496 9.4982 0.0422
57547.3954 8.9940 0.0364
56801.3471 9.3851 0.0434
57520.3138 9.0648 0.0403
56744.5298 9.6425 0.0438
56712.4818 9.5297 0.0431
57194.4110 10.9442 0.0386
56831.3182 9.0124 0.0405
56809.4586 9.1162 0.0474
57133.5997 9.3946 0.0469
57191.4317 10.7905 0.0421
53475.5659 14.5827 0.0137
57459.5477 9.8281 0.0472
57123.5441 9.1920 0.0728
57134.4725 9.2392 0.0600
57104.4669 8.9149 0.0736
53883.4566 12.0722 0.0170
57078.4484 7.6364 0.0791
57166.3310 10.1842 0.0822
53884.4341 12.6566 0.0174
57195.4023 10.7717 0.1013
54620.3631 11.8015 0.0655
53467.5113 14.5369 0.0260
57105.5621 9.0604 0.0944
