57420.5681 10.9481 0.0264
57134.4851 8.6523 0.0321
56741.6200 7.6933 0.0463
57191.4463 8.1524 0.0301
57216.2900 8.0455 0.0314
56778.3109 7.6454 0.0369
57433.5398 11.4702 0.0326
57479.5598 11.0354 0.0347
57220.2777 8.1322 0.0317
56744.5297 7.7645 0.0366
56751.3573 7.8490 0.0367
57547.4068 10.5245 0.0324
56833.3425 7.3380 0.0355
56776.4735 7.7819 0.0349
56772.5519 7.6296 0.0400
57492.5594 10.8911 0.0344
57157.4583 8.4394 0.0331
57542.3732 10.6151 0.0320
56783.3587 7.6561 0.0430
57508.4224 10.7801 0.0337
57520.3267 10.5384 0.0345
56781.3631 7.6397 0.0393
56780.3209 7.6753 0.0372
57223.3768 8.2343 0.0313
57160.4137 8.5163 0.0327
57213.3016 8.1426 0.0315
56723.5026 7.9243 0.0416
56722.4613 7.9702 0.0402
56798.4351 7.5443 0.0383
56807.3023 7.4215 0.0398
56811.4461 7.4246 0.0386
56712.4926 8.0162 0.0409
56837.3344 7.3215 0.0400
56803.4783 7.3704 0.0466
56801.3580 7.5684 0.0413
56809.4696 7.4348 0.0429
56715.5640 8.0891 0.0388
56839.3258 7.3463 0.0421
56841.3305 7.3437 0.0438
56835.3316 7.3551 0.0385
57123.5590 8.8622 0.0483
56831.3291 7.3601 0.0379
56805.4233 7.3762 0.0417
57567.3077 10.2014 0.0470
57104.4948 9.1713 0.0410
57078.4838 9.0523 0.0389
52814.3124 7.3764 0.0106
57166.3435 8.4295 0.0464
57185.4775 8.1593 0.0454
57105.5706 9.0510 0.0574
53770.6220 8.1092 0.0335
54620.3581 8.4235 0.0612
