57420.5752 1.7439 0.0235
56801.3663 1.1127 0.0331
56807.3086 0.9857 0.0317
56780.3265 1.0940 0.0342
56811.4523 0.9885 0.0300
57223.3821 0.9006 0.0267
57492.5649 2.0220 0.0288
56783.3648 1.0225 0.0406
56744.5348 1.2211 0.0344
56776.4785 0.9099 0.0316
57508.4274 2.0527 0.0269
56781.3681 1.1275 0.0375
57520.3322 2.0142 0.0308
57213.3068 0.9514 0.0235
56833.3463 0.9986 0.0310
56839.3331 0.9963 0.0342
57479.5652 2.0728 0.0307
56751.3624 1.0796 0.0329
56805.4296 0.9971 0.0325
57433.5449 1.8215 0.0243
56841.3382 0.9636 0.0352
57542.3781 1.9932 0.0248
56778.3160 1.1002 0.0339
56798.4412 1.0619 0.0312
56837.3407 0.9909 0.0315
56712.4987 0.9115 0.0315
56831.3353 1.0211 0.0290
57191.4505 0.8772 0.0276
56835.3385 0.9806 0.0294
56715.5701 0.9675 0.0285
57547.4116 2.0546 0.0258
56722.4674 1.0519 0.0309
57220.2831 0.9451 0.0280
52814.3124 0.9067 0.0079
57160.5049 0.8907 0.0300
56723.5092 0.9263 0.0352
57157.4635 0.8644 0.0307
57216.2967 0.8290 0.0268
57134.4901 0.7932 0.0305
56772.5580 1.1102 0.0401
56809.4751 1.1018 0.0425
57166.3501 1.0185 0.0375
57078.4881 0.8061 0.0315
57105.5725 0.8626 0.0420
56803.4884 1.0871 0.0503
57123.5708 0.7825 0.0470
57185.4833 0.8268 0.0527
57104.5165 0.8659 0.0405
56741.6289 1.1758 0.0497
54620.3618 1.3564 0.0402
