56743.5069 1.6242 0.0291
57420.5495 1.2731 0.0306
53475.5659 0.9466 0.0088
57508.4044 1.3258 0.0332
56776.4550 1.7023 0.0433
56780.3019 1.5470 0.0493
56803.4007 1.6872 0.0481
56831.3117 1.7040 0.0389
57567.2972 1.1113 0.0380
56778.2926 1.5453 0.0459
56835.3144 1.6516 0.0384
57542.3556 1.2960 0.0310
57547.3894 1.2619 0.0310
56723.4853 1.7424 0.0425
56741.5892 1.6229 0.0603
56805.4052 1.6651 0.0420
57433.5227 1.3589 0.0302
56839.3084 1.7020 0.0443
57459.5423 1.3642 0.0342
57160.3607 2.0498 0.0324
56712.4754 1.7776 0.0433
57133.4154 2.0344 0.0353
57194.4042 1.8210 0.0344
56715.5467 1.8043 0.0407
57157.4382 2.0907 0.0395
56744.5487 1.5609 0.0457
56781.3448 1.5636 0.0517
56841.3128 1.6080 0.0489
57216.2706 1.6829 0.0337
57223.3574 1.7584 0.0351
56751.3388 1.6979 0.0482
56837.3164 1.7069 0.0411
56833.3206 1.6854 0.0396
57479.5414 1.2401 0.0373
57213.2820 1.7266 0.0309
56722.4431 1.8640 0.0426
57078.4375 2.0433 0.0441
57220.2575 1.7375 0.0413
56772.5313 1.5776 0.0509
56801.3407 1.6079 0.0442
57520.3067 1.2746 0.0396
56809.4513 1.5884 0.0428
56783.3361 1.6587 0.0548
56798.4174 1.6651 0.0386
56807.2850 1.6464 0.0410
56811.4286 1.7215 0.0383
57492.5382 1.2975 0.0455
57185.4561 1.9596 0.0489
57191.4231 1.8712 0.0443
57195.4008 1.9044 0.0547
53883.4566 0.8667 0.0105
57166.3209 2.0279 0.0727
57123.5324 2.0375 0.0752
57105.5603 2.0593 0.0550
53884.4341 0.9477 0.0111
57134.4685 2.0930 0.0629
57460.4767 1.5470 0.1060
56721.5940 1.7869 0.1183
57104.4590 2.0192 0.0680
53467.5113 0.9164 0.0150
54620.3656 1.1253 0.0432
53770.6182 0.9490 0.0226
