57420.5596 3.2287 0.0249
56743.5064 2.8600 0.0269
53911.3299 3.4070 0.0185
53462.4903 4.2031 0.0360
56801.3609 2.9365 0.0279
52698.6084 5.1063 0.0115
53847.5739 3.7921 0.0330
53851.4235 3.5550 0.0195
54531.5681 4.2229 0.0099
57191.4431 3.3110 0.0314
57213.2917 3.4449 0.0262
56811.4379 2.7716 0.0306
56807.2942 2.8097 0.0321
56835.3237 2.8210 0.0305
56781.3540 2.4764 0.0386
56803.4313 2.7988 0.0402
56805.4147 2.8556 0.0335
54570.4284 4.4085 0.0225
57542.3644 2.9632 0.0265
56715.5558 3.0323 0.0314
53586.2942 5.1553 0.0152
53524.2991 4.4197 0.0130
56833.3299 2.8294 0.0311
56809.4611 2.7148 0.0349
56798.4272 2.9145 0.0323
57479.5508 3.0464 0.0310
56751.3480 3.0809 0.0363
57508.4134 2.9709 0.0279
57216.2810 3.4566 0.0288
56722.4526 2.9933 0.0334
56723.4945 2.9629 0.0335
56839.3179 2.7992 0.0352
56741.6036 2.9267 0.0475
56780.3114 2.4758 0.0368
56778.3017 2.5348 0.0353
57433.5316 3.2588 0.0261
56712.4845 3.0901 0.0336
57223.3671 3.4399 0.0295
56772.5414 3.0082 0.0403
56841.3226 2.7179 0.0375
57547.3981 2.9946 0.0269
56837.3258 2.6990 0.0323
56783.3470 2.3899 0.0421
57520.3166 2.9782 0.0320
56776.4642 2.8589 0.0333
57220.2676 3.3767 0.0315
56744.5454 2.9635 0.0358
56831.3209 2.8086 0.0306
53853.4284 3.2598 0.0164
53466.6123 7.6051 0.0161
54524.5266 4.1245 0.0179
53769.6072 4.0762 0.0126
57078.4487 2.8303 0.0357
57157.4443 3.1918 0.0333
52710.6216 4.9377 0.0161
57567.2958 3.1248 0.0365
54201.4537 4.3388 0.0132
54262.4016 3.6985 0.0141
54535.5077 4.4080 0.0115
54186.5153 3.7741 0.0222
52722.5967 4.8094 0.0241
54561.4270 4.1067 0.0126
54124.6309 3.6931 0.0115
57492.5506 3.1989 0.0357
54538.5772 4.6476 0.0140
57160.3902 3.8393 0.0317
52791.4573 4.6123 0.0213
54621.4043 3.9155 0.0131
52721.6238 4.9018 0.0325
57459.5423 3.1113 0.0352
54179.5235 3.8361 0.0135
54557.5439 4.6905 0.0142
54144.5888 3.4715 0.0137
54511.5807 4.5084 0.0116
54528.5229 4.5562 0.0120
54591.3847 4.6406 0.0132
52790.4020 4.7100 0.0399
54624.3832 4.5548 0.0145
54117.6469 3.9585 0.0125
54120.6638 4.0173 0.0178
54600.4443 4.8030 0.0312
53766.6154 3.9055 0.0133
54113.6596 4.0277 0.0160
53883.3893 3.4110 0.0147
53411.6219 4.8407 0.0137
54176.5626 3.2998 0.0133
53469.5204 5.0882 0.0147
52792.4200 3.9392 0.0224
53149.3314 4.8902 0.0138
54594.4510 4.6006 0.0135
53473.5895 6.3368 0.0171
57123.5533 3.1609 0.0525
54563.4924 4.7375 0.0148
52730.5481 4.8040 0.0172
53121.5148 3.8823 0.0134
54255.3336 4.8151 0.0190
53892.3770 3.5133 0.0252
53117.4868 4.6176 0.0137
54588.5506 4.6112 0.0182
53879.3100 3.7437 0.0146
57194.4042 3.3904 0.0344
53583.3038 5.1651 0.0165
54153.5984 3.2465 0.0136
57133.4154 2.0274 0.0325
57134.4814 3.1723 0.0402
53772.6248 4.1334 0.0151
54597.4492 4.6384 0.0135
53505.3879 4.6123 0.0219
54209.4953 4.2870 0.0143
53578.3447 4.6991 0.0193
53888.4064 3.4715 0.0153
53939.3045 3.7289 0.0167
54151.6503 3.7842 0.0170
54620.3602 4.4668 0.0307
53553.4120 4.7133 0.0169
52817.2952 4.9525 0.0470
57166.3318 3.3293 0.0557
54266.2923 4.7391 0.0164
53175.3845 4.6734 0.0159
52813.3463 3.9726 0.0194
54183.5063 3.7939 0.0165
53936.3095 3.6151 0.0164
54259.3128 4.7593 0.0155
54614.3924 4.5834 0.0170
53165.4121 4.7692 0.0158
53146.4876 4.3665 0.0166
53178.3751 4.7399 0.0156
53906.3684 3.6187 0.0191
53563.3393 3.7970 0.0249
53943.3006 3.7521 0.0167
53551.3268 4.7305 0.0160
53875.3616 3.4547 0.0154
54618.4139 4.5762 0.0155
53500.3136 4.6873 0.0166
53531.3591 4.4000 0.0164
53200.2646 4.7566 0.0170
53743.6362 4.3496 0.0149
57185.4561 3.2725 0.0469
53195.3479 4.7233 0.0158
53083.6071 4.8673 0.0171
53446.5325 4.5732 0.0160
53502.3857 4.6706 0.0176
54205.4837 3.6096 0.0177
53523.4210 4.3978 0.0293
53859.3669 3.5190 0.0249
57460.4772 3.0122 0.0833
53799.4785 4.0227 0.0202
54234.4877 4.3393 0.0197
53109.5778 4.7834 0.0268
53855.4161 3.4931 0.0193
52815.3025 4.9327 0.0145
53390.6489 5.0716 0.0209
53495.4394 4.7136 0.0210
53916.3248 3.5362 0.0253
53527.3526 4.3724 0.0194
54213.5722 3.9835 0.0235
53138.4598 4.7980 0.0202
53518.4479 4.4690 0.0394
57195.4008 3.2675 0.0540
57105.5603 3.0235 0.0533
54229.4787 4.1807 0.0316
56721.5940 2.8964 0.1086
53463.5717 4.4445 0.0442
53198.3064 4.7991 0.0962
57104.4590 2.9251 0.0667
53770.6182 4.0267 0.0258
57419.5304 3.2237 0.1072
