57420.5763 5.7674 0.0323
56801.3688 3.2927 0.0411
52814.3124 7.3797 0.0108
56833.3478 5.2506 0.0426
56723.5097 5.4614 0.0468
56831.3363 5.2435 0.0420
56798.4422 5.0083 0.0444
57547.4125 5.6800 0.0367
57213.3079 5.7245 0.0359
56807.3096 5.3901 0.0468
56780.3275 4.9837 0.0478
56778.3170 5.1017 0.0470
56776.4795 5.0224 0.0447
56781.3691 4.8873 0.0522
57223.3832 5.7210 0.0398
57134.4907 6.0097 0.0433
56751.3634 5.4435 0.0463
57433.5460 5.7892 0.0356
56835.3395 5.2692 0.0425
53462.5008 4.0413 0.0698
57508.4284 5.6233 0.0375
57216.2975 5.7876 0.0388
56772.5585 5.1227 0.0524
56722.4684 5.5068 0.0441
57160.5054 5.9991 0.0424
57542.3791 5.6057 0.0355
56715.5711 5.5948 0.0420
56712.4997 5.4700 0.0447
57220.2845 5.8388 0.0404
56841.3393 5.2812 0.0487
56839.3341 5.3503 0.0485
57520.3333 5.6099 0.0416
57479.5663 5.7932 0.0419
56803.4885 4.8843 0.0561
56837.3417 5.2424 0.0446
57492.5660 5.9842 0.0412
57157.4650 6.1066 0.0431
56811.4533 4.9635 0.0425
56783.3659 5.0630 0.0552
57166.3513 5.7693 0.0483
57191.4518 3.9857 0.0461
56809.4782 4.7914 0.0750
54531.5865 5.9215 0.0204
57105.5730 5.9073 0.0626
56805.4316 4.9965 0.0645
57123.5713 5.6185 0.0821
56741.6293 5.0548 0.0891
56744.5368 5.0472 0.0680
53586.3006 6.5035 0.0269
53583.3112 6.4819 0.0249
57078.4898 5.6720 0.0539
53911.3432 6.5785 0.0320
54570.4347 5.4422 0.0376
53149.3393 7.3803 0.0308
53200.2732 7.1294 0.0298
57104.5182 5.8027 0.0615
54563.5010 5.9934 0.0307
53578.3495 6.5008 0.0383
54600.4522 5.7285 0.0661
53500.3222 6.5934 0.0309
53146.4983 7.2175 0.0336
54183.5127 5.4673 0.0308
54144.5953 5.3607 0.0304
53551.3354 6.6682 0.0303
53175.3909 7.2385 0.0320
54535.5140 5.9131 0.0280
53769.6130 6.4767 0.0298
53772.6330 6.3532 0.0318
53473.5943 1.8512 0.0263
54179.5284 5.5367 0.0292
53121.5197 7.0756 0.0300
53446.5389 6.2173 0.0298
54594.4590 5.7652 0.0290
54561.4302 6.0444 0.0316
54176.5705 5.5780 0.0296
54538.5835 5.9738 0.0331
54588.5585 5.7345 0.0381
53165.4164 7.3212 0.0308
53195.3552 7.2197 0.0316
53743.6423 6.6175 0.0285
54620.3618 5.4473 0.0533
53495.4458 6.6186 0.0320
53502.3944 6.2398 0.0329
57185.4850 5.5849 0.1220
53553.4206 6.4752 0.0322
54528.5284 5.9220 0.0262
54597.4575 5.7408 0.0281
53117.4928 7.1619 0.0311
54524.5330 5.6930 0.0393
54186.5147 5.1598 0.0482
54557.5518 5.5251 0.0292
53138.4683 6.8197 0.0314
53411.6304 6.4381 0.0296
54591.3926 5.7693 0.0280
53766.6236 6.3744 0.0299
53178.3815 7.2311 0.0308
