56743.5383 7.4745 0.0467
53475.5639 5.0964 0.0094
57420.5617 7.6480 0.0442
56744.5188 7.2967 0.0486
56833.3288 6.3087 0.0451
56837.3245 6.2779 0.0467
57191.4328 7.2298 0.0419
56831.3199 6.3737 0.0440
57223.3660 7.8046 0.0428
56712.4835 7.6649 0.0487
56722.4512 7.6406 0.0480
56807.2931 6.6739 0.0503
56723.4935 7.4682 0.0530
57185.4654 7.5081 0.0458
57433.5303 7.7150 0.0393
56839.3166 6.3935 0.0494
56801.3488 6.6595 0.0479
57520.3156 8.7954 0.0479
56811.4368 6.5035 0.0442
57194.4128 7.3444 0.0413
56798.4255 6.7616 0.0441
56715.5548 7.7787 0.0461
57160.3693 7.4441 0.0384
57547.3970 7.9075 0.0404
57213.2908 7.8575 0.0391
56835.3225 6.3775 0.0440
56751.3471 7.4095 0.0516
57157.4471 7.5398 0.0451
57567.2983 9.5377 0.0513
57104.4669 7.5959 0.0685
57216.2790 7.9131 0.0476
57220.2666 7.7238 0.0463
56741.6134 7.4575 0.0879
57542.3624 9.0824 0.0591
57134.4738 7.8013 0.0685
57492.5472 7.6115 0.0591
56776.4622 7.2410 0.0672
56772.5395 7.2647 0.0857
56780.3093 7.0758 0.0746
56778.2997 7.0728 0.0696
57123.5435 8.0529 0.0792
56783.3448 6.7887 0.0821
57459.5499 7.6472 0.0593
56805.4124 6.6892 0.0688
57508.4116 8.1658 0.0578
56781.3519 7.0849 0.0756
56841.3201 6.2289 0.0755
56803.4657 6.6077 0.0750
57479.5481 7.1794 0.0690
57166.3310 7.7451 0.0753
56809.4585 6.5267 0.0692
57133.5998 7.9362 0.1136
54620.3631 6.3538 0.0558
53467.5113 5.2203 0.0190
