57420.5582 1.4905 0.0277
53496.3516 3.0666 0.0081
56811.4368 1.2915 0.0349
56780.3104 1.3273 0.0446
56833.3288 1.4826 0.0367
56807.2931 1.3219 0.0399
57479.5491 1.6574 0.0384
56712.4835 1.2390 0.0382
56778.3007 1.3173 0.0396
56837.3245 1.4771 0.0383
57567.2988 1.6535 0.0303
56776.4632 1.2300 0.0384
57191.4328 1.2605 0.0328
56831.3199 1.5196 0.0352
57216.2792 1.3051 0.0313
56839.3166 1.3661 0.0404
57223.3660 1.3389 0.0325
56841.3211 1.4058 0.0461
57194.4128 1.3257 0.0317
56744.5188 1.1002 0.0382
57542.3634 1.6622 0.0303
56805.4134 1.2678 0.0395
57508.4126 1.6060 0.0305
57185.4654 1.4390 0.0374
56781.3529 1.3979 0.0449
57433.5303 1.5388 0.0284
56801.3488 1.2441 0.0388
57492.5483 1.7277 0.0362
57520.3156 1.5942 0.0391
57220.2668 1.2164 0.0312
56809.4595 1.3284 0.0392
56803.4668 1.1770 0.0449
56798.4255 1.2360 0.0346
56783.3458 1.3127 0.0499
56715.5548 0.9856 0.0344
57160.3693 1.4097 0.0285
57547.3970 1.6938 0.0297
57213.2908 1.3899 0.0286
56722.4512 1.1319 0.0369
56835.3225 1.4160 0.0350
56751.3471 1.1500 0.0417
57157.4471 1.4212 0.0359
56723.4933 1.1043 0.0436
57123.5441 1.4700 0.0632
56743.5348 1.1066 0.0447
56772.5412 1.2618 0.0520
57104.4669 1.5888 0.0567
52793.2667 2.6868 0.0284
57133.6028 1.4006 0.0492
56741.6030 1.0620 0.0466
57459.5499 1.5566 0.0450
57134.4738 1.3447 0.0539
57166.3310 1.3228 0.0615
53388.6169 2.8713 0.0198
54620.3631 3.2922 0.0465
