56743.5069 3.3565 0.0307
57420.5495 4.0031 0.0332
53475.5639 3.2905 0.0090
57567.2958 3.9224 0.0401
57508.4044 4.2078 0.0384
56776.4550 3.5120 0.0462
56780.3019 3.5027 0.0521
56803.4007 3.5248 0.0509
56831.3117 3.6500 0.0422
56778.2926 3.5864 0.0491
56835.3144 3.5391 0.0416
57542.3556 4.1162 0.0363
57547.3894 4.0976 0.0363
56723.4853 3.4328 0.0453
56741.5892 3.4128 0.0624
56805.4052 3.7435 0.0455
57433.5227 4.1876 0.0352
56839.3084 3.5943 0.0472
57459.5423 4.3540 0.0395
57160.3607 4.5880 0.0364
56712.4754 3.2719 0.0457
57133.4154 4.5297 0.0389
57194.4042 4.0597 0.0380
56715.5467 3.4045 0.0433
57157.4382 4.5375 0.0431
56744.5487 3.2835 0.0484
56781.3448 3.6294 0.0546
56841.3128 3.5199 0.0514
57216.2706 4.1214 0.0378
57223.3574 4.1971 0.0389
56751.3388 3.4234 0.0507
56837.3164 3.5562 0.0441
56833.3206 3.4468 0.0426
57479.5414 4.2008 0.0412
57213.2820 4.1718 0.0349
56722.4431 3.3661 0.0451
57078.4375 4.3347 0.0466
57220.2575 4.1389 0.0440
56772.5313 3.5726 0.0534
56801.3407 3.6663 0.0474
57520.3067 4.0179 0.0429
56809.4513 3.6474 0.0463
56783.3361 3.6349 0.0571
56798.4174 3.7478 0.0419
56807.2850 3.6645 0.0445
56811.4286 3.6259 0.0415
57492.5382 4.1834 0.0513
57185.4561 4.2475 0.0525
57191.4231 4.0975 0.0485
57460.4772 4.5174 0.0944
57195.4008 4.1449 0.0601
53883.4566 2.4752 0.0116
57166.3209 4.4018 0.0773
57123.5324 4.5933 0.0784
57105.5603 4.2630 0.0603
57134.4685 4.6224 0.0685
56721.5940 3.2378 0.1235
57104.4590 4.3823 0.0762
53467.5113 3.3572 0.0178
54620.3656 2.4805 0.0448
53770.6182 2.7240 0.0244
