57420.5741 6.3747 0.0233
56741.6261 7.1578 0.0466
57157.4628 6.3007 0.0310
57433.5438 6.7946 0.0275
56772.5563 6.4160 0.0388
56783.3638 6.2943 0.0405
57492.5638 6.7125 0.0301
56744.5338 7.2081 0.0366
56801.3671 6.3536 0.0385
56798.4402 6.2104 0.0327
56781.3671 6.4692 0.0383
56780.3253 6.4045 0.0357
57547.4106 6.3009 0.0278
57479.5641 6.7668 0.0310
56751.3614 7.0248 0.0355
56776.4775 6.5837 0.0340
56778.3149 6.4985 0.0357
57542.3772 6.3801 0.0273
57160.4866 6.3735 0.0325
56833.3463 6.0568 0.0371
57166.3484 6.2323 0.0367
56807.3086 6.3941 0.0397
56805.4296 6.4094 0.0398
57216.2961 6.4637 0.0337
57223.3821 6.5137 0.0340
57508.4274 6.7248 0.0334
57520.3322 6.6908 0.0356
57213.3068 6.5466 0.0311
56712.4987 7.1568 0.0397
56839.3331 5.9916 0.0410
56835.3385 6.0777 0.0368
56841.3382 6.0020 0.0411
56809.4761 6.2565 0.0432
56837.3407 6.0821 0.0385
57134.4895 6.5410 0.0360
56811.4523 6.3630 0.0375
56831.3353 6.0760 0.0363
57191.4505 6.4099 0.0346
57220.2834 6.5893 0.0346
56723.5087 7.4089 0.0416
56715.5701 7.2725 0.0373
56722.4674 7.3123 0.0392
52814.3124 5.8177 0.0099
57078.4874 6.9283 0.0361
56803.4877 6.3866 0.0541
57123.5698 6.5094 0.0574
57185.4829 6.2891 0.0536
57105.5725 6.5891 0.0537
57104.5165 6.7163 0.0543
54620.3618 4.8567 0.0502
