52730.5705 6.3235 0.0276
53462.4886 7.2119 0.0565
53847.5741 5.0058 0.0411
53911.3288 4.8709 0.0182
53851.4182 4.9492 0.0157
56801.3749 5.6416 0.0304
53853.4352 4.9382 0.0159
53586.2942 5.9275 0.0120
53524.3013 6.8402 0.0109
54186.5147 4.7550 0.0169
52698.6084 6.7537 0.0124
54531.5740 4.3994 0.0093
57420.5809 6.6496 0.0333
53466.6127 7.0438 0.0124
52710.6200 6.5526 0.0145
53583.3046 5.9763 0.0127
54570.4284 4.2015 0.0223
53799.4817 5.4890 0.0180
52817.2960 6.8420 0.0267
54262.4012 4.7453 0.0132
54176.5505 4.3467 0.0121
54209.4929 4.6584 0.0116
54624.3824 4.6714 0.0117
57191.4580 5.9071 0.0371
53505.3888 6.8887 0.0184
56833.3526 6.1203 0.0387
53769.6082 5.5099 0.0120
54561.4254 4.1205 0.0114
53146.4901 6.9067 0.0143
54151.6503 4.7805 0.0137
54153.5968 4.7899 0.0130
54117.6461 5.0864 0.0119
54524.5266 4.4490 0.0180
53553.4142 6.6008 0.0141
54144.5888 4.7073 0.0128
53578.3431 6.0500 0.0177
53411.6236 7.8489 0.0138
54511.5807 4.5310 0.0103
54213.5722 4.6290 0.0150
54614.3924 4.5498 0.0129
53936.3074 4.5816 0.0130
54255.3352 4.8391 0.0174
54600.4459 4.4839 0.0279
53446.5324 7.1703 0.0137
54621.4059 4.6361 0.0122
52790.4028 6.5269 0.1316
54266.2923 4.7393 0.0126
54557.5455 4.1005 0.0122
54234.4877 4.6699 0.0124
53859.3669 4.8872 0.0162
53200.2667 6.2516 0.0136
53473.5879 6.9694 0.0153
53121.5132 6.3186 0.0132
54591.3863 4.4616 0.0116
54179.5219 4.9648 0.0125
54563.4941 4.1013 0.0127
52813.3474 6.8040 0.0167
54588.5522 4.3992 0.0160
53175.3845 6.4214 0.0135
53883.3893 5.0183 0.0137
53109.5778 6.0811 0.0177
54183.5063 4.8665 0.0133
53551.3290 6.6829 0.0134
53939.3067 4.5885 0.0130
53875.3594 4.9514 0.0125
53772.6264 5.5174 0.0140
52792.4193 6.6754 0.0219
54201.4537 4.6238 0.0130
53527.3526 6.8969 0.0135
54535.5077 4.3523 0.0114
53943.3027 4.6806 0.0132
54259.3128 4.7674 0.0118
53138.4614 6.8366 0.0145
53469.5188 7.0327 0.0140
53178.3751 6.3795 0.0133
53149.3330 6.9621 0.0135
53906.3684 4.9747 0.0149
52722.5967 6.3889 0.0249
53390.6489 7.8411 0.0146
53531.3615 6.8532 0.0139
53916.3248 4.8314 0.0160
53117.4850 6.2463 0.0131
53766.6170 5.4836 0.0127
53495.4394 6.9926 0.0143
52815.2953 6.8973 0.0100
53855.4161 4.9473 0.0129
54124.6309 5.0176 0.0122
54205.4858 4.5787 0.0138
54594.4526 4.4306 0.0119
53165.4100 6.6517 0.0133
54618.4140 4.5851 0.0120
53195.3465 6.3049 0.0132
53743.6336 5.8332 0.0122
54229.4787 4.6901 0.0197
53518.4479 6.8650 0.0255
54538.5772 4.3065 0.0136
54113.6612 5.1151 0.0157
53083.6071 6.0064 0.0138
53502.3879 6.9556 0.0147
54597.4509 4.4772 0.0118
53892.3770 4.9955 0.0227
54120.6630 5.0949 0.0159
53879.3083 5.0040 0.0135
53500.3158 7.0163 0.0139
53888.4064 5.0046 0.0141
54528.5221 4.4783 0.0107
56712.5038 5.5154 0.0459
52791.4573 6.6827 0.0225
56751.3675 5.4660 0.0471
52721.6238 6.3631 0.0331
57433.5504 6.6317 0.0384
56744.5399 5.5289 0.0495
56837.3458 6.1818 0.0475
56772.5627 5.4245 0.0544
57220.2890 6.3533 0.0400
57542.3828 6.2627 0.0379
57520.3376 5.9537 0.0424
57216.3027 6.2472 0.0409
56715.5752 5.5321 0.0429
56839.3381 6.2387 0.0520
56811.4574 5.8115 0.0450
56741.6340 5.3975 0.0648
56783.3699 5.2940 0.0559
56723.5137 5.7109 0.0474
56798.4478 5.6429 0.0485
57547.4163 6.3853 0.0398
57213.3122 6.3356 0.0374
56805.4347 5.8579 0.0483
56831.3404 6.1683 0.0443
57134.4954 6.4429 0.0429
56807.3136 5.9124 0.0449
56778.3210 5.4763 0.0488
56780.3316 5.5594 0.0486
56841.3435 6.2052 0.0507
56781.3732 5.4831 0.0510
57123.5755 6.6132 0.0569
56776.4836 5.3780 0.0452
56722.4730 5.6243 0.0474
57508.4323 6.1449 0.0401
56809.4820 5.7818 0.0504
57492.5703 6.1030 0.0430
57479.5706 6.2575 0.0430
57223.3876 6.4261 0.0414
56835.3435 6.1606 0.0449
53463.5851 7.1192 0.0241
53523.4194 6.8550 0.0213
56803.4932 5.6816 0.0742
53563.3393 6.2041 0.0263
57157.4700 6.0647 0.0475
57166.3553 6.1750 0.0529
54620.3574 4.6041 0.0382
57160.5099 6.0509 0.0594
57078.4942 7.3081 0.0613
57185.4913 5.9999 0.0629
53890.4800 4.9710 0.0712
53198.3064 6.2548 0.0989
57105.5754 6.6743 0.0959
54619.3119 4.2008 0.0661
57104.5235 6.8788 0.0874
