57420.5670 4.3728 0.0452
57492.5594 4.5500 0.0287
57508.4234 3.9775 0.0310
57479.5609 3.9108 0.0338
57547.4078 4.6168 0.0306
57433.5407 4.4493 0.0295
57520.3278 4.4718 0.0349
57542.3742 4.5282 0.0301
56783.3558 4.5513 0.0589
56772.5497 4.5150 0.0521
56776.4714 4.5769 0.0447
56778.3088 4.4435 0.0470
56780.3187 4.5071 0.0485
56781.3610 4.6054 0.0522
56841.3295 5.0229 0.0508
57223.3767 4.3980 0.0800
56833.3438 4.4893 0.0531
57191.4488 4.3042 0.0500
57567.3087 4.4531 0.0534
52814.3148 4.5817 0.0123
57134.4881 4.3125 0.0532
56798.4351 4.6425 0.0605
56751.3563 4.6864 0.0668
57220.2765 4.2213 0.0567
56839.3258 4.5497 0.0671
57123.5590 4.3755 0.0792
56837.3344 4.6123 0.0636
56809.4696 4.5945 0.0675
56811.4461 4.5244 0.0608
56803.4782 4.3657 0.0777
56741.6154 4.6334 0.0869
56744.5287 4.6156 0.0672
57216.2889 4.2313 0.0513
56722.4613 4.6958 0.0619
56715.5640 4.5379 0.0594
57078.4830 3.1188 0.0482
56807.3023 4.5892 0.0623
56835.3316 4.6209 0.0606
56712.4926 4.4933 0.0633
57160.3789 4.1652 0.0489
57157.4572 4.3005 0.0550
56831.3291 4.5442 0.0595
56723.5026 4.4734 0.0656
56801.3580 4.6846 0.0645
56805.4233 4.5916 0.0658
57105.5696 4.3227 0.0845
57185.4767 4.3961 0.0642
57213.2999 4.2891 0.0783
57166.3419 4.4746 0.0958
53770.6220 4.5167 0.0292
57104.4950 4.3194 0.0578
54620.3581 4.7971 0.0516
