57420.5763 2.1877 0.0291
56801.3688 2.4999 0.0403
52814.3124 2.9812 0.0090
56833.3478 2.2424 0.0384
56744.5358 2.4853 0.0450
56776.4795 2.2388 0.0410
56772.5585 2.7249 0.0493
56723.5097 2.6169 0.0435
56781.3691 1.9865 0.0480
57123.5698 2.1254 0.0545
56831.3363 2.2914 0.0373
57213.3079 2.1091 0.0305
57223.3832 1.9712 0.0345
57134.4907 2.2464 0.0385
56798.4422 2.4579 0.0407
56722.4684 2.6864 0.0406
56839.3341 2.2318 0.0438
57160.5054 2.1864 0.0374
56751.3634 2.4587 0.0425
56805.4306 2.2839 0.0411
57520.3333 1.9052 0.0375
57542.3791 2.5445 0.0312
56809.4772 2.3355 0.0468
57479.5663 2.4699 0.0381
56803.4885 2.4157 0.0526
56837.3417 2.2781 0.0401
57433.5460 2.4500 0.0307
56835.3395 2.3467 0.0380
57547.4125 2.4098 0.0322
57492.5660 2.5078 0.0364
56715.5711 2.6284 0.0382
57191.4517 2.0248 0.0361
56741.6278 2.4882 0.0613
56712.4997 2.6704 0.0415
56778.3170 2.0411 0.0425
57220.2845 2.0047 0.0349
57157.4650 2.1508 0.0379
56807.3096 2.3961 0.0419
56811.4533 2.3879 0.0385
56841.3393 2.3709 0.0446
57508.4284 2.3731 0.0328
57216.2975 1.9499 0.0329
56783.3659 1.9286 0.0512
57185.4838 2.1245 0.0527
57166.3513 2.1272 0.0430
56780.3265 2.6004 0.0627
57078.4898 2.5379 0.0479
57105.5730 2.4329 0.0554
57104.5182 2.3840 0.0527
54620.3618 2.6241 0.0456
