53462.4886 70.9486 0.0715
53847.5732 59.7119 0.0850
53911.3288 63.4595 0.0356
53851.4182 61.0346 0.0315
56743.5064 65.5305 0.0639
52730.5552 66.0773 0.0875
53853.4352 60.9371 0.0318
53586.2942 72.9506 0.0291
53524.3013 72.2666 0.0266
54186.5147 73.9299 0.0334
52698.6084 66.3352 0.0280
54531.5740 78.7530 0.0286
57420.5495 75.1201 0.0704
53466.6127 72.9403 0.0296
52710.6200 64.8164 0.0330
53583.3046 72.9851 0.0327
54570.4284 76.4063 0.0391
53799.4817 59.7086 0.0398
52817.2960 63.3542 0.0609
54262.4012 77.6175 0.0352
54176.5505 61.6011 0.0308
54209.4929 74.7273 0.0338
54624.3824 78.6929 0.0354
53505.3888 72.9717 0.0364
53769.6082 60.4033 0.0315
54561.4254 75.6579 0.0344
53146.4901 72.5843 0.0349
54151.6503 73.3660 0.0384
54153.5968 73.3679 0.0380
54117.6461 72.1998 0.0349
54213.5722 74.3473 0.0402
54524.5266 78.0785 0.0393
53553.4142 73.6355 0.0371
54144.5888 72.8216 0.0364
53578.3431 72.0122 0.0425
53411.6236 73.7002 0.0353
54511.5807 79.0689 0.0340
54614.3924 78.5813 0.0382
53936.3074 64.2340 0.0355
54255.3352 78.1733 0.0378
54600.4459 79.8091 0.0450
53200.2667 74.4890 0.0348
54621.4059 79.1105 0.0376
52790.4028 62.6171 0.1576
54266.2923 78.5973 0.0367
54557.5455 76.4269 0.0365
54234.4877 76.3716 0.0363
53859.3669 61.9783 0.0344
53473.5879 72.1154 0.0368
53121.5132 72.1667 0.0344
54591.3863 78.5315 0.0356
54179.5219 74.1678 0.0357
54563.4941 76.5817 0.0371
52813.3474 63.0252 0.0391
54588.5522 77.1950 0.0409
53175.3845 74.8885 0.0358
53883.3893 62.6232 0.0351
54183.5063 73.6382 0.0371
53551.3290 75.1524 0.0354
53939.3067 64.4813 0.0353
57567.2958 58.9972 0.0893
53875.3594 62.9044 0.0341
53772.6264 60.9443 0.0353
52792.4193 63.0579 0.0461
54201.4537 74.7778 0.0369
53527.3526 74.7636 0.0350
54535.5077 78.7734 0.0361
53446.5324 73.3908 0.0351
53943.3027 64.4092 0.0362
54259.3128 77.5154 0.0361
53138.4614 71.9179 0.0355
53109.5778 68.6313 0.0390
53469.5188 72.3440 0.0356
53178.3751 75.1283 0.0347
53149.3330 74.9703 0.0334
53906.3684 62.7217 0.0381
52722.5967 64.8819 0.0434
53390.6489 74.0717 0.0357
53531.3615 73.9809 0.0360
53916.3248 63.9176 0.0382
53117.4850 71.1591 0.0342
53766.6170 60.6547 0.0337
53495.4394 72.7283 0.0361
52815.2953 64.9056 0.0228
54597.4509 78.6369 0.0364
53855.4161 61.9079 0.0335
54124.6309 72.5664 0.0355
54205.4858 74.2638 0.0378
54594.4526 78.1659 0.0368
53165.4100 75.3352 0.0344
54618.4140 79.5465 0.0362
53195.3465 74.0516 0.0348
53743.6336 63.1308 0.0330
54229.4787 75.5471 0.0405
53518.4479 72.9755 0.0427
54538.5772 78.2551 0.0402
54113.6612 71.3328 0.0355
53083.6071 69.5184 0.0352
53502.3879 73.6394 0.0354
53892.3770 63.9983 0.0387
54120.6630 72.1423 0.0377
53879.3083 62.8427 0.0350
53500.3158 73.3142 0.0347
53888.4064 63.1391 0.0346
54528.5221 79.8210 0.0341
52791.4573 62.9461 0.0471
52721.6238 64.4579 0.0525
56741.5892 65.8913 0.1062
56811.4286 67.7789 0.0980
57213.2820 81.4582 0.0950
56776.4550 67.6156 0.1025
56841.3128 66.5669 0.1001
57216.2706 80.9904 0.1010
56772.5313 67.0850 0.1018
56783.3361 67.3318 0.1032
56780.3019 66.3757 0.1039
57433.5227 77.8490 0.0961
57459.5423 75.5911 0.1008
57160.3607 82.9894 0.0964
57547.3894 75.6903 0.0987
56744.5487 66.3775 0.1030
56781.3448 67.3559 0.1065
57223.3574 80.3030 0.0991
56837.3164 67.2580 0.1000
56722.4431 65.9201 0.1009
56809.4513 67.9707 0.1044
56798.4174 67.9294 0.0968
56835.3144 67.6651 0.0988
56803.4007 67.4534 0.1067
56831.3117 67.7882 0.0999
56712.4754 65.7162 0.1003
57520.3067 77.5324 0.0927
56805.4052 67.4205 0.1017
56807.2850 67.7080 0.1045
57078.4375 81.0909 0.0967
57479.5414 77.9631 0.0932
56801.3407 67.3908 0.1028
57508.4044 77.7779 0.1016
57194.4042 81.6668 0.0985
56778.2926 66.7762 0.1046
56751.3388 65.8808 0.1026
57133.4154 82.9563 0.0982
56715.5467 66.3275 0.0995
57157.4382 82.9006 0.1035
53463.5851 70.7942 0.0486
56833.3206 67.4430 0.0991
57220.2575 80.8208 0.0925
57542.3556 75.6695 0.0987
56723.4853 66.2453 0.1006
56839.3084 66.8081 0.1021
53523.4194 73.3419 0.0480
54620.3602 79.3093 0.0911
53563.3393 71.8791 0.0566
57185.4561 82.5689 0.1222
57492.5382 79.1405 0.1269
57191.4231 82.9607 0.1226
57166.3209 82.6587 0.1639
57460.4772 75.3175 0.1987
57134.4685 83.5455 0.1618
57123.5324 82.7670 0.1402
57195.4008 81.4787 0.1541
57105.5603 83.0247 0.1553
53890.4800 61.6210 0.1757
56721.5940 66.6766 0.2526
53198.3064 73.5010 0.1746
57104.4590 83.2768 0.2072
54619.3119 1.1690 0.0608
