52814.3124 3.2639 0.0089
57420.5641 2.9930 0.0428
56833.3407 2.2619 0.0377
56831.3281 2.5840 0.0391
56744.5276 3.2498 0.0452
56835.3306 2.1913 0.0390
56837.3334 1.8573 0.0408
56839.3248 2.1524 0.0442
56801.3570 2.6982 0.0435
57134.4860 2.5024 0.0423
56722.4603 2.9305 0.0416
56751.3553 2.9451 0.0453
56807.3013 2.9648 0.0408
56841.3295 2.6487 0.0486
57191.4488 2.9064 0.0494
56723.5017 2.1913 0.0512
56712.4921 2.7062 0.0476
57542.3721 3.3469 0.0484
57220.2765 2.7749 0.0555
57123.5590 2.8180 0.0804
56811.4461 2.5357 0.0583
57567.3083 3.5291 0.0606
56809.4696 2.8453 0.0659
57492.5583 3.0856 0.0552
56803.4782 2.5531 0.0769
57479.5587 3.2161 0.0579
56778.3099 2.8093 0.0655
56741.6154 2.9093 0.0873
56783.3584 3.0109 0.0869
56780.3197 2.7984 0.0672
56776.4725 2.8685 0.0610
57520.3257 3.1374 0.0581
57216.2889 2.9425 0.0502
56781.3621 2.8568 0.0725
56798.4351 2.6376 0.0581
57223.3757 2.8534 0.0532
57547.4059 3.3478 0.0498
57160.3789 2.9220 0.0478
57078.4806 2.8115 0.0517
57433.5388 3.0733 0.0470
56772.5509 3.0044 0.0734
57157.4572 2.8889 0.0541
56715.5640 2.9568 0.0579
57508.4214 3.2719 0.0533
56805.4233 2.9268 0.0645
57105.5696 2.8182 0.0828
57185.4767 3.0238 0.0632
57213.2999 2.8541 0.0763
57166.3419 2.9779 0.0955
57104.4950 2.7909 0.0554
54620.3581 3.4888 0.0492
