53462.4914 2.5107 0.0276
53847.5729 2.3799 0.0253
56743.5069 4.0912 0.0279
53911.3288 2.3906 0.0178
57420.5596 3.1311 0.0249
53851.4182 2.4423 0.0152
52730.5552 2.2899 0.0345
53853.4352 2.4497 0.0154
53586.2942 2.4591 0.0109
53524.3013 2.6717 0.0094
54186.5147 2.5240 0.0163
52698.6084 2.3632 0.0102
56801.3662 3.0827 0.0317
54531.5740 2.4317 0.0084
57479.5560 4.2938 0.0282
53466.6127 2.5236 0.0107
52710.6200 2.3115 0.0124
57191.4431 4.1509 0.0324
53583.3046 2.4747 0.0112
57492.5565 4.1750 0.0308
57213.2917 4.1173 0.0271
56835.3237 3.4725 0.0315
56781.3540 3.3329 0.0397
56803.4313 2.8085 0.0403
57223.3671 3.7866 0.0299
56776.4642 3.3251 0.0339
54570.4284 2.4131 0.0221
57542.3644 4.5569 0.0289
56715.5558 3.6437 0.0322
53799.4817 2.4174 0.0168
56833.3299 3.5038 0.0321
52817.2960 2.2691 0.0229
56798.4272 1.9579 0.0311
56751.3480 4.3514 0.0379
54262.4012 2.5282 0.0123
57508.4134 3.6089 0.0288
56722.4526 3.9266 0.0347
54209.4929 2.5198 0.0106
56723.4945 3.8849 0.0348
54624.3824 2.3580 0.0105
57216.2810 3.8332 0.0293
56741.6036 4.1856 0.0487
56780.3114 3.2303 0.0377
57433.5316 3.4116 0.0264
54176.5493 2.8170 0.0118
56778.3017 3.2899 0.0363
56712.4845 3.8447 0.0346
53505.3888 2.5963 0.0171
56841.3226 4.0408 0.0390
56772.5414 3.5513 0.0409
57547.3981 5.2632 0.0302
56783.3470 3.2455 0.0429
57520.3166 3.4372 0.0325
56837.3258 3.6945 0.0337
56839.3179 3.7786 0.0365
53769.6082 2.4291 0.0105
54561.4254 2.3937 0.0106
57220.2676 3.7895 0.0320
56744.5454 4.4584 0.0377
56831.3209 3.4807 0.0315
53146.4901 2.5085 0.0120
54151.6503 2.4973 0.0125
54153.5968 2.4941 0.0117
54117.6461 2.5645 0.0105
54524.5266 2.4268 0.0173
53553.4142 2.5737 0.0119
54144.5888 2.4914 0.0117
53578.3431 2.4581 0.0159
53411.6236 2.3920 0.0108
54511.5807 2.3923 0.0091
54213.5722 2.5262 0.0140
53936.3074 2.4648 0.0121
54255.3352 2.5373 0.0167
54600.4459 2.4835 0.0276
53892.3770 2.5185 0.0222
53200.2667 2.3542 0.0114
54621.4059 2.4212 0.0110
54588.5522 2.4093 0.0151
54266.2923 2.5784 0.0115
54557.5455 2.3809 0.0113
54234.4877 2.5195 0.0114
53859.3669 2.5030 0.0154
53473.5879 2.5022 0.0132
53121.5132 2.4942 0.0112
56811.4398 2.8279 0.0345
54591.3863 2.4260 0.0105
54179.5219 2.6016 0.0113
54563.4941 2.3645 0.0118
52813.3474 2.3128 0.0140
57157.4443 4.4117 0.0348
53175.3845 2.3814 0.0110
53883.3893 2.4573 0.0125
53109.5778 2.3246 0.0157
54183.5063 2.5417 0.0121
53551.3290 2.6563 0.0113
53939.3067 2.4127 0.0121
57567.2958 5.3282 0.0402
53875.3594 2.4593 0.0112
53772.6264 2.3947 0.0124
52792.4193 2.2947 0.0193
54614.3924 2.3739 0.0117
54201.4537 2.5057 0.0120
54535.5077 2.4902 0.0105
53446.5324 2.5094 0.0112
53943.3027 2.3700 0.0121
54259.3128 2.5459 0.0107
53138.4614 2.4846 0.0122
53469.5188 2.4901 0.0116
53178.3751 2.3899 0.0108
53149.3330 2.5719 0.0112
53906.3684 2.4204 0.0137
52722.5967 2.2396 0.0232
53390.6489 2.3676 0.0117
53531.3615 2.6628 0.0117
53916.3248 2.4414 0.0151
53117.4850 2.4011 0.0109
53766.6170 2.4232 0.0110
53495.4394 2.5381 0.0119
53083.6071 2.3440 0.0117
54597.4509 2.4383 0.0108
53855.4161 2.4951 0.0117
54124.6309 2.5290 0.0109
54205.4858 2.4869 0.0129
54594.4526 2.4158 0.0108
53165.4100 2.4771 0.0109
54618.4140 2.4765 0.0109
53527.3526 2.7215 0.0114
53195.3465 2.3499 0.0109
53743.6336 2.5637 0.0105
54229.4787 2.4685 0.0190
53518.4479 2.6726 0.0245
54538.5772 2.4213 0.0126
54113.6612 2.6154 0.0148
53502.3879 2.6500 0.0127
57160.3902 4.4251 0.0327
54120.6630 2.5689 0.0148
53879.3083 2.4507 0.0122
53500.3158 2.6257 0.0117
53888.4064 2.4643 0.0131
57078.4623 3.7808 0.0393
54528.5221 2.4769 0.0096
52791.4573 2.3046 0.0199
52721.6238 2.2147 0.0315
56805.4199 2.7109 0.0417
56809.4665 2.7934 0.0442
57134.4814 4.4643 0.0421
56807.2993 3.0744 0.0403
57459.5423 3.1857 0.0354
52790.4020 2.3436 0.0383
57123.5533 4.2928 0.0535
57194.4042 4.2043 0.0356
57133.4154 3.8415 0.0355
53463.5851 2.4989 0.0218
53523.4194 2.6956 0.0192
54620.3602 2.3687 0.0280
53563.3393 2.5297 0.0241
57185.4561 4.2401 0.0487
57166.3318 4.4560 0.0575
57460.4772 3.0196 0.0833
52815.3025 2.3402 0.0129
57195.4008 4.2634 0.0564
57105.5603 4.5076 0.0569
56721.5940 2.4737 0.1071
53198.3064 2.1997 0.0929
57104.4590 3.5212 0.0688
53890.4800 2.3763 0.0676
53770.6182 2.3593 0.0234
