57420.5729 7.2494 0.0279
56801.3655 5.4721 0.0377
56741.6252 5.5442 0.0525
56833.3443 6.0014 0.0361
56783.3628 5.6852 0.0465
57547.4097 6.3645 0.0322
57542.3762 6.2464 0.0314
57220.2812 6.0055 0.0341
57157.4616 6.4153 0.0358
56776.4765 5.7875 0.0383
57216.2933 6.0380 0.0333
56811.4502 5.6782 0.0368
56831.3332 5.9874 0.0362
57508.4254 6.1666 0.0327
56723.5066 5.4879 0.0394
56715.5680 5.5615 0.0354
56837.3386 5.9999 0.0387
56841.3356 5.9264 0.0422
56809.4739 5.5314 0.0412
57479.5630 6.8565 0.0360
56839.3306 6.0287 0.0410
56805.4275 5.5231 0.0391
56722.4654 5.5197 0.0373
56807.3065 5.5151 0.0389
56835.3362 5.9499 0.0368
56772.5552 5.5013 0.0440
57223.3800 6.1590 0.0337
57492.5628 6.2919 0.0339
57520.3300 5.9921 0.0352
57213.3047 6.0152 0.0307
56744.5328 5.6669 0.0403
57134.4871 6.6525 0.0358
57433.5426 9.1705 0.0348
56780.3242 5.6177 0.0404
56798.4392 5.5378 0.0368
56781.3661 5.6747 0.0428
57191.4482 6.0371 0.0337
56751.3604 5.7899 0.0398
56712.4967 5.4611 0.0380
56778.3139 5.6309 0.0403
57160.4787 6.4615 0.0388
56803.4840 5.3298 0.0509
57166.3467 6.3648 0.0455
52814.3158 8.2268 0.0121
57123.5653 6.7446 0.0578
57185.4814 5.9461 0.0472
57078.4864 6.9732 0.0417
57104.5101 7.1755 0.0429
57105.5716 7.0641 0.0539
57567.3097 6.0810 0.1070
54620.3618 7.3469 0.0562
