57420.5741 1.6574 0.0203
56833.3460 1.5913 0.0260
56801.3649 1.7153 0.0296
56723.5077 1.6018 0.0295
57157.4628 1.3864 0.0257
56715.5691 1.6290 0.0258
57520.3311 1.9567 0.0269
56837.3397 1.5861 0.0281
56778.3149 1.7489 0.0302
56809.4750 1.5884 0.0317
57479.5641 1.7572 0.0264
56772.5563 1.7319 0.0343
56839.3317 1.5877 0.0303
56841.3368 1.5260 0.0316
56811.4513 1.6805 0.0268
56835.3373 1.6173 0.0264
56783.3638 1.7439 0.0366
57223.3811 1.4048 0.0237
57492.5638 1.8167 0.0245
56744.5338 1.6220 0.0304
57220.2823 1.3663 0.0238
57216.2948 1.3959 0.0229
56798.4402 1.7796 0.0278
56780.3253 1.7332 0.0307
56781.3671 1.7117 0.0332
57134.4883 1.3749 0.0255
56831.3342 1.6311 0.0258
56722.4664 1.7045 0.0278
57213.3058 1.4616 0.0210
57547.4106 1.7957 0.0219
56712.4977 1.7013 0.0284
56805.4285 1.7307 0.0292
56751.3614 1.6850 0.0295
56807.3075 1.7257 0.0285
57433.5438 1.7413 0.0209
57191.4493 1.3444 0.0242
56776.4775 1.6872 0.0283
57542.3772 1.7936 0.0213
57508.4264 1.7901 0.0229
56803.4857 1.6396 0.0392
57160.4866 1.3546 0.0267
57166.3484 1.3257 0.0313
56741.6258 1.6454 0.0431
57185.4821 1.3374 0.0393
57123.5685 1.3599 0.0445
52814.3124 1.2563 0.0081
57078.4873 1.4533 0.0304
57105.5720 1.2665 0.0366
57104.5101 1.3285 0.0323
57567.3097 1.6438 0.0884
54620.3618 1.3006 0.0401
