57420.5648 1.1868 0.0294
52814.3124 0.8724 0.0078
56833.3407 1.1758 0.0369
56837.3334 1.1161 0.0410
56831.3281 1.2419 0.0381
56783.3558 1.1496 0.0575
57520.3246 1.1229 0.0385
56805.4223 1.2092 0.0433
56723.5016 1.0097 0.0417
57157.4560 0.8864 0.0372
57542.3711 1.3516 0.0303
57160.3779 0.9458 0.0304
57479.5576 1.2987 0.0384
56776.4714 1.2177 0.0405
56798.4341 1.2250 0.0387
56835.3306 1.1480 0.0384
56803.4771 1.0700 0.0514
57492.5572 1.2842 0.0363
56809.4686 1.3053 0.0440
56839.3248 1.0917 0.0438
57216.2878 0.9517 0.0335
56778.3088 1.1912 0.0433
56801.3570 1.1116 0.0423
56780.3187 1.2242 0.0452
56744.5276 1.1029 0.0431
57433.5379 1.2892 0.0301
57223.3746 0.8874 0.0342
56715.5630 1.1710 0.0380
56781.3610 1.1965 0.0490
57220.2754 0.8491 0.0342
56811.4451 1.2999 0.0391
56722.4603 1.1360 0.0400
57508.4204 1.1402 0.0330
56751.3553 1.2026 0.0440
56807.3013 1.2387 0.0391
56841.3295 1.2445 0.0480
57567.3072 1.5799 0.0360
56712.4916 1.1370 0.0414
57547.4049 1.3918 0.0315
56772.5497 1.1275 0.0497
57123.5573 0.8097 0.0560
57213.2988 0.9134 0.0368
57191.4428 0.8522 0.0373
57134.4877 0.7852 0.0386
56741.6147 1.1492 0.0618
57104.4932 0.8196 0.0403
57166.3406 0.9214 0.0640
57185.4755 0.8232 0.0414
57078.4806 0.7965 0.0472
57105.5696 0.9698 0.0762
53941.3114 1.5220 0.0358
53770.6220 1.4409 0.0251
54620.3581 1.6633 0.0440
