57420.5648 1.9501 0.0285
57191.4456 1.5800 0.0324
56833.3407 1.7962 0.0359
57134.4846 1.9495 0.0366
56839.3248 1.4792 0.0421
56751.3553 1.8746 0.0428
56831.3281 1.6926 0.0366
56783.3558 1.6534 0.0560
57520.3246 2.5801 0.0384
56805.4223 1.6759 0.0418
56723.5016 1.8728 0.0410
57479.5576 2.3201 0.0378
57123.5575 1.8215 0.0536
57542.3711 2.5405 0.0305
57160.3779 1.7957 0.0300
57157.4560 1.7324 0.0366
56776.4714 1.7833 0.0394
56798.4341 1.6510 0.0373
56835.3306 1.5782 0.0371
56803.4771 1.6632 0.0497
56837.3334 1.6758 0.0398
57492.5572 2.5282 0.0363
56809.4686 1.6459 0.0421
56741.6140 1.8665 0.0591
57216.2878 1.5155 0.0324
56778.3088 1.7292 0.0419
56801.3570 1.6502 0.0411
56780.3187 1.6130 0.0436
56744.5276 1.8122 0.0423
57433.5379 2.0054 0.0294
57223.3746 1.5094 0.0334
56715.5630 1.9108 0.0373
53496.3532 2.4243 0.0086
56781.3610 1.7029 0.0474
57220.2754 1.3899 0.0330
56811.4451 1.7343 0.0377
56722.4603 1.8421 0.0391
57508.4204 2.5794 0.0335
56807.3013 1.5525 0.0371
56841.3295 1.6428 0.0465
57567.3072 2.6733 0.0358
56712.4916 1.9004 0.0405
57547.4049 2.5878 0.0315
56772.5497 1.7928 0.0481
57213.2988 1.4960 0.0356
52793.2667 2.1133 0.0275
57104.4873 1.5479 0.0410
57166.3406 1.5990 0.0621
57185.4755 1.5590 0.0408
57078.4806 1.5744 0.0460
57105.5696 1.7213 0.0746
53388.6169 2.5308 0.0192
53770.6220 1.8368 0.0250
54620.3581 1.4197 0.0414
