57420.5582 7.8811 0.0335
56743.5381 7.2148 0.0469
56741.6094 7.2330 0.0628
53496.3516 5.8718 0.0092
56811.4368 7.1773 0.0448
56780.3104 5.0408 0.0498
56833.3288 7.3074 0.0462
56807.2931 7.1269 0.0503
57479.5491 7.5177 0.0462
56712.4835 7.3436 0.0478
56778.3007 6.2207 0.0474
56837.3245 7.2693 0.0476
57220.2668 7.1199 0.0407
57567.2988 7.1522 0.0401
56776.4632 7.4901 0.0484
57191.4328 6.9953 0.0413
56831.3199 7.2516 0.0449
57216.2792 6.9458 0.0409
56839.3166 7.2334 0.0497
57223.3660 7.0761 0.0414
56841.3211 7.3256 0.0538
57194.4128 7.0114 0.0406
56744.5188 7.4189 0.0480
57542.3634 7.3560 0.0403
56723.4935 7.2606 0.0522
56805.4134 7.1846 0.0491
57508.4126 4.0187 0.0348
57185.4654 4.3394 0.0413
57433.5303 7.7776 0.0392
56801.3488 7.0462 0.0479
57492.5483 7.5255 0.0455
56772.5406 7.4473 0.0578
56809.4595 7.0841 0.0487
56803.4668 7.1587 0.0536
56798.4255 7.4081 0.0445
56783.3458 4.9300 0.0544
56715.5548 7.3168 0.0450
57160.3693 7.0343 0.0375
57547.3970 7.5421 0.0399
57213.2908 7.0529 0.0376
56722.4512 7.2356 0.0469
56835.3225 7.2963 0.0449
56751.3471 7.5084 0.0513
57157.4471 7.2333 0.0444
57123.5441 7.1610 0.0693
57104.4669 7.6812 0.0682
52793.2667 5.7637 0.0317
57133.6028 7.1938 0.0585
57520.3145 7.2606 0.0632
57459.5499 7.7648 0.0594
56781.3519 7.1747 0.0748
57134.4738 7.1181 0.0669
57166.3310 6.8681 0.0725
53388.6169 5.7242 0.0227
54620.3631 5.9965 0.0536
