52730.5705 1.7750 0.0245
53911.3288 1.4945 0.0168
53851.4182 1.5437 0.0144
53462.4865 1.4866 0.0212
53853.4352 1.6085 0.0146
53586.2942 1.3956 0.0102
53524.3013 1.3830 0.0086
54186.5147 1.0901 0.0158
53847.5758 1.5252 0.0210
54531.5740 1.1251 0.0076
53466.6127 1.4733 0.0100
52710.6200 1.7525 0.0122
53583.3046 1.3687 0.0104
54570.4284 1.2223 0.0217
53799.4817 1.3414 0.0155
52817.2960 1.7421 0.0223
54262.4012 1.0719 0.0112
54209.4929 1.0441 0.0094
54624.3824 1.2638 0.0095
53505.3888 1.4272 0.0164
56801.3688 1.3585 0.0395
53769.6082 1.2603 0.0093
54561.4254 1.1575 0.0096
54535.5077 1.1325 0.0093
54151.6503 1.1379 0.0113
54153.5968 1.1251 0.0104
54213.5722 1.0311 0.0127
54524.5266 1.0976 0.0167
53553.4142 1.3610 0.0108
54144.5888 1.1307 0.0105
53578.3431 1.3417 0.0149
53411.6236 1.5928 0.0101
54511.5807 1.1021 0.0080
54614.3924 1.2558 0.0107
54255.3352 1.0873 0.0160
54621.4059 1.2548 0.0099
54266.2923 1.0835 0.0103
54557.5455 1.1658 0.0103
54234.4877 1.0318 0.0101
53859.3669 1.5813 0.0148
53121.5132 1.7350 0.0106
54563.4941 1.1757 0.0109
52813.3474 1.7614 0.0135
54117.6461 1.1655 0.0092
54588.5522 1.3226 0.0144
53175.3845 1.6208 0.0103
53883.3893 1.5932 0.0115
53200.2667 1.6908 0.0110
53109.5778 1.7425 0.0155
53551.3290 1.3842 0.0102
53531.3615 1.3900 0.0107
53939.3067 1.4147 0.0109
53875.3594 1.5995 0.0102
56833.3478 1.5924 0.0388
52792.4193 1.7203 0.0187
54600.4459 1.2290 0.0272
53446.5324 1.5106 0.0105
53943.3027 1.3777 0.0109
54259.3128 1.0880 0.0093
53138.4614 1.7214 0.0116
53469.5188 1.4879 0.0108
53178.3751 1.6344 0.0103
53906.3684 1.5124 0.0125
52722.5967 1.7847 0.0233
53390.6489 1.6178 0.0111
53916.3248 1.4759 0.0140
53117.4850 1.7762 0.0105
53766.6170 1.2550 0.0097
53495.4394 1.4866 0.0110
53083.6071 1.7061 0.0113
52815.2953 1.7956 0.0078
53473.5879 1.5265 0.0124
54176.5642 1.1483 0.0103
54124.6309 1.1597 0.0096
54205.4858 1.0730 0.0116
54594.4526 1.2456 0.0097
53165.4100 1.6363 0.0102
54618.4140 1.2650 0.0099
53527.3526 1.3612 0.0102
54591.3863 1.2419 0.0095
53195.3465 1.6598 0.0104
53743.6336 1.2717 0.0092
54229.4787 1.0320 0.0184
53500.3158 1.4879 0.0109
53888.4064 1.5512 0.0122
53518.4479 1.4028 0.0240
54538.5772 1.1267 0.0115
54113.6612 1.1569 0.0140
53855.4161 1.5944 0.0107
53502.3879 1.4671 0.0118
54597.4509 1.2493 0.0097
53892.3770 1.6044 0.0216
54120.6630 1.1645 0.0140
53879.3083 1.5873 0.0112
54201.4537 1.1139 0.0107
53772.6264 1.2573 0.0112
54528.5221 1.1510 0.0086
52791.4573 1.7449 0.0194
56831.3363 1.4936 0.0370
52721.6238 1.7695 0.0318
56798.4422 1.3763 0.0403
56723.5097 1.5213 0.0421
56809.4772 1.4515 0.0469
57547.4125 1.6109 0.0308
56741.6278 1.5262 0.0614
53146.4912 1.6997 0.0128
56807.3096 1.3850 0.0413
56780.3275 1.3640 0.0439
56778.3170 1.4265 0.0428
56776.4795 1.4272 0.0403
56781.3691 1.5030 0.0490
57123.5698 1.6411 0.0556
57213.3079 1.6717 0.0304
53936.3082 1.4053 0.0121
57223.3832 1.6083 0.0345
57134.4907 1.6960 0.0383
54179.5227 1.1191 0.0112
56751.3634 1.4917 0.0420
56805.4306 1.4143 0.0408
57433.5460 1.2984 0.0288
56835.3395 1.5053 0.0376
57216.2975 1.6767 0.0330
56744.5358 1.4984 0.0440
56772.5585 1.4135 0.0489
52790.4020 1.7691 0.0376
57420.5750 1.6678 0.0408
56722.4684 1.6166 0.0393
57492.5660 1.7108 0.0356
54183.5071 1.1063 0.0122
57542.3791 1.6188 0.0297
53149.3338 1.7125 0.0120
56715.5711 1.4410 0.0364
56712.4997 1.5032 0.0400
57220.2845 1.6986 0.0348
56841.3393 1.5210 0.0449
56839.3341 1.5201 0.0440
57520.3333 1.5677 0.0378
57479.5663 1.6667 0.0379
56803.4885 1.4063 0.0529
56837.3417 1.6397 0.0401
57191.4517 1.7738 0.0364
57157.4650 1.6012 0.0377
57160.5054 1.7156 0.0372
56811.4533 1.4662 0.0381
53523.4194 1.3806 0.0178
56783.3659 1.3026 0.0521
57166.3513 1.7480 0.0439
54620.3589 1.2710 0.0249
53563.3393 1.3476 0.0230
57185.4838 1.7502 0.0531
53463.5877 1.4521 0.0239
57508.4274 1.6172 0.0438
57105.5730 1.6159 0.0540
57078.4898 1.5989 0.0460
53890.4800 1.6807 0.0613
52814.3053 1.7688 0.0197
53198.3064 1.7238 0.0910
54619.3119 1.1664 0.0566
57104.5182 1.7331 0.0505
