52730.5686 2.0062 0.0262
53853.4510 1.9571 0.0211
52710.6192 1.8614 0.0132
53847.5917 2.0721 0.0401
52722.5967 1.7850 0.0233
56833.3478 1.2112 0.0389
56801.3698 1.1864 0.0435
53911.3378 1.5301 0.0218
57420.5810 1.0454 0.0381
52817.2954 1.9640 0.0269
56723.5097 1.5068 0.0431
56831.3363 1.2391 0.0374
52721.6238 1.9753 0.0319
56809.4772 1.0824 0.0472
57160.5054 1.4887 0.0379
53851.4093 2.0042 0.0294
57547.4125 1.6451 0.0317
53462.5000 2.1581 0.0350
57213.3079 1.6052 0.0310
56807.3096 1.2813 0.0422
56712.4997 1.5194 0.0410
56780.3275 1.2782 0.0447
56778.3170 1.3845 0.0438
53583.3096 2.2665 0.0147
56776.4795 1.2845 0.0411
56781.3691 1.1310 0.0494
54186.5187 1.3731 0.0235
57123.5698 1.3260 0.0566
57479.5663 1.0757 0.0379
57223.3832 1.5695 0.0353
57134.4907 1.1177 0.0385
52813.3474 1.8210 0.0151
56751.3634 1.4827 0.0425
56805.4306 1.2826 0.0416
53586.2990 2.2886 0.0162
54531.5849 0.8864 0.0107
56835.3395 1.2435 0.0380
53466.6176 2.0648 0.0148
57216.2975 1.6236 0.0336
56744.5358 1.4156 0.0448
56772.5585 1.2856 0.0498
52790.4020 1.9777 0.0377
52814.3141 2.0390 0.0095
56722.4684 1.5492 0.0401
57542.3791 1.6444 0.0305
53524.3061 2.2658 0.0139
56715.5711 1.4410 0.0374
57220.2845 1.4895 0.0353
56841.3393 1.0982 0.0452
56839.3341 1.2115 0.0445
57520.3333 1.4959 0.0384
56837.3417 1.1454 0.0402
57492.5660 1.2086 0.0355
57191.4517 1.5435 0.0368
57157.4650 1.3159 0.0382
56811.4533 1.2365 0.0385
57508.4284 1.4257 0.0323
56783.3659 1.3327 0.0533
54597.4520 0.7087 0.0120
54570.4331 0.8270 0.0293
57166.3513 1.4235 0.0439
56803.4884 1.1207 0.0534
52792.4203 1.9211 0.0222
57185.4838 1.4442 0.0538
53799.4881 2.1920 0.0288
56741.6277 1.3199 0.0638
54209.4977 1.4063 0.0138
53149.3340 1.9149 0.0140
53178.3762 1.7621 0.0134
56798.4432 1.1375 0.0589
54229.4834 1.1914 0.0296
57433.5476 1.1764 0.0414
53527.3574 2.2760 0.0172
54528.5269 0.8849 0.0132
53518.4527 2.2389 0.0394
53855.4209 1.8890 0.0173
53195.3530 1.9787 0.0171
54535.5124 0.8569 0.0143
53888.4112 1.5246 0.0182
54113.6660 1.4112 0.0258
57105.5730 1.3945 0.0548
54151.6551 1.2377 0.0194
53943.3075 1.6156 0.0176
52791.4443 1.7342 0.0258
53446.5373 2.2375 0.0173
54557.5502 0.7549 0.0155
54511.5854 0.9659 0.0125
54120.6678 1.3191 0.0274
54144.5936 1.3023 0.0171
54563.4991 0.7726 0.0164
54594.4574 0.6795 0.0149
53743.6407 2.1157 0.0153
53121.5181 1.6916 0.0163
54213.5770 1.3296 0.0210
54117.6509 1.3762 0.0151
53892.3819 1.6537 0.0342
54614.3972 0.6405 0.0158
53531.3668 2.3229 0.0179
53772.6313 2.1929 0.0183
53502.3928 2.0995 0.0195
53469.5236 2.0388 0.0180
53165.4148 1.9370 0.0166
53553.4190 2.3384 0.0185
54259.3176 1.2603 0.0151
53473.5927 2.0520 0.0205
54262.4044 1.2820 0.0194
54179.5268 1.3986 0.0162
54201.4585 1.4237 0.0176
53175.3893 1.8860 0.0169
54183.5111 1.3558 0.0177
57078.4898 1.2596 0.0467
54234.4925 1.2394 0.0163
53883.3941 1.6520 0.0184
54153.6016 1.2161 0.0165
53766.6219 2.2132 0.0165
53117.4905 1.7203 0.0167
53936.3122 1.5426 0.0172
54255.3399 1.2762 0.0282
54524.5314 0.9191 0.0253
53875.3642 1.6406 0.0165
53146.4967 1.8236 0.0186
53411.6287 2.0579 0.0163
53138.4667 1.8000 0.0176
53500.3206 2.1229 0.0178
54205.4906 1.4197 0.0186
54591.3911 0.6969 0.0144
53859.3718 1.8455 0.0237
54621.4106 0.6483 0.0154
53769.6113 2.2149 0.0165
54561.4286 0.7538 0.0158
54124.6357 1.3378 0.0154
53939.3115 1.6731 0.0174
53906.3733 1.6257 0.0203
53390.6537 1.9249 0.0182
54176.5689 1.3558 0.0166
54266.2971 1.2902 0.0160
53551.3338 2.3927 0.0172
54538.5819 0.8050 0.0176
53879.3132 1.6401 0.0179
53578.3479 2.3622 0.0239
53916.3296 1.5840 0.0237
53505.3926 2.1527 0.0287
53495.4442 2.0233 0.0177
53200.2716 2.1240 0.0162
57104.5182 1.2383 0.0512
53083.6136 1.5053 0.0250
54624.3840 0.6558 0.0210
53109.5861 1.7166 0.0362
54618.4171 0.6493 0.0210
53523.4248 2.3433 0.0416
54588.5585 0.6735 0.0315
54620.3618 0.6919 0.0400
