53496.3484 1.5325 0.0083
52814.3088 0.8131 0.0091
57420.5463 1.5944 0.0439
56741.6023 1.5636 0.0786
57479.5308 1.5455 0.0467
52793.2667 1.0103 0.0268
56723.4823 1.6688 0.0571
57547.3866 1.5444 0.0432
57567.2875 1.6199 0.0449
56798.4137 1.7988 0.0522
57492.5351 1.3365 0.0459
57433.5198 1.6178 0.0427
57542.3528 1.6058 0.0429
57220.2523 1.3638 0.0873
57216.2674 1.4591 0.0442
56744.5454 1.7025 0.0547
56776.4519 1.7543 0.0583
56801.3374 1.6739 0.0581
56778.2895 1.7064 0.0614
57160.3575 1.4229 0.0428
56835.3113 1.8158 0.0519
56743.4968 1.7176 0.0629
57508.4013 1.4070 0.0434
56803.3973 1.6817 0.0615
57520.3033 1.3829 0.0538
56772.5279 1.5667 0.0660
56805.4020 1.7543 0.0535
57460.4752 1.6937 0.0531
56715.5436 1.6377 0.0549
56837.3116 1.7437 0.0550
56807.2819 1.8170 0.0546
56781.3417 1.6390 0.0712
56780.2988 1.6773 0.0660
56833.3175 1.7164 0.0528
56839.3052 1.7886 0.0581
56841.3094 1.6999 0.0657
56751.3357 1.6361 0.0667
56712.4724 1.5020 0.0573
56811.4254 1.6759 0.0512
56831.3086 1.7413 0.0522
56783.3329 1.7016 0.0723
57133.4122 1.3556 0.0467
57157.4348 1.3590 0.0498
56809.4482 1.8143 0.0584
57459.5392 1.5389 0.0460
56721.5924 1.4679 0.0637
57223.3541 1.5320 0.0467
57213.2788 1.3108 0.0411
57194.4010 1.3764 0.0449
57104.4558 1.4122 0.0450
57134.4671 1.3168 0.0783
57166.3176 1.5257 0.0918
57078.4234 1.2716 0.0516
53388.6169 1.1603 0.0178
57195.3993 1.3994 0.0727
57419.5273 1.6994 0.0967
57191.4194 1.5307 0.0805
56722.4406 1.4917 0.0898
57123.5290 1.3396 0.1240
