57420.5558 13.3734 0.0315
56803.4491 17.0347 0.0500
56743.5234 16.4662 0.0494
56741.6037 16.7778 0.0592
56837.3221 16.6663 0.0494
56722.4489 17.0433 0.0491
57157.4445 10.9648 0.0400
57160.3668 10.8929 0.0358
57433.5281 13.8672 0.0398
56772.5379 17.0211 0.0533
57567.2965 14.4232 0.0437
57479.5469 13.8361 0.0456
56805.4110 17.0848 0.0511
56839.3142 16.6540 0.0524
56781.3506 17.1626 0.0539
56780.3079 16.8854 0.0542
57194.4103 10.4387 0.0372
56751.3447 16.9666 0.0523
57185.4678 10.4210 0.0442
57223.3635 11.4845 0.0390
57542.3611 14.2581 0.0414
53475.5639 11.3259 0.0116
56783.3424 17.0449 0.0561
56776.4608 16.9729 0.0499
56811.4344 16.6025 0.0476
56801.3464 17.2669 0.0506
57547.3948 14.1195 0.0411
56831.3175 16.3730 0.0477
56833.3265 16.4357 0.0479
56778.2984 16.9701 0.0514
56798.4231 17.3284 0.0476
56841.3188 16.6842 0.0528
56712.4812 17.2346 0.0503
56807.2907 16.7629 0.0516
56744.5418 16.9278 0.0512
56715.5524 17.1002 0.0484
57508.4102 13.8113 0.0410
56723.4911 16.9610 0.0525
57213.2883 11.0501 0.0358
57216.2767 11.1551 0.0385
57220.2642 11.4130 0.0400
56835.3201 16.4669 0.0477
57520.3130 14.0755 0.0438
57133.5990 10.8040 0.0436
56809.4577 16.5527 0.0550
57492.5459 13.9775 0.0476
57459.5467 13.4098 0.0513
57134.4719 10.9016 0.0508
57078.4502 10.2984 0.0539
57191.4318 10.5586 0.0525
53883.4566 14.1806 0.0180
57123.5425 11.0606 0.1031
53884.4341 14.7852 0.0183
57195.4028 10.3052 0.0709
57166.3305 10.6959 0.0768
57104.4657 11.4213 0.1089
53467.5113 11.1014 0.0238
57105.5621 11.2139 0.1003
