57420.5625 3.9781 0.0311
56833.3397 3.0305 0.0334
56712.4876 2.7968 0.0417
56783.3499 2.8183 0.0528
56715.5589 2.9328 0.0392
57157.4515 3.1450 0.0387
56722.4562 2.7527 0.0407
56809.4644 3.0213 0.0455
56839.3207 2.9739 0.0438
56841.3254 3.1344 0.0485
56781.3570 2.7579 0.0475
56835.3266 3.0457 0.0396
56811.4410 3.0744 0.0403
56751.3512 2.7767 0.0447
56837.3290 2.9604 0.0423
57133.6087 3.1282 0.0486
57213.2951 3.0626 0.0330
57492.5529 3.9767 0.0380
57160.3736 3.1627 0.0332
57123.5514 3.2316 0.0528
57191.4374 3.2195 0.0397
56805.4182 2.9847 0.0440
56772.5452 2.8285 0.0507
56744.5234 2.7918 0.0422
57223.3703 2.9076 0.0361
57547.4010 3.4534 0.0346
57220.2711 2.8851 0.0360
56741.6082 2.7899 0.0582
56803.4723 2.9251 0.0482
57508.4165 3.8409 0.0374
56831.3240 2.9737 0.0393
57134.4821 3.1614 0.0449
56807.2972 2.9359 0.0419
57433.5341 4.3589 0.0354
56778.3048 2.2730 0.0429
56798.4301 2.9861 0.0392
56801.3529 2.9631 0.0434
57567.3029 3.5059 0.0392
56776.4673 2.7328 0.0425
57542.3673 3.8348 0.0346
57216.2834 2.9951 0.0354
57479.5533 4.2860 0.0414
57520.3201 3.6853 0.0423
56723.4975 2.9651 0.0433
53496.3516 3.3770 0.0108
56780.3147 2.2697 0.0549
57078.4761 3.5250 0.0464
57166.3371 3.2354 0.0460
52793.2647 3.3640 0.0328
57185.4719 3.3670 0.0632
57104.4732 3.2327 0.0736
