57420.5648 6.1089 0.0321
57191.4456 5.8040 0.0382
53496.3516 4.3807 0.0085
56833.3407 6.3110 0.0428
57134.4846 5.8351 0.0414
56839.3248 6.5881 0.0501
56751.3553 6.5556 0.0500
56831.3281 6.2664 0.0443
56783.3558 6.4699 0.0614
57520.3246 6.0259 0.0425
56805.4223 6.3793 0.0492
56723.5016 6.5235 0.0484
57479.5576 6.0444 0.0424
57123.5575 5.9951 0.0570
57542.3711 6.1606 0.0367
57160.3779 5.7298 0.0364
57157.4560 5.9318 0.0427
56776.4714 6.4349 0.0468
56798.4341 6.4432 0.0449
56835.3306 6.2825 0.0449
56803.4771 6.4810 0.0566
56837.3334 6.3820 0.0473
57492.5572 6.0462 0.0418
56809.4686 6.4663 0.0501
56741.6140 6.4079 0.0641
57216.2878 5.9808 0.0401
56778.3088 6.3964 0.0491
56801.3570 6.4118 0.0483
56780.3187 6.3843 0.0505
56744.5276 6.4230 0.0494
57433.5379 6.1381 0.0367
57223.3746 5.9777 0.0403
56715.5630 6.2400 0.0444
56781.3610 6.3945 0.0542
57220.2754 6.0278 0.0407
56811.4451 6.2423 0.0451
56722.4603 6.4174 0.0463
57508.4204 6.0600 0.0393
56807.3013 6.3611 0.0455
56841.3295 6.3688 0.0528
57567.3072 6.4294 0.0423
56712.4916 6.3260 0.0474
57547.4049 5.9833 0.0374
56772.5497 6.4334 0.0540
57213.2988 5.9922 0.0445
52793.2667 3.9809 0.0297
57104.4873 5.6588 0.0486
57166.3406 5.9420 0.0707
57185.4755 5.7425 0.0472
57078.4806 6.0233 0.0557
57105.5696 5.9082 0.0890
53388.6169 4.5827 0.0214
53770.6220 4.1435 0.0285
54620.3581 4.9355 0.0513
