57420.5582 2.0301 0.0303
53475.5639 3.3903 0.0087
56743.5343 1.4331 0.0448
56811.4368 1.9136 0.0394
56780.3104 1.8052 0.0490
56833.3288 1.9454 0.0407
57479.5491 2.1295 0.0417
56712.4835 1.3503 0.0419
56778.3007 1.8136 0.0439
56837.3245 1.9269 0.0425
57220.2668 1.7279 0.0349
57567.2988 2.3094 0.0341
56776.4632 1.7454 0.0426
57191.4328 1.7672 0.0364
56741.6019 1.4706 0.0612
56831.3199 2.0644 0.0396
57216.2792 1.8235 0.0351
56839.3166 1.9263 0.0451
57223.3660 1.7465 0.0359
56841.3211 1.7802 0.0503
57194.4128 1.8058 0.0351
56722.4512 1.3396 0.0408
56744.5188 1.5899 0.0424
57542.3634 2.3917 0.0341
56723.4935 1.4833 0.0468
56805.4134 1.9748 0.0445
57508.4126 2.3346 0.0344
57185.4654 1.7025 0.0405
56781.3529 1.8770 0.0492
57433.5303 1.9946 0.0319
56801.3488 1.9932 0.0435
57492.5483 2.2264 0.0400
57520.3156 2.3374 0.0426
56772.5406 1.8037 0.0549
56809.4595 2.0034 0.0441
56803.4668 1.9184 0.0497
56798.4255 1.9259 0.0391
56807.2931 1.9407 0.0454
56783.3458 1.9019 0.0545
56715.5548 1.3984 0.0385
57160.3693 1.8507 0.0318
57547.3970 2.3921 0.0336
57213.2908 1.6699 0.0315
56835.3225 1.9727 0.0394
56751.3471 1.6497 0.0461
57157.4471 1.7787 0.0391
57123.5441 1.8318 0.0679
53472.4591 3.6035 0.0106
57104.4669 1.7333 0.0626
57133.6028 1.7988 0.0535
57459.5499 2.2408 0.0505
57134.4738 1.8237 0.0590
57166.3310 1.6878 0.0673
54620.3631 2.1878 0.0436
53467.5113 3.4115 0.0171
