57420.5617 1.9924 0.0449
57542.3682 1.6153 0.0234
57492.5540 1.5364 0.0270
57433.5350 1.7209 0.0236
57547.4020 1.5984 0.0240
57479.5544 1.5820 0.0298
57520.3212 1.5556 0.0308
57567.3040 1.8130 0.0267
57508.4175 1.5703 0.0255
56783.3558 3.7531 0.0588
57220.2727 2.2621 0.0952
56772.5497 3.4705 0.0512
56744.5276 4.0111 0.0465
57223.3725 2.3269 0.1014
56776.4714 3.6913 0.0433
56778.3088 3.6830 0.0459
57123.5542 2.2127 0.0784
56780.3187 3.7381 0.0475
57157.4535 2.3806 0.0826
56781.3610 3.5469 0.0510
52793.2667 2.4705 0.0282
57134.4781 6.2223 0.1471
57166.3379 2.6052 0.1038
53496.3452 4.2690 0.0112
57213.2971 2.3309 0.0739
57160.3755 2.4649 0.0736
56798.4331 3.6033 0.0578
56811.4440 3.4007 0.0579
57104.4834 2.3273 0.0591
56837.3324 3.4172 0.0610
56741.6125 3.7275 0.0875
56807.3003 3.5232 0.0572
56841.3285 3.2875 0.0694
56712.4906 3.9797 0.0628
57078.4806 2.6598 0.0502
56801.3559 3.6242 0.0639
56751.3543 3.7245 0.0656
56833.3360 3.3725 0.0600
56723.5006 3.8150 0.0620
56722.4592 3.9450 0.0613
57133.6086 3.1818 0.2494
57191.4410 2.3094 0.0484
56809.4675 3.3716 0.0643
56803.4760 3.6641 0.0740
57216.2868 2.2078 0.0503
56835.3296 3.4154 0.0575
56831.3270 3.2899 0.0568
56839.3237 3.3960 0.0648
56805.4213 3.4820 0.0644
56715.5619 4.0955 0.0589
53388.6169 4.1605 0.0213
57185.4743 2.3297 0.0605
53770.6220 4.0376 0.0286
54620.3581 3.7536 0.0488
