57420.5763 5.3395 0.0333
56801.3688 5.5516 0.0462
52814.3124 4.3781 0.0096
56833.3478 5.2978 0.0451
56744.5358 7.2233 0.0535
56776.4795 5.9611 0.0484
56772.5585 5.9487 0.0558
56723.5097 6.8435 0.0513
56781.3691 4.4662 0.0545
57123.5698 6.0041 0.0604
56831.3363 5.4202 0.0446
57213.3079 6.5967 0.0388
57223.3832 6.2768 0.0424
57134.4907 6.1972 0.0455
56798.4422 4.9466 0.0465
56722.4684 6.7626 0.0481
56839.3341 5.1702 0.0507
57160.5054 6.1583 0.0445
56751.3634 6.9766 0.0508
56805.4306 5.5541 0.0484
57520.3333 5.3884 0.0432
57542.3791 5.1023 0.0366
56809.4772 5.5063 0.0544
57479.5663 5.2519 0.0431
56803.4885 5.7264 0.0600
56837.3417 5.0527 0.0465
57433.5460 5.0006 0.0363
56835.3395 5.1844 0.0447
57547.4125 4.9675 0.0376
57492.5660 5.0874 0.0419
56715.5711 6.7592 0.0460
57191.4517 6.5151 0.0441
56741.6278 7.5318 0.0692
56712.4997 6.5216 0.0486
56778.3170 4.5219 0.0487
57220.2845 6.4214 0.0432
57157.4650 6.3313 0.0454
56807.3096 5.6223 0.0497
56780.3275 3.9437 0.0488
56811.4533 5.4212 0.0454
56841.3393 5.0743 0.0506
57508.4284 5.1278 0.0386
57216.2975 6.5066 0.0417
56783.3659 4.0241 0.0565
57185.4838 6.4440 0.0617
57166.3513 6.2175 0.0508
57078.4898 6.1270 0.0572
57105.5730 6.4270 0.0667
57104.5182 6.1899 0.0648
54620.3618 6.3702 0.0556
