57420.5614 2.8237 0.0244
56833.3354 3.7847 0.0264
56781.3550 4.0576 0.0348
56809.4619 3.9537 0.0321
56839.3186 3.3978 0.0313
57160.3714 3.3266 0.0231
56712.4855 4.1216 0.0307
57191.4351 3.2130 0.0268
56741.6050 3.8763 0.0424
56776.4653 4.2094 0.0313
56831.3219 3.5809 0.0280
56778.3028 4.0800 0.0319
57508.4146 2.9113 0.0245
56801.3508 3.7409 0.0310
56780.3125 3.9829 0.0341
56783.3478 3.9748 0.0382
56715.5568 4.1460 0.0287
56723.4955 3.5853 0.0321
57520.3179 2.8583 0.0293
57213.2930 3.0240 0.0227
56835.3245 4.1683 0.0288
56798.4278 3.9068 0.0282
56811.4389 4.0688 0.0289
56803.4695 3.8622 0.0350
56722.4537 4.3287 0.0302
57157.4493 3.3028 0.0275
57223.3682 2.9906 0.0253
57547.3990 2.8837 0.0234
56807.2952 4.3676 0.0319
56837.3267 4.0906 0.0307
56805.4158 3.8898 0.0317
56772.5435 4.0884 0.0384
57123.5483 3.6009 0.0417
56744.5215 3.4656 0.0328
57220.2693 3.0915 0.0274
57567.3014 3.0539 0.0273
57433.5331 2.9934 0.0266
57216.2824 3.0924 0.0284
57542.3663 2.8432 0.0272
56751.3502 4.0156 0.0380
57134.4793 3.4709 0.0361
57185.4670 3.1327 0.0328
56841.3236 4.0863 0.0408
57479.5523 2.9147 0.0364
57166.3347 3.0226 0.0380
53496.3516 3.3700 0.0082
57133.6087 3.4712 0.0494
57104.4685 4.0835 0.0501
57492.5529 2.8329 0.0369
57194.4128 3.2475 0.0350
52793.2667 3.3007 0.0288
57078.4761 3.7933 0.0468
53388.6169 3.0530 0.0200
54620.3631 3.1797 0.0454
