53496.3516 11.4551 0.0112
57420.5614 9.2800 0.0507
52793.2667 10.1754 0.0363
57134.4836 11.0165 0.0642
56776.4663 8.4099 0.0728
56831.3230 8.1031 0.0675
56778.3038 7.8087 0.0729
56833.3319 8.3258 0.0680
57213.2940 10.1668 0.0610
56801.3519 9.2606 0.0747
57216.2824 10.3440 0.0661
56805.4172 9.0159 0.0753
56783.3488 7.5457 0.0822
56715.5579 8.3466 0.0675
57223.3692 10.3382 0.0661
56723.4965 8.3175 0.0705
57508.4155 11.3872 0.0692
56803.4711 8.9143 0.0803
57220.2700 10.6379 0.0674
56744.5224 7.6718 0.0703
57567.3017 12.4330 0.0791
56839.3197 7.8003 0.0729
56841.3244 7.8983 0.0778
56781.3560 7.3947 0.0764
56811.4400 8.6397 0.0692
56772.5440 8.2933 0.0837
56835.3256 7.9460 0.0671
56751.3502 7.3075 0.0732
56837.3276 8.0063 0.0707
57479.5522 10.3418 0.0683
56780.3135 6.6812 0.0738
57433.5331 10.2203 0.0635
57191.4363 10.5267 0.0710
57542.3663 13.1957 0.0686
57157.4503 10.9716 0.0712
56809.4634 9.0495 0.0781
57133.6071 10.9466 0.0852
57123.5498 10.1151 0.0830
56741.6067 7.4909 0.0893
56722.4552 8.1165 0.0691
56807.2962 8.9084 0.0745
57547.3999 12.7597 0.0686
57492.5517 10.7751 0.0664
56798.4291 9.1384 0.0685
56712.4866 8.3912 0.0713
57160.3725 11.0030 0.0628
57520.3190 11.6823 0.0733
53388.6169 8.7398 0.0259
57078.4740 9.8016 0.1100
57166.3360 10.8183 0.0802
