57420.5625 2.6009 0.0305
56833.3397 3.0992 0.0344
53496.3516 2.7814 0.0082
56712.4876 2.2866 0.0415
56783.3499 2.7835 0.0530
56715.5589 2.1418 0.0385
57157.4515 2.6152 0.0383
56722.4562 2.1664 0.0403
56809.4644 3.1775 0.0467
56839.3207 3.1115 0.0450
56841.3254 3.1014 0.0486
56781.3570 2.7165 0.0479
56835.3266 3.0603 0.0407
56811.4410 3.2742 0.0417
57492.5529 2.7919 0.0374
56751.3512 2.4320 0.0448
56837.3290 2.9058 0.0430
57133.6087 2.2348 0.0476
57213.2951 2.2318 0.0322
56780.3146 2.7276 0.0465
57160.3736 2.6603 0.0330
57123.5514 2.6181 0.0522
56772.5452 2.4792 0.0502
57191.4374 2.3992 0.0387
56805.4182 3.0638 0.0449
56744.5234 2.5119 0.0424
57223.3703 2.3061 0.0356
57547.4010 2.8925 0.0349
57220.2711 2.3189 0.0357
56741.6082 2.3298 0.0575
56803.4723 3.0410 0.0490
57508.4165 2.6551 0.0365
56831.3240 3.1785 0.0407
57134.4821 2.2347 0.0437
56807.2972 3.1317 0.0434
57433.5341 2.5282 0.0332
56778.3048 2.6400 0.0442
56798.4301 3.1151 0.0404
56801.3529 2.9999 0.0441
57567.3029 2.9388 0.0393
56776.4673 2.7094 0.0432
57542.3673 2.8941 0.0341
57216.2834 2.2068 0.0347
57479.5533 2.6560 0.0400
57520.3201 2.7524 0.0420
56723.4975 2.1871 0.0427
52793.2667 2.9390 0.0290
57078.4761 2.6467 0.0457
57166.3371 2.4646 0.0453
53388.6201 1.7812 0.0146
57185.4701 2.4012 0.0567
57104.4732 2.9298 0.0746
