57420.5729 2.2691 0.0241
56801.3655 2.1052 0.0338
56833.3443 2.1127 0.0308
56783.3628 2.1765 0.0431
57547.4097 2.6385 0.0266
57542.3762 2.6124 0.0260
57220.2812 2.0003 0.0284
57157.4616 1.7550 0.0301
56776.4765 2.0644 0.0332
57216.2933 2.0009 0.0275
56811.4502 2.0658 0.0315
56831.3332 2.0606 0.0305
57508.4254 2.5406 0.0275
56741.6227 2.0013 0.0484
56723.5066 2.1732 0.0350
56715.5680 2.1880 0.0307
56837.3386 2.1214 0.0333
56841.3356 2.1428 0.0379
56809.4739 2.1013 0.0364
57479.5630 2.5788 0.0316
56839.3306 2.1235 0.0357
56805.4275 2.1656 0.0344
56722.4654 2.1842 0.0328
56807.3065 1.9933 0.0335
56835.3362 2.1311 0.0312
57223.3800 2.0662 0.0284
57492.5628 2.5255 0.0288
57520.3300 2.5950 0.0317
57213.3047 1.9716 0.0251
56744.5328 2.1279 0.0357
57134.4871 1.6605 0.0300
57433.5426 2.4531 0.0254
56780.3242 1.9549 0.0358
56798.4392 2.0548 0.0322
56781.3661 2.0671 0.0382
57191.4482 1.9886 0.0287
56751.3604 2.0989 0.0350
56772.5552 1.9911 0.0402
56712.4967 2.1778 0.0335
56778.3139 2.0387 0.0354
57160.4787 1.8281 0.0324
52814.3124 2.0226 0.0084
56803.4840 1.9402 0.0464
57166.3467 1.8887 0.0395
57123.5653 1.7328 0.0540
57185.4814 1.7920 0.0414
57078.4864 1.9930 0.0337
57104.5101 1.8579 0.0334
57105.5716 1.8917 0.0432
57567.3097 2.5213 0.0923
54620.3618 1.8951 0.0419
