57420.5582 1.3076 0.0292
53475.5639 1.4372 0.0081
56811.4368 1.7370 0.0371
56780.3104 1.4847 0.0463
56833.3288 1.6911 0.0383
56807.2931 1.4892 0.0422
57479.5491 1.2571 0.0402
56712.4835 1.4113 0.0396
56778.3007 1.4402 0.0411
56837.3245 1.6379 0.0401
57567.2988 1.2564 0.0323
56776.4632 1.4926 0.0402
57191.4328 1.3214 0.0342
56831.3199 1.5912 0.0367
57216.2792 1.1614 0.0324
56839.3166 1.5996 0.0423
57223.3660 1.2621 0.0337
56841.3211 1.8128 0.0480
57194.4128 1.2934 0.0328
56722.4512 1.3300 0.0385
56744.5188 1.3880 0.0397
57542.3634 1.1977 0.0321
56805.4134 1.5457 0.0416
57508.4126 1.3636 0.0328
57185.4654 1.3030 0.0385
56781.3529 1.6678 0.0466
57433.5303 1.3917 0.0308
56835.3225 1.6871 0.0369
56801.3488 1.5968 0.0407
57520.3156 1.2287 0.0409
57220.2668 1.1636 0.0325
56809.4595 1.7058 0.0415
56803.4668 1.5982 0.0468
56798.4255 1.5818 0.0366
56783.3458 1.6745 0.0518
56715.5548 1.3632 0.0365
57160.3693 1.3179 0.0295
57547.3970 1.2857 0.0318
57213.2908 1.1067 0.0293
56751.3471 1.4133 0.0434
57157.4471 1.3469 0.0370
56723.4933 1.2940 0.0455
57104.4669 1.2237 0.0586
57133.6028 1.3091 0.0506
57492.5482 1.2640 0.0390
56741.6030 1.3673 0.0477
53883.4566 1.3721 0.0108
56743.5363 1.3823 0.0520
57123.5448 1.4784 0.0746
57459.5499 1.1392 0.0480
57134.4738 1.1160 0.0550
57166.3310 1.5561 0.0646
56772.5413 1.4292 0.0541
54620.3631 1.4548 0.0403
53467.5113 1.4591 0.0156
