57420.5681 11.2700 0.0264
56833.3425 11.0014 0.0349
57134.4851 10.7851 0.0339
56741.6200 11.0253 0.0490
57191.4463 10.9029 0.0324
56712.4936 11.1834 0.0387
56751.3573 11.2001 0.0400
56811.4471 11.2216 0.0374
57216.2900 11.1656 0.0345
56778.3109 11.2974 0.0405
57433.5398 11.4946 0.0325
57479.5598 11.3026 0.0348
57220.2777 11.1472 0.0346
56839.3271 10.9204 0.0402
56841.3319 10.9969 0.0413
56715.5650 11.0134 0.0365
57547.4068 10.7370 0.0325
56801.3590 11.1370 0.0396
56798.4361 11.1600 0.0370
56807.3034 11.1479 0.0385
56805.4244 11.0527 0.0398
56776.4735 11.2397 0.0383
56809.4707 11.1434 0.0410
56772.5519 11.0462 0.0431
56837.3355 10.9611 0.0384
56744.5297 11.1664 0.0399
56723.5036 11.0636 0.0394
57492.5594 11.4661 0.0348
56835.3328 10.9616 0.0370
56831.3301 11.0124 0.0366
57157.4583 10.9892 0.0353
57542.3732 10.8724 0.0321
56783.3587 11.3836 0.0461
57508.4224 11.2602 0.0340
56722.4623 11.0587 0.0380
57520.3267 11.1818 0.0348
56781.3631 11.2421 0.0428
56780.3209 11.2817 0.0406
57223.3768 11.1961 0.0339
57160.4137 10.8586 0.0349
57213.3016 11.1320 0.0345
56803.4792 11.1255 0.0486
57123.5590 10.7011 0.0496
57567.3077 10.4780 0.0467
57104.4948 11.0535 0.0432
57166.3435 10.9191 0.0490
52814.3124 8.7719 0.0123
57185.4775 10.8118 0.0484
57078.4847 10.8911 0.0474
57105.5706 10.9548 0.0605
53770.6220 11.4626 0.0375
54620.3581 10.1362 0.0640
