57420.5648 31.8011 0.0485
52814.3124 21.8548 0.0148
57191.4456 28.9277 0.0601
56833.3407 25.4886 0.0634
57134.4846 29.8174 0.0631
56839.3248 25.8694 0.0722
56751.3553 20.1966 0.0655
56831.3281 25.8891 0.0675
56783.3558 21.5641 0.0743
57520.3246 32.0081 0.0651
56805.4223 23.0040 0.0688
56723.5016 19.1574 0.0633
57479.5576 34.4796 0.0673
57123.5575 27.7677 0.0716
57542.3711 34.3524 0.0673
57160.3779 33.6411 0.0655
57157.4560 33.6190 0.0706
56776.4714 20.8696 0.0635
56798.4341 22.7497 0.0636
56835.3306 25.5347 0.0675
56803.4771 23.0185 0.0745
56837.3334 25.8422 0.0695
57492.5572 33.8746 0.0713
56809.4686 23.1834 0.0702
56741.6140 19.3248 0.0752
57216.2878 25.1279 0.0628
56778.3088 20.9146 0.0661
56801.3570 23.0866 0.0670
56780.3187 21.1979 0.0671
56744.5276 19.9015 0.0648
57433.5379 30.9942 0.0644
57223.3746 24.9394 0.0612
56715.5630 19.7335 0.0608
56781.3610 21.6337 0.0709
57220.2754 25.1487 0.0628
56811.4451 23.4674 0.0656
56722.4603 19.2414 0.0616
57508.4204 33.1789 0.0689
56807.3013 23.2547 0.0667
56841.3295 26.1175 0.0726
57567.3072 31.3246 0.0710
56712.4916 20.0096 0.0635
57547.4049 34.0657 0.0684
56772.5497 20.3224 0.0681
57213.2988 25.4310 0.0703
57104.4873 27.2764 0.0774
57166.3406 33.3876 0.1099
57185.4755 29.7326 0.0729
57078.4806 24.8581 0.0843
57105.5696 27.1134 0.1394
53770.6220 23.6766 0.0482
54620.3581 22.6361 0.0845
