57420.5648 1.7960 0.0284
57191.4456 1.5235 0.0323
53496.3516 2.6460 0.0078
56833.3407 1.6181 0.0356
57134.4846 1.8208 0.0364
56839.3248 1.5669 0.0423
56751.3553 1.5942 0.0424
56831.3281 1.5306 0.0363
56783.3558 1.6317 0.0561
57520.3246 1.6875 0.0373
56805.4223 1.5656 0.0415
56723.5016 1.5436 0.0405
57479.5576 1.5556 0.0367
57123.5575 1.6728 0.0535
57542.3711 1.5771 0.0286
57160.3779 1.5797 0.0296
57157.4560 1.5930 0.0364
56776.4714 1.6800 0.0393
56798.4341 1.5923 0.0373
56835.3306 1.6484 0.0371
56803.4771 1.5641 0.0495
56837.3334 1.6884 0.0398
57492.5572 1.6353 0.0346
56809.4686 1.6712 0.0422
56741.6140 1.6881 0.0590
57216.2878 1.5966 0.0326
56778.3088 1.5488 0.0416
56801.3570 1.6076 0.0410
56780.3187 1.7775 0.0438
56744.5276 1.5835 0.0419
57433.5379 1.8729 0.0292
57223.3746 1.5404 0.0335
56715.5630 1.5151 0.0365
56781.3610 1.6185 0.0473
57220.2754 1.5323 0.0333
56811.4451 1.6050 0.0376
56722.4603 1.5945 0.0386
57508.4204 1.6975 0.0318
56807.3013 1.6346 0.0373
56841.3295 1.6817 0.0466
57567.3072 1.5535 0.0336
56712.4916 1.5875 0.0399
57547.4049 1.5975 0.0296
56772.5497 1.6872 0.0479
57213.2988 1.5524 0.0358
52793.2667 1.8145 0.0272
57104.4873 1.5376 0.0408
57166.3406 1.5009 0.0619
57185.4755 1.5121 0.0408
57078.4806 1.5720 0.0462
57105.5696 1.7441 0.0747
53388.6169 2.8461 0.0195
53770.6220 2.0524 0.0253
54620.3581 1.1593 0.0406
