57420.5752 2.1354 0.0239
56801.3671 3.2108 0.0350
56833.3463 2.9379 0.0326
57160.5043 1.8529 0.0299
56778.3160 3.3069 0.0368
56807.3086 3.2454 0.0351
56780.3265 3.4256 0.0374
57216.2961 1.8751 0.0273
57223.3821 1.8946 0.0282
56783.3648 3.3949 0.0436
56744.5348 3.0831 0.0370
56776.4785 3.3739 0.0350
57508.4274 2.3212 0.0271
56781.3681 3.4250 0.0406
57157.4639 1.9086 0.0305
57520.3322 2.2546 0.0311
57492.5649 2.3284 0.0289
56741.6263 3.0939 0.0498
57213.3068 1.8428 0.0248
56805.4296 3.1398 0.0353
56712.4987 2.7555 0.0341
56839.3331 3.0795 0.0370
57479.5652 2.3907 0.0311
56751.3624 3.1615 0.0360
56835.3385 3.0660 0.0324
57433.5449 2.2401 0.0248
56841.3382 3.0613 0.0379
57542.3781 2.3799 0.0253
56809.4761 3.1832 0.0389
56772.5574 3.3513 0.0415
56798.4412 3.3092 0.0343
56837.3407 3.0694 0.0343
57134.4895 2.0227 0.0308
56811.4523 3.2043 0.0329
56831.3353 3.1519 0.0319
57191.4505 1.7374 0.0289
57220.2834 1.8599 0.0281
56723.5087 2.7758 0.0357
56715.5701 2.7513 0.0314
57547.4116 2.3201 0.0261
56722.4674 2.8359 0.0335
52814.3124 2.7243 0.0089
56803.4877 3.1443 0.0498
57123.5698 2.2066 0.0546
57185.4829 1.7899 0.0472
57078.4881 2.3447 0.0340
57166.3501 1.8405 0.0389
57105.5725 2.2168 0.0444
57104.5165 2.1763 0.0440
