57420.5600 4.6536 0.0254
56833.3362 9.1733 0.0353
56741.6095 9.3167 0.0533
56783.3475 9.1809 0.0488
56715.5565 9.4952 0.0395
56743.5381 9.1494 0.0491
56835.3242 9.1569 0.0392
57191.4347 4.6325 0.0320
56772.5425 8.9442 0.0475
56744.5207 9.2822 0.0415
56780.3121 9.0983 0.0448
56778.3024 8.9972 0.0423
56801.3505 9.2256 0.0419
56722.4532 9.4086 0.0409
56831.3216 9.0874 0.0391
57220.2686 4.4171 0.0304
57508.4142 5.6566 0.0316
56809.4614 9.2359 0.0431
56803.4690 9.1731 0.0459
57542.3650 5.6935 0.0307
56839.3183 9.0467 0.0427
57567.3006 5.5801 0.0314
57433.5319 5.2323 0.0291
56723.4951 9.4457 0.0449
56811.4385 9.3595 0.0396
56807.2948 9.1767 0.0430
57547.3987 5.7244 0.0307
57520.3175 5.6878 0.0361
56837.3265 9.2321 0.0414
56781.3546 9.0509 0.0454
57160.3711 5.2035 0.0288
56751.3488 9.1247 0.0436
56798.4273 9.4761 0.0389
57213.2926 4.4118 0.0279
57157.4489 5.2027 0.0336
57216.2809 4.4414 0.0303
56712.4852 9.4945 0.0415
57479.5508 5.6414 0.0358
56805.4153 9.1640 0.0427
56776.4649 9.1128 0.0415
57492.5502 5.6824 0.0346
57223.3678 4.4938 0.0309
56841.3229 9.2288 0.0457
57185.4667 4.6703 0.0360
57123.5476 5.1442 0.0508
57133.6057 5.1758 0.0434
53496.3484 5.8598 0.0103
57166.3344 5.1177 0.0472
57194.4128 4.5327 0.0370
57104.4685 6.0036 0.0534
52793.2667 4.9686 0.0309
57134.4751 5.2628 0.0529
57078.4772 6.1147 0.0580
57459.5499 5.3205 0.0542
53388.6169 5.2669 0.0223
54620.3631 6.1999 0.0540
