53462.4912 1.6823 0.0228
53911.3288 1.6588 0.0174
53847.5755 1.7419 0.0236
53851.4182 1.8163 0.0148
52730.5552 1.7383 0.0341
53853.4352 1.8218 0.0150
53586.2942 1.9140 0.0105
53524.3013 1.9368 0.0089
54186.5147 1.5514 0.0159
52698.6084 1.8181 0.0096
57420.5547 0.9760 0.0250
54531.5740 1.7185 0.0079
57547.4029 1.2843 0.0208
57433.5366 0.9668 0.0193
57542.3692 1.2203 0.0201
57479.5560 1.4463 0.0255
57508.4183 1.3258 0.0219
57520.3222 1.2325 0.0259
53466.6127 1.6974 0.0101
52710.6200 1.7199 0.0119
53583.3046 1.9501 0.0108
57492.5565 1.2552 0.0267
54570.4284 1.5937 0.0216
53799.4817 1.7962 0.0161
52817.2960 1.8057 0.0224
54262.4012 1.5848 0.0116
57213.2923 0.8822 0.0359
54209.4929 1.6999 0.0099
54624.3824 1.1540 0.0094
53505.3888 1.7751 0.0165
53769.6082 1.7458 0.0097
54561.4254 1.6097 0.0098
53146.4901 1.4975 0.0112
54151.6503 1.4764 0.0116
54153.5968 1.4748 0.0107
54117.6461 1.5257 0.0095
54524.5266 1.7869 0.0169
53553.4142 2.0226 0.0113
54144.5888 1.4929 0.0108
53578.3431 1.9167 0.0153
53411.6236 1.7271 0.0101
54511.5807 1.7371 0.0085
54213.5722 1.6982 0.0133
54614.3924 1.2276 0.0107
53936.3074 1.5176 0.0111
53500.3158 1.7886 0.0110
54600.4459 1.3264 0.0272
53200.2667 1.4529 0.0106
54621.4059 1.1763 0.0098
54124.6309 1.4902 0.0099
54557.5455 1.6652 0.0107
54234.4877 1.7505 0.0106
53859.3669 1.7751 0.0149
53473.5879 1.6796 0.0124
53121.5132 1.8008 0.0106
54591.3863 1.3831 0.0096
54179.5219 1.5245 0.0104
54563.4941 1.7303 0.0113
52813.3474 1.7760 0.0134
54588.5522 1.3606 0.0143
53175.3845 1.4430 0.0101
53883.3893 1.8243 0.0119
54183.5063 1.5450 0.0112
53551.3290 2.0050 0.0107
53939.3067 1.5264 0.0113
53875.3594 1.7934 0.0105
53772.6264 1.7324 0.0117
52792.4193 1.6590 0.0187
54255.3352 1.6592 0.0162
54201.4537 1.6541 0.0112
54535.5077 1.7053 0.0096
53446.5324 1.7067 0.0105
53943.3027 1.5462 0.0112
53138.4614 1.5781 0.0115
53109.5778 1.8328 0.0154
53469.5188 1.7036 0.0109
53178.3751 1.4309 0.0100
53149.3330 1.5214 0.0104
53906.3684 1.7129 0.0130
52722.5967 1.7618 0.0228
53390.6489 1.7342 0.0111
53531.3615 1.9953 0.0111
53916.3248 1.5998 0.0144
53117.4850 1.8213 0.0103
53766.6170 1.7563 0.0102
54259.3128 1.5978 0.0098
53495.4394 1.7720 0.0113
52815.2953 1.8075 0.0077
54176.5642 1.4620 0.0106
54205.4858 1.6535 0.0122
54594.4526 1.3466 0.0098
53165.4100 1.4197 0.0099
54618.4140 1.2098 0.0098
53527.3526 1.9836 0.0107
53195.3465 1.4753 0.0101
53743.6336 1.8296 0.0096
54229.4787 1.7448 0.0186
53518.4479 1.9185 0.0240
54538.5772 1.6996 0.0119
54113.6612 1.5610 0.0141
53083.6071 1.9625 0.0113
53855.4161 1.7910 0.0110
53502.3879 1.8007 0.0120
54597.4509 1.3167 0.0097
53892.3770 1.7979 0.0219
54120.6630 1.5221 0.0141
53879.3083 1.8030 0.0116
53888.4064 1.7975 0.0125
54528.5221 1.7500 0.0089
52791.4573 1.6954 0.0193
52721.6238 1.8166 0.0313
57567.2907 1.4481 0.0356
57216.2706 0.7980 0.0295
54266.2915 1.6370 0.0121
57459.5423 1.0565 0.0316
57223.3574 0.8012 0.0309
52790.4020 1.6958 0.0380
57194.4042 0.7469 0.0300
53463.5851 1.6273 0.0211
53523.4194 1.9239 0.0183
57191.4353 0.7834 0.0419
54620.3602 1.2675 0.0254
53563.3393 2.0185 0.0235
57220.2584 0.9355 0.0363
56712.4752 0.8621 0.0417
57078.4289 0.6886 0.0327
57157.4388 0.8209 0.0423
57185.4751 0.7247 0.0597
56715.5472 0.9471 0.0431
57160.3618 0.7462 0.0395
56722.4436 0.7552 0.0432
56723.4864 0.8323 0.0522
57195.4008 0.8441 0.0479
56743.5107 11.9638 0.1090
53890.4800 1.8442 0.0639
57105.5598 0.7756 0.0669
56744.5471 1.5492 0.0914
53198.3064 1.5545 0.0913
57134.4950 0.7254 0.1250
53770.6182 1.9829 0.0228
56835.3159 0.6887 0.0575
57104.4590 0.7319 0.0578
57133.4159 0.7279 0.0698
56801.3402 1.1159 0.0673
