57420.5648 2.8516 0.0292
57191.4456 2.3598 0.0334
53496.3516 2.7906 0.0078
56833.3407 2.7700 0.0374
57134.4846 2.6467 0.0371
56839.3248 2.6620 0.0442
56751.3553 2.4195 0.0443
56831.3281 2.6672 0.0383
56783.3558 2.6167 0.0569
57520.3246 2.4275 0.0382
56805.4223 2.7248 0.0434
56723.5016 2.6187 0.0422
57479.5576 2.5059 0.0379
57123.5575 2.7741 0.0540
57542.3711 2.5274 0.0305
57160.3779 2.7277 0.0316
57157.4560 2.7158 0.0379
56776.4714 2.5894 0.0407
56798.4341 2.6958 0.0391
56835.3306 2.6827 0.0390
56803.4771 2.6221 0.0511
56837.3334 2.6921 0.0415
57492.5572 2.4605 0.0360
56809.4686 2.7247 0.0440
56741.6140 2.4966 0.0596
57216.2878 2.2249 0.0337
56778.3088 2.6018 0.0434
56801.3570 2.6952 0.0427
56780.3187 2.5850 0.0451
56744.5276 2.5279 0.0434
57433.5379 2.8744 0.0310
57223.3746 2.2774 0.0345
56715.5630 2.6869 0.0386
56781.3610 2.5972 0.0488
57220.2754 2.3594 0.0346
56811.4451 2.7394 0.0398
56722.4603 2.7281 0.0406
57508.4204 2.2255 0.0328
56807.3013 2.7629 0.0395
56841.3295 2.7143 0.0479
57567.3072 2.5541 0.0355
56712.4916 2.6976 0.0417
57547.4049 2.4458 0.0313
56772.5497 2.7138 0.0494
57213.2988 2.3571 0.0374
52793.2667 3.0252 0.0282
57104.4873 3.0316 0.0437
57166.3406 2.4476 0.0636
57185.4755 2.3441 0.0420
57078.4806 3.3260 0.0497
57105.5696 3.0777 0.0792
53388.6169 2.5945 0.0190
53770.6220 2.9938 0.0266
54620.3581 2.2229 0.0435
