53462.4908 4.3132 0.0329
53847.5729 3.8084 0.0255
53911.3288 3.8227 0.0183
53851.4182 3.7908 0.0156
57420.5708 5.0685 0.0463
56743.5064 4.0381 0.0288
52730.5552 4.6116 0.0380
53853.4352 3.7756 0.0157
53586.2942 4.4065 0.0116
53524.3013 4.8250 0.0102
54186.5147 4.8320 0.0170
52698.6084 3.7994 0.0106
54531.5740 4.7839 0.0095
53466.6127 4.4819 0.0114
52710.6200 3.8452 0.0131
53583.3046 4.5573 0.0121
54570.4284 4.7729 0.0225
57547.4077 4.6913 0.0295
53799.4817 3.9683 0.0175
57433.5415 5.1287 0.0288
57191.4401 3.8170 0.0553
52817.2960 4.1071 0.0243
54262.4012 5.3155 0.0136
57542.3741 4.5744 0.0287
54209.4929 4.7425 0.0117
54624.3824 4.8695 0.0118
57213.3025 3.8505 0.0577
57479.5612 4.9647 0.0335
53505.3888 4.8231 0.0177
57508.4234 4.3599 0.0298
57520.3277 4.1644 0.0329
53769.6082 4.3852 0.0115
54561.4254 4.5875 0.0117
57220.2790 3.3795 0.0629
53146.4901 3.1933 0.0122
54151.6503 4.3598 0.0135
54153.5968 4.3888 0.0128
57134.4901 3.6205 0.0797
54117.6461 4.0421 0.0113
54213.5722 4.7453 0.0153
54524.5266 4.9088 0.0182
53553.4142 4.9969 0.0132
54144.5888 4.2413 0.0126
53578.3431 4.6010 0.0170
54597.4509 5.0433 0.0122
53411.6236 3.4601 0.0113
54511.5807 4.9343 0.0106
54614.3924 4.9443 0.0132
53855.4161 3.8537 0.0124
53936.3074 3.9753 0.0128
57216.2902 3.7628 0.0645
54255.3352 5.4539 0.0177
54600.4459 5.0660 0.0282
53200.2667 2.9457 0.0116
54621.4059 4.9246 0.0124
54266.2923 5.2415 0.0130
54557.5455 4.6173 0.0126
54234.4877 5.0583 0.0127
53859.3669 3.7738 0.0158
53473.5879 4.5970 0.0141
53121.5132 3.3370 0.0116
54591.3863 5.1100 0.0120
54179.5219 4.8734 0.0126
54563.4941 4.6567 0.0131
52813.3474 4.2132 0.0151
54588.5522 5.0754 0.0165
53175.3845 3.1702 0.0113
53883.3893 3.8354 0.0132
57492.5641 4.5626 0.0372
54183.5063 4.9005 0.0134
53551.3290 5.0942 0.0125
53939.3067 4.0500 0.0130
53875.3594 3.7309 0.0118
53772.6264 4.3823 0.0135
52792.4193 4.2082 0.0205
54201.4537 4.7379 0.0132
54535.5077 4.7003 0.0117
53446.5324 4.1396 0.0121
53943.3027 4.0209 0.0130
54259.3128 5.4589 0.0123
53138.4614 3.2715 0.0125
53109.5778 3.1226 0.0161
53469.5188 4.5471 0.0127
53178.3751 3.1084 0.0111
53149.3330 3.2077 0.0114
53906.3684 3.8422 0.0145
52722.5967 4.3062 0.0239
53390.6489 3.5507 0.0122
53531.3615 4.9186 0.0129
53916.3248 3.7658 0.0157
53117.4850 3.2502 0.0113
53766.6170 4.3889 0.0121
53495.4394 4.9619 0.0132
52815.2953 4.3017 0.0087
54176.5642 4.7969 0.0127
54124.6309 4.0049 0.0116
54205.4858 4.7319 0.0141
54594.4526 5.0407 0.0123
53165.4100 3.2249 0.0111
54618.4140 4.9483 0.0122
53527.3526 4.8937 0.0124
53195.3465 2.9167 0.0110
53743.6336 4.1660 0.0113
54229.4787 4.8550 0.0199
53518.4479 4.9326 0.0250
54538.5772 4.6329 0.0139
54113.6612 3.9899 0.0152
53083.6071 3.2257 0.0121
53502.3879 4.8790 0.0137
53892.3770 3.8802 0.0226
54120.6630 4.0074 0.0154
53879.3083 3.7597 0.0129
53500.3158 4.9307 0.0129
53888.4064 3.8829 0.0137
54528.5221 4.8880 0.0109
52791.4573 4.1599 0.0210
57157.4546 3.8453 0.0612
52721.6238 4.2454 0.0323
57567.2907 4.5844 0.0414
56811.4286 4.0701 0.0388
56776.4550 4.4258 0.0439
57185.4647 3.9231 0.0774
56841.3128 4.3032 0.0483
57160.4358 3.9850 0.0727
56801.3407 4.1299 0.0446
56772.5313 2.9444 0.0485
56783.3361 4.0206 0.0531
56780.3019 3.9269 0.0484
56744.5487 4.0528 0.0458
56781.3448 4.0104 0.0508
56837.3164 4.2950 0.0419
56722.4431 4.2108 0.0428
56809.4513 4.0654 0.0430
56798.4174 4.0262 0.0391
56835.3144 4.2378 0.0396
56803.4007 4.0903 0.0479
56831.3117 4.3781 0.0400
56712.4754 4.4448 0.0439
52790.4020 4.3198 0.0398
56805.4052 4.0692 0.0423
57123.5755 3.6858 0.1324
56807.2850 4.1463 0.0417
57078.4375 3.4243 0.0428
56778.2926 3.9828 0.0457
56751.3388 3.9071 0.0474
57133.4154 2.3382 0.0333
56715.5467 4.4154 0.0414
53463.5851 4.3723 0.0226
56833.3206 4.2162 0.0406
57223.3733 3.6483 0.0597
56723.4853 4.2577 0.0429
56839.3084 4.6816 0.0450
53523.4194 4.9008 0.0203
54620.3602 4.9910 0.0314
53563.3393 4.9442 0.0255
57194.4053 3.7522 0.0495
57166.3394 3.8525 0.1019
57459.5435 5.0037 0.0527
57105.5603 3.9035 0.0558
56741.5907 4.1385 0.0794
53890.4800 3.6740 0.0695
56721.5940 4.1043 0.1161
53198.3064 2.9296 0.0934
57104.4590 3.8123 0.0697
53770.6182 4.3657 0.0261
57195.4013 3.7905 0.0782
