57420.5565 4.2417 0.0256
56743.5381 4.5948 0.0447
56772.5386 4.7046 0.0443
57567.2972 3.4462 0.0300
56811.4351 4.5284 0.0338
56723.4918 4.4089 0.0392
57508.4109 4.6947 0.0305
56781.3513 4.7477 0.0416
57216.2774 3.2203 0.0291
57220.2649 3.3042 0.0306
57223.3642 3.2875 0.0299
56833.3271 3.2578 0.0331
56778.2990 4.8757 0.0381
56776.4615 4.9561 0.0367
57433.5287 4.3519 0.0287
57157.4452 2.6803 0.0312
53475.5639 3.3011 0.0089
56783.3436 4.7509 0.0454
56715.5531 3.1517 0.0323
57213.2890 3.2695 0.0267
56798.4238 4.8019 0.0340
57160.3675 3.8047 0.0274
57542.3618 4.8306 0.0302
56807.2914 4.8278 0.0379
56780.3086 4.8425 0.0416
56722.4496 4.8791 0.0358
57547.3954 4.7420 0.0302
56801.3471 3.8595 0.0360
57520.3138 4.6458 0.0360
56712.4818 4.6060 0.0366
56831.3182 3.5791 0.0326
56741.6094 4.5458 0.0615
57133.5997 4.0560 0.0404
56839.3154 3.7512 0.0418
56744.5188 4.8027 0.0450
57479.5491 4.4272 0.0443
56803.4668 4.6465 0.0512
57191.4328 3.3313 0.0372
56841.3211 4.3928 0.0513
57459.5477 4.2063 0.0383
56805.4134 4.7529 0.0467
57492.5483 4.5764 0.0435
56837.3245 4.4543 0.0446
57185.4654 3.3614 0.0412
57194.4128 3.3753 0.0361
56809.4595 4.6675 0.0463
56835.3225 4.5124 0.0416
56751.3471 4.8426 0.0485
57123.5441 3.7792 0.0675
57134.4725 3.8657 0.0500
57104.4669 4.1656 0.0640
53883.4566 3.9880 0.0126
57078.4484 3.3688 0.0708
57166.3310 3.6078 0.0685
54620.3631 3.3302 0.0459
53467.5113 3.2929 0.0175
57105.5621 4.4510 0.0813
