57420.5741 17.7822 0.0298
56741.6261 14.0787 0.0516
57157.4628 18.6008 0.0413
57520.3311 21.5913 0.0417
56778.3149 15.2485 0.0438
56783.3638 15.4603 0.0477
57492.5638 20.2313 0.0416
57223.3811 17.3232 0.0389
56744.5338 14.2639 0.0431
56781.3671 15.3504 0.0464
57220.2823 17.2825 0.0399
57216.2948 17.5812 0.0397
56798.4402 15.8937 0.0415
56780.3253 15.1735 0.0437
56801.3671 15.8318 0.0472
56772.5563 15.0241 0.0460
57134.4883 20.0330 0.0413
57213.3058 17.7820 0.0368
57547.4106 21.1697 0.0413
57479.5641 20.1521 0.0407
56751.3614 14.7230 0.0426
57433.5438 19.0579 0.0388
57191.4493 17.5527 0.0390
56776.4775 15.1891 0.0419
57542.3772 21.3939 0.0409
57508.4264 21.0167 0.0415
57160.4866 18.3568 0.0434
56833.3463 16.5123 0.0476
57166.3484 18.2946 0.0475
56807.3086 15.9696 0.0507
56805.4296 16.0060 0.0498
56811.4523 16.1798 0.0479
56839.3331 16.5000 0.0522
56723.5087 13.7970 0.0485
56712.4987 13.2371 0.0462
56841.3382 16.5633 0.0513
56809.4761 16.0140 0.0539
56835.3385 16.5921 0.0481
57123.5673 20.1045 0.0557
56837.3407 16.4557 0.0494
56831.3353 16.4075 0.0475
56715.5701 13.3751 0.0442
56722.4674 13.7755 0.0461
57185.4821 17.6356 0.0575
52814.3124 9.0475 0.0113
57078.4874 20.2986 0.0498
56803.4877 15.7104 0.0645
57105.5720 19.7610 0.0634
57104.5101 19.8036 0.0596
57567.3097 20.2875 0.1520
54620.3618 14.0006 0.0698
