57420.5582 2.6363 0.0298
56743.5381 1.8384 0.0412
56780.3104 1.9179 0.0465
57479.5491 2.7283 0.0414
56778.3007 1.9922 0.0417
57220.2668 1.8438 0.0332
57567.2988 2.1581 0.0330
56776.4632 2.0658 0.0408
57216.2792 2.0100 0.0337
57223.3660 1.6384 0.0339
56841.3211 2.4537 0.0484
57542.3634 2.1131 0.0327
56805.4134 1.8584 0.0417
53475.5607 2.1334 0.0096
57185.4654 2.6435 0.0398
56781.3529 1.8847 0.0466
57433.5303 2.5912 0.0321
56772.5406 1.9735 0.0519
56809.4595 1.8334 0.0414
56803.4668 1.9729 0.0471
56783.3458 1.9493 0.0517
57547.3970 2.2390 0.0326
57213.2908 2.0573 0.0307
57123.5441 2.3003 0.0652
57133.6028 2.0979 0.0510
57160.3682 2.2984 0.0440
56839.3155 2.4743 0.0607
56751.3461 1.8750 0.0628
56837.3235 2.2922 0.0579
57104.4664 2.1893 0.0426
56833.3278 2.2264 0.0546
57520.3145 2.4293 0.0582
56831.3189 2.2547 0.0538
56715.5538 1.7738 0.0529
56798.4244 2.0916 0.0527
57157.4460 2.2204 0.0546
56722.4502 1.8574 0.0562
57459.5499 2.7844 0.0517
56723.4924 1.8592 0.0610
56835.3214 2.3403 0.0536
57508.4116 2.6154 0.0483
56807.2921 1.8817 0.0621
56741.6003 1.9003 0.0836
57194.4118 2.5006 0.0495
57191.4316 2.5075 0.0517
57166.3310 1.9553 0.0645
56801.3478 2.0408 0.0585
56744.5177 2.0608 0.0577
56712.4825 1.9878 0.0574
56811.4358 1.9283 0.0529
57492.5472 2.6275 0.0519
54620.3631 1.7262 0.0411
53467.5113 2.1346 0.0163
57134.4730 2.2459 0.0803
