52730.5625 1.2980 0.0297
53911.3297 0.7325 0.0157
53853.4310 0.6770 0.0158
52698.6084 1.1444 0.0093
53524.3022 0.6985 0.0088
53847.5754 0.7179 0.0239
53851.4212 0.6823 0.0174
53466.6127 0.6617 0.0098
52710.6200 1.1992 0.0120
57420.5893 0.8812 0.0275
57479.5695 0.9048 0.0296
57508.4313 0.8423 0.0246
56712.5028 0.7568 0.0312
53799.4817 0.6695 0.0154
57213.3111 0.8331 0.0231
52817.2960 1.0407 0.0216
57216.3016 0.8383 0.0257
57433.5495 0.9511 0.0225
56751.3665 0.7931 0.0324
57542.3819 0.7881 0.0226
56715.5742 0.7415 0.0284
57547.4153 0.7284 0.0236
53769.6082 0.7025 0.0091
57223.3865 0.9130 0.0270
57520.3365 0.7628 0.0294
53146.4901 0.9110 0.0110
57134.4948 0.7984 0.0298
56805.4334 0.8069 0.0347
53473.5879 0.6673 0.0121
53121.5132 1.0152 0.0101
52813.3474 1.1734 0.0133
53175.3845 0.8499 0.0100
56811.4563 0.7813 0.0334
53855.4161 0.6819 0.0103
56722.4714 0.7874 0.0337
53200.2667 0.7770 0.0106
53943.3027 0.6614 0.0106
53138.4614 0.9332 0.0113
53109.5778 1.1211 0.0153
53178.3751 0.8211 0.0100
53149.3330 0.8732 0.0103
52722.5967 1.2221 0.0233
53916.3248 0.6657 0.0138
52792.4193 1.1229 0.0186
53117.4850 1.0694 0.0101
53766.6170 0.7201 0.0094
53495.4394 0.6694 0.0106
52815.2953 1.0473 0.0075
53462.4916 0.7460 0.0378
53772.6264 0.7165 0.0110
53165.4100 0.8578 0.0100
56776.4831 0.8117 0.0329
53527.3526 0.6810 0.0099
53195.3465 0.8132 0.0100
53743.6336 0.6823 0.0088
53518.4479 0.6931 0.0240
53083.6071 1.1802 0.0111
57220.2885 0.8207 0.0267
57160.5082 0.8202 0.0343
52791.4573 1.0634 0.0192
52721.6238 1.2660 0.0318
53888.4048 0.6609 0.0135
57166.3545 0.8297 0.0372
53883.3893 0.6459 0.0124
56798.4458 0.7710 0.0382
52790.4020 1.1014 0.0385
53936.3058 0.6886 0.0118
53892.3754 0.6766 0.0241
56780.3308 0.8776 0.0385
53875.3578 0.6613 0.0107
56835.3422 0.7156 0.0377
56723.5130 0.7622 0.0372
53500.3150 0.7068 0.0118
53859.3678 0.6680 0.0163
57191.4561 0.7640 0.0305
53502.3879 0.6856 0.0130
53523.4194 0.6918 0.0177
57078.4933 0.7049 0.0353
53553.4142 0.6647 0.0135
56744.5395 0.7267 0.0422
56833.3525 0.7996 0.0421
57492.5699 0.7933 0.0313
53939.3099 0.6687 0.0135
53551.3322 0.6656 0.0128
56778.3206 0.7657 0.0403
57123.5751 0.7540 0.0395
53505.3881 0.6719 0.0225
56783.3698 0.8363 0.0566
53906.3695 0.6565 0.0153
53531.3637 0.6537 0.0132
56781.3727 0.7523 0.0445
57157.4678 0.8000 0.0386
53463.5958 0.6828 0.0296
56841.3440 0.7548 0.0522
56831.3389 0.7443 0.0422
56772.5633 0.8276 0.0550
53469.5204 0.6688 0.0164
53563.3409 0.6448 0.0295
56801.3751 0.8658 0.0439
53879.3132 0.6540 0.0171
53390.6473 0.6494 0.0164
53890.4800 0.6897 0.0592
54176.4790 8.4249 0.3211
57105.5735 0.8769 0.0727
53198.3064 0.7810 0.0922
56809.4815 0.7673 0.0615
57185.4924 0.7968 0.0449
56803.4907 0.7809 0.0635
53578.3367 0.6952 0.0328
57104.5235 0.6805 0.0647
53583.3013 0.6371 0.0266
56837.3433 0.8376 0.0661
53411.6304 0.6323 0.0211
