53462.4908 5.2936 0.0332
53847.5741 6.8986 0.0418
57420.5601 6.2382 0.0344
56743.5069 7.2221 0.0313
53911.3288 6.5793 0.0193
53851.4182 7.0321 0.0168
52730.5552 4.3634 0.0375
53853.4352 6.9448 0.0169
53586.2942 5.8841 0.0121
53524.3013 5.7166 0.0105
54186.5147 5.9447 0.0173
52698.6084 4.3094 0.0108
54531.5740 6.3347 0.0102
57547.4029 6.0967 0.0271
57433.5366 6.6827 0.0266
57542.3692 6.0494 0.0264
57479.5560 6.0336 0.0298
57508.4183 5.9957 0.0277
53466.6127 4.6609 0.0115
57520.3222 5.9696 0.0302
52710.6200 4.0035 0.0132
53583.3046 5.8293 0.0128
57492.5565 6.0632 0.0329
57213.2917 6.8119 0.0479
53799.4817 6.8415 0.0191
52817.2960 4.2635 0.0246
54262.4012 6.4089 0.0141
57123.5612 5.7005 0.0933
54209.4929 6.0391 0.0124
54624.3824 6.5967 0.0128
53505.3888 5.3477 0.0179
53769.6082 6.5670 0.0127
54561.4254 6.1159 0.0125
57220.2676 6.5502 0.0532
53146.4901 5.4346 0.0135
54151.6503 5.9683 0.0145
54153.5968 5.9568 0.0138
54117.6461 5.9934 0.0125
54213.5722 5.9700 0.0160
57157.4443 6.6925 0.0480
53855.4161 6.1989 0.0137
54524.5266 5.5997 0.0185
53553.4142 6.1547 0.0139
54144.5888 5.8895 0.0136
53578.3431 5.1816 0.0173
53411.6236 5.5287 0.0125
54511.5807 5.9635 0.0112
54614.3924 6.4656 0.0141
53936.3074 6.5507 0.0144
54255.3352 6.4359 0.0181
54600.4459 6.7093 0.0287
53892.3770 6.6996 0.0236
53200.2667 4.6508 0.0125
54621.4059 6.6421 0.0135
54266.2923 6.4409 0.0136
54557.5455 6.3533 0.0136
54234.4877 6.0840 0.0133
53859.3669 5.8950 0.0168
53473.5879 5.1451 0.0144
53121.5132 5.4421 0.0128
57216.2769 6.8499 0.0451
54179.5219 5.9458 0.0132
54563.4941 6.2220 0.0140
52813.3474 4.2067 0.0151
54570.4287 6.5107 0.0251
54588.5522 6.5794 0.0173
53175.3845 5.2905 0.0126
53883.3893 6.7630 0.0149
54183.5063 5.8925 0.0140
53551.3290 6.2063 0.0132
53939.3067 6.5575 0.0144
53875.3594 6.8040 0.0137
53772.6264 6.5993 0.0148
52792.4193 4.0258 0.0203
54201.4537 6.0867 0.0140
54535.5077 5.9407 0.0124
53446.5324 5.5921 0.0129
53943.3027 6.4030 0.0145
53138.4614 5.5969 0.0138
53109.5778 5.7202 0.0175
53469.5188 5.1433 0.0131
53178.3751 5.3008 0.0124
53149.3330 5.5027 0.0126
53906.3684 6.5110 0.0162
52722.5967 4.1498 0.0238
53390.6489 4.8449 0.0130
53531.3615 5.8867 0.0135
53916.3248 6.5980 0.0173
53117.4850 5.7399 0.0127
53766.6170 6.5976 0.0135
54259.3128 6.3877 0.0129
53495.4394 5.2355 0.0134
52815.2953 4.3146 0.0087
54597.4509 6.6811 0.0132
54176.5642 5.9452 0.0134
54124.6309 5.1256 0.0123
54205.4858 6.0658 0.0148
54594.4526 6.6645 0.0133
53165.4100 5.2674 0.0122
54618.4140 6.6856 0.0132
53527.3526 5.9199 0.0130
54591.3863 6.6542 0.0129
53195.3465 4.9523 0.0123
53743.6336 6.2662 0.0126
54229.4787 6.0373 0.0204
53518.4479 5.5956 0.0252
54538.5772 5.9243 0.0147
54113.6612 5.9985 0.0161
53083.6071 5.9225 0.0137
53502.3879 5.3222 0.0139
57160.3902 6.9513 0.0563
57223.3633 6.8904 0.0466
54120.6630 5.4932 0.0161
53879.3083 6.7685 0.0147
53500.3158 5.2927 0.0131
53888.4064 6.6942 0.0152
54528.5221 6.4823 0.0118
52791.4573 4.1037 0.0210
52721.6238 4.4084 0.0323
57459.5423 6.2328 0.0402
56811.4286 6.9368 0.0431
57134.4814 6.4448 0.0773
56776.4550 7.1653 0.0479
56841.3128 6.8828 0.0515
56772.5313 7.1611 0.0539
56783.3361 7.0021 0.0566
56780.3019 7.0066 0.0527
56778.2926 7.0375 0.0502
56741.5892 7.3556 0.0615
56744.5487 7.3989 0.0504
56781.3448 7.1235 0.0550
56837.3164 6.8011 0.0456
56722.4431 7.1326 0.0471
56809.4513 6.9961 0.0475
56798.4174 7.0031 0.0435
56835.3144 6.8168 0.0435
56803.4007 6.9420 0.0519
56831.3117 6.8703 0.0439
57567.2972 6.2483 0.0446
56712.4754 7.3612 0.0481
52790.4020 4.1726 0.0397
56805.4052 6.8797 0.0464
56807.2850 6.8874 0.0460
57078.4375 6.6941 0.0464
56801.3407 6.9558 0.0487
57194.4042 7.0236 0.0398
57191.4313 7.0752 0.0566
56751.3388 7.1871 0.0519
57133.4154 6.8715 0.0398
56715.5467 7.2047 0.0457
53463.5851 5.2461 0.0231
56833.3206 6.7691 0.0443
56723.4853 7.2515 0.0474
56839.3084 6.7412 0.0480
53523.4194 5.7051 0.0208
54620.3602 6.6626 0.0338
53563.3393 5.8911 0.0262
57185.4561 7.0211 0.0534
57166.3209 6.8910 0.0772
57460.4772 6.0815 0.0920
57195.4008 7.2149 0.0630
57105.5603 7.0766 0.0628
53890.4800 6.5608 0.0775
56721.5940 7.2695 0.1267
53198.3064 5.2862 0.0969
57104.4590 7.1142 0.0803
53770.6182 6.5664 0.0289
