57420.5718 6.4619 0.0337
56833.3442 6.2392 0.0430
52814.3124 5.2535 0.0097
56741.6247 6.3021 0.0647
56805.4265 6.4130 0.0501
56781.3651 6.2997 0.0535
57492.5616 6.3881 0.0412
56798.4382 6.4070 0.0466
57542.3753 6.8898 0.0398
56841.3344 6.2797 0.0529
57157.4605 5.6801 0.0428
57520.3289 6.5868 0.0444
56801.3611 6.3851 0.0508
56776.4755 6.1217 0.0474
56809.4728 6.4773 0.0523
56839.3294 6.1872 0.0506
57508.4244 6.3913 0.0407
57191.4470 5.9773 0.0405
56722.4643 6.7181 0.0481
57134.4858 5.3152 0.0410
56835.3351 6.1820 0.0457
56723.5056 6.6418 0.0502
56811.4492 6.5868 0.0468
57223.3789 6.2407 0.0415
57216.2922 6.1214 0.0416
56778.3129 6.3207 0.0509
56783.3617 6.3057 0.0585
57220.2801 6.3405 0.0423
56772.5541 6.3857 0.0559
56807.3055 6.6016 0.0487
56780.3231 6.1823 0.0506
56837.3376 6.1290 0.0480
56831.3322 6.2512 0.0449
57547.4087 6.8651 0.0401
56751.3593 6.3836 0.0500
56744.5318 6.4122 0.0503
56712.4957 6.5116 0.0483
57479.5619 6.4976 0.0439
56715.5670 6.6425 0.0453
57213.3036 5.9977 0.0378
57433.5416 6.6880 0.0390
56803.4819 6.3780 0.0692
57160.4616 5.7032 0.0480
57078.4859 5.1679 0.0434
57166.3455 5.7927 0.0542
57105.5711 5.1830 0.0611
57104.5060 5.0908 0.0508
57185.4795 5.8143 0.0705
57123.5621 5.2908 0.0806
57567.3097 6.4843 0.1085
