53847.5729 2.3059 0.0255
53462.4931 2.4718 0.0236
53911.3288 2.8311 0.0182
53851.4182 2.3319 0.0153
56743.5064 2.6263 0.0275
52730.5552 1.8021 0.0358
53853.4352 2.3350 0.0155
53586.2942 3.0846 0.0113
53524.3013 3.1238 0.0097
54186.5147 1.7366 0.0162
54531.5740 2.5873 0.0086
57420.5495 4.1428 0.0316
53466.6127 2.5473 0.0107
52710.6200 1.7767 0.0121
53583.3046 3.1235 0.0117
54570.4284 2.5617 0.0222
53799.4817 2.5477 0.0171
52817.2960 1.8381 0.0232
54262.4012 1.6461 0.0119
54209.4929 1.6839 0.0101
54624.3824 4.3349 0.0119
53769.6082 2.6153 0.0106
53505.3888 3.0140 0.0173
54561.4254 2.5213 0.0107
53146.4901 2.6222 0.0121
54151.6503 1.7559 0.0121
54153.5968 1.7649 0.0112
54117.6461 1.8151 0.0100
54213.5722 1.7298 0.0136
54524.5266 2.5946 0.0175
53553.4142 3.3442 0.0126
54144.5888 1.7062 0.0112
53578.3431 3.1877 0.0166
53411.6236 2.5577 0.0109
54511.5807 2.6627 0.0094
54614.3924 3.9709 0.0129
54255.3352 1.6965 0.0165
54600.4459 3.4622 0.0282
53200.2667 2.8409 0.0117
54621.4059 4.2695 0.0124
54266.2923 1.6735 0.0110
54557.5455 2.5418 0.0115
54234.4877 1.7390 0.0109
53859.3669 2.3718 0.0154
53473.5879 2.5990 0.0133
53121.5132 2.4903 0.0113
54591.3863 3.1235 0.0111
54179.5219 1.7772 0.0108
54563.4941 2.5314 0.0120
52813.3474 1.8168 0.0138
54588.5522 3.0553 0.0157
53175.3845 2.6976 0.0112
53883.3893 2.6417 0.0127
53109.5778 2.3601 0.0160
54183.5063 1.7202 0.0116
53551.3290 3.4617 0.0119
53939.3067 2.8144 0.0125
57567.2958 5.3767 0.0398
53875.3594 2.5645 0.0113
53772.6264 2.6778 0.0127
52792.4193 1.6916 0.0191
54201.4537 1.7406 0.0115
53527.3526 3.2909 0.0118
54535.5077 2.5769 0.0106
53446.5324 2.4991 0.0113
53943.3027 2.8187 0.0125
54259.3128 1.7085 0.0101
53138.4614 2.5326 0.0124
53469.5188 2.5399 0.0117
53178.3751 2.7044 0.0110
53149.3330 2.7481 0.0114
53906.3684 2.7761 0.0140
52722.5967 1.7067 0.0230
53390.6489 2.8075 0.0121
53531.3615 3.3646 0.0123
53916.3248 2.8169 0.0155
53117.4850 2.4375 0.0110
53766.6170 2.6564 0.0112
53495.4394 2.9886 0.0123
54597.4509 3.3127 0.0114
54176.5642 1.7476 0.0110
54124.6309 1.7748 0.0104
54205.4858 1.7212 0.0125
54594.4526 3.2056 0.0115
53165.4100 2.7588 0.0110
54618.4140 4.2222 0.0121
53195.3465 2.8077 0.0112
54229.4787 1.6302 0.0188
53855.4161 2.3986 0.0117
53518.4479 3.0060 0.0247
54538.5772 2.5648 0.0128
54113.6612 1.8763 0.0145
53083.6071 2.3003 0.0117
53502.3879 3.0110 0.0130
53892.3770 2.7699 0.0226
54120.6630 1.7999 0.0145
53879.3083 2.6157 0.0124
53500.3158 3.0096 0.0120
53888.4064 2.6949 0.0133
54528.5221 2.6310 0.0098
52791.4573 1.6488 0.0196
52721.6238 1.6744 0.0316
56741.5892 2.5580 0.0561
56811.4286 2.2617 0.0356
57213.2820 2.9601 0.0309
56776.4550 2.4298 0.0407
56841.3128 2.1098 0.0454
57216.2706 2.8630 0.0333
56772.5313 2.3199 0.0479
56783.3361 2.3098 0.0512
56780.3019 2.2379 0.0461
57433.5227 4.4506 0.0336
57459.5423 4.5474 0.0376
57160.3607 2.8114 0.0314
57547.3894 4.5684 0.0352
56744.5487 2.7161 0.0437
56781.3448 2.4008 0.0487
57223.3574 2.7801 0.0343
56837.3164 2.1339 0.0383
56722.4431 2.7614 0.0403
56809.4513 2.2254 0.0398
56798.4174 2.1970 0.0361
56835.3144 2.0568 0.0357
56803.4007 2.2013 0.0449
56831.3117 2.1257 0.0360
56712.4754 2.6572 0.0410
52790.4020 1.7230 0.0382
57520.3067 4.1083 0.0409
57508.4044 4.1036 0.0361
56805.4052 2.1195 0.0389
56807.2850 2.1427 0.0379
57078.4375 2.2967 0.0414
57479.5414 4.3488 0.0392
53743.6315 2.6312 0.0118
56801.3407 2.1531 0.0414
53936.3058 2.7903 0.0138
57194.4042 2.9610 0.0337
56778.2926 2.3167 0.0432
56751.3388 2.5712 0.0456
57133.4154 2.4882 0.0334
56715.5467 2.6312 0.0385
57157.4382 2.7587 0.0379
53463.5851 2.4991 0.0219
56833.3206 2.1121 0.0370
52815.2957 1.9431 0.0087
57220.2575 2.8454 0.0401
57542.3556 4.4474 0.0347
56723.4853 2.5853 0.0403
56839.3084 2.0762 0.0409
53523.4194 3.1618 0.0196
54620.3602 4.2216 0.0312
53563.3393 3.2169 0.0249
57185.4561 2.9518 0.0468
57492.5382 4.1607 0.0481
57191.4231 3.0732 0.0436
57166.3209 2.8592 0.0696
57460.4772 4.4491 0.0879
57134.4685 2.4757 0.0593
52698.6098 1.8781 0.0193
57123.5324 2.5916 0.0716
57195.4008 3.0239 0.0534
57105.5603 2.5861 0.0525
53890.4800 2.7078 0.0695
56721.5940 2.6664 0.1113
53198.3064 2.6695 0.0940
57104.4590 2.6379 0.0655
53770.6182 2.6932 0.0237
