52730.5712 3.7234 0.0272
53462.4914 3.6877 0.0273
53847.5729 2.7748 0.0247
53911.3288 3.1337 0.0172
53851.4182 8.3448 0.0167
53853.4352 2.8338 0.0150
53586.2942 3.5551 0.0110
53524.3013 3.6713 0.0096
54186.5147 2.9571 0.0162
54531.5740 2.3175 0.0082
57420.5763 2.5616 0.0308
53466.6127 3.7846 0.0110
52710.6200 3.6681 0.0131
53583.3046 3.5849 0.0115
54570.4284 2.3797 0.0217
53799.4817 3.4117 0.0167
52817.2960 3.6325 0.0252
54262.4012 3.0276 0.0122
54209.4929 2.9936 0.0106
54624.3824 2.6533 0.0103
53769.6082 3.3565 0.0107
53505.3888 3.7836 0.0172
56801.3688 2.1260 0.0420
54561.4254 2.4473 0.0103
53146.4901 2.4490 0.0118
54535.5077 2.3121 0.0100
54151.6503 3.2858 0.0127
54153.5968 3.2689 0.0119
54229.4787 2.9371 0.0189
54117.6461 3.2289 0.0107
54213.5722 2.9585 0.0139
54524.5266 2.3387 0.0170
53553.4142 3.4958 0.0121
54144.5888 3.3350 0.0120
53578.3431 3.6136 0.0162
53411.6236 3.5071 0.0113
54511.5807 2.5609 0.0089
52814.3124 3.5992 0.0093
53936.3074 3.2176 0.0120
54255.3352 3.0766 0.0166
54600.4459 2.5758 0.0271
54621.4059 2.6110 0.0108
54266.2923 3.0527 0.0115
54557.5455 2.4144 0.0111
54234.4877 2.9971 0.0113
53859.3669 2.7714 0.0152
53121.5132 2.4493 0.0110
54591.3863 2.4374 0.0102
54179.5219 2.9131 0.0112
54563.4941 2.4285 0.0116
52813.3474 3.5444 0.0146
54588.5522 2.4278 0.0148
53175.3845 2.1868 0.0106
53883.3893 2.9286 0.0123
53200.2667 2.4487 0.0113
53109.5778 2.4860 0.0157
54183.5063 2.9499 0.0120
53551.3290 3.5714 0.0115
53939.3067 3.2921 0.0121
53875.3594 2.8854 0.0110
56833.3478 2.1894 0.0404
54614.3924 2.6273 0.0116
53446.5324 3.6282 0.0117
53943.3027 3.3172 0.0122
54259.3128 3.0443 0.0107
53138.4614 2.5314 0.0120
53469.5188 3.7937 0.0122
53178.3751 2.1585 0.0105
53149.3330 2.4307 0.0110
53906.3684 3.1707 0.0136
52722.5967 3.6910 0.0239
53390.6489 3.2761 0.0120
53531.3615 3.6474 0.0120
53916.3248 3.2108 0.0149
53117.4850 2.4629 0.0108
53766.6170 3.3246 0.0112
53495.4394 3.9192 0.0125
53083.6071 2.7004 0.0119
54528.5221 2.3870 0.0093
53473.5879 3.8263 0.0136
54176.5642 2.9257 0.0115
54124.6309 3.2186 0.0110
54205.4858 2.9950 0.0128
54594.4526 2.4919 0.0105
53165.4100 2.2900 0.0105
54618.4140 2.6208 0.0107
53527.3526 3.6434 0.0116
53772.6264 3.3498 0.0126
53195.3465 2.3904 0.0107
53743.6336 3.3353 0.0106
53888.4064 3.0014 0.0129
53518.4479 3.7155 0.0245
54538.5772 2.3122 0.0122
54113.6612 3.2724 0.0149
53855.4161 2.8036 0.0114
53502.3879 3.8161 0.0130
54597.4509 2.5227 0.0105
53892.3770 3.2362 0.0219
54120.6630 3.1882 0.0149
53879.3083 2.9523 0.0120
54201.4537 3.0033 0.0119
53500.3158 3.8762 0.0122
52791.4573 3.4953 0.0204
56831.3363 2.3140 0.0394
52721.6238 3.6751 0.0322
56798.4422 2.0114 0.0422
56723.5097 2.2119 0.0442
56809.4772 2.0974 0.0490
57547.4125 2.5133 0.0333
56807.3096 2.0517 0.0436
56780.3275 2.1193 0.0461
56778.3170 2.0624 0.0449
56776.4795 2.0817 0.0424
56781.3691 2.0826 0.0509
57123.5698 2.4373 0.0575
57213.3079 2.6750 0.0328
57223.3832 2.6189 0.0370
56751.3634 1.9322 0.0432
56805.4306 2.1356 0.0430
57433.5460 2.7082 0.0323
56835.3395 2.2328 0.0398
57216.2975 2.7154 0.0357
56744.5358 1.9402 0.0456
56772.5585 2.0894 0.0509
52790.4020 3.5344 0.0387
56722.4684 2.1159 0.0410
57492.5660 2.5048 0.0378
57542.3791 2.5314 0.0322
52792.4193 3.4953 0.0211
56715.5711 2.1444 0.0386
56712.4997 2.2309 0.0422
57220.2845 2.7457 0.0375
56841.3393 2.2599 0.0469
53122.4995 2.4353 0.0080
56839.3341 2.2050 0.0461
57520.3333 2.4328 0.0396
57134.4907 2.6068 0.0406
57479.5663 2.5108 0.0397
56803.4885 2.1310 0.0553
56837.3417 2.2116 0.0420
53463.5851 3.7039 0.0221
52815.2957 3.7021 0.0096
57191.4517 2.6142 0.0386
57157.4650 2.5840 0.0401
57160.5054 2.4517 0.0393
56811.4533 2.1876 0.0402
57508.4284 2.4971 0.0342
53523.4194 3.6357 0.0191
56783.3659 2.0555 0.0541
57166.3513 2.5018 0.0456
54620.3589 2.5579 0.0271
53563.3393 3.5551 0.0243
57185.4838 2.5334 0.0557
56741.6268 2.0864 0.1149
57105.5730 2.4045 0.0574
57078.4898 2.2127 0.0489
53890.4800 3.1635 0.0651
53198.3064 2.4496 0.0914
54619.3119 2.7886 0.0611
57104.5182 2.4257 0.0548
