57420.5518 6.2260 0.0439
56743.5069 3.4059 0.0291
57567.2954 3.6570 0.0269
57547.3913 3.6469 0.0241
57433.5246 3.5950 0.0232
57520.3089 3.5772 0.0288
57542.3576 3.6660 0.0239
57479.5434 3.6856 0.0296
57459.5445 3.5483 0.0262
57508.4065 3.6620 0.0248
53475.5639 3.3872 0.0089
57492.5408 3.5701 0.0309
56781.3448 3.3745 0.0517
56776.4550 3.4285 0.0436
56780.3019 3.2757 0.0493
56831.3117 3.5515 0.0398
56778.2926 3.4336 0.0463
56835.3144 3.5738 0.0396
56712.4754 3.4112 0.0436
56723.4853 3.3493 0.0428
56805.4052 3.4426 0.0427
56741.5892 3.5375 0.0595
57160.3607 3.5757 0.0333
57133.4154 3.5856 0.0359
57194.4042 3.5859 0.0356
56715.5467 3.4803 0.0412
57157.4382 3.6412 0.0398
56744.5487 3.3767 0.0461
56841.3128 3.6411 0.0492
57216.2706 3.4947 0.0352
57223.3574 3.5565 0.0362
56751.3388 3.3994 0.0480
56837.3164 3.4398 0.0417
56833.3206 3.5896 0.0407
56807.2850 3.3498 0.0419
56839.3084 3.5405 0.0448
57213.2820 3.5426 0.0324
56722.4431 3.4547 0.0430
57078.4375 3.5781 0.0433
57220.2575 3.5392 0.0414
56772.5313 3.4841 0.0509
56801.3407 3.4391 0.0447
56803.4007 3.3914 0.0483
56809.4513 3.5484 0.0438
56783.3361 3.3763 0.0542
56798.4174 3.4041 0.0392
56811.4286 3.3273 0.0389
57185.4561 3.3802 0.0486
57123.5349 7.9998 0.1716
57191.4231 3.5779 0.0453
57460.4772 3.7749 0.0878
53883.4566 3.3349 0.0123
57195.4008 3.3124 0.0554
57166.3209 3.5105 0.0718
57105.5603 3.6368 0.0561
53884.4341 3.4654 0.0128
57134.4685 3.8473 0.0639
56721.5940 3.3370 0.1173
57419.5304 3.6583 0.1104
53467.5113 3.3136 0.0173
54620.3656 3.3076 0.0476
57104.4590 3.6677 0.0703
53770.6182 3.4114 0.0254
