57420.5648 2.5703 0.0296
52814.3124 3.1311 0.0088
57191.4456 2.4055 0.0343
53496.3516 2.9857 0.0078
56833.3407 1.9744 0.0373
56831.3281 2.1039 0.0386
56783.3558 1.6372 0.0571
57520.3246 3.2767 0.0397
56805.4223 1.7288 0.0431
56723.5016 1.7820 0.0422
57157.4560 2.2874 0.0383
57123.5575 2.2785 0.0549
57542.3711 3.6956 0.0331
57160.3779 2.2486 0.0316
57479.5576 2.6981 0.0387
56776.4714 1.6766 0.0404
56798.4341 1.8029 0.0388
56835.3306 2.1005 0.0392
56803.4771 1.7863 0.0513
56837.3334 2.0672 0.0417
57492.5572 2.6784 0.0371
56809.4686 1.8199 0.0438
56839.3248 1.9988 0.0444
57216.2878 2.2542 0.0347
56778.3088 1.6477 0.0430
57134.4855 2.0648 0.0376
56801.3570 1.8553 0.0426
56780.3187 1.5720 0.0448
56744.5276 1.6853 0.0433
57433.5379 2.8461 0.0314
57223.3746 2.1993 0.0353
56715.5630 1.8792 0.0383
56781.3610 1.5147 0.0486
57220.2754 2.1700 0.0353
56811.4451 1.9195 0.0392
56722.4603 1.9044 0.0404
57508.4204 3.0000 0.0348
56751.3553 1.6055 0.0437
56807.3013 1.8392 0.0390
56841.3295 2.0931 0.0483
57567.3072 3.6632 0.0381
56712.4916 2.0736 0.0420
57547.4049 3.8324 0.0344
56772.5497 1.7119 0.0493
56741.6132 1.8008 0.0766
57213.2988 2.2646 0.0383
52793.2667 3.0619 0.0285
57104.4873 2.2140 0.0433
57166.3406 2.2075 0.0648
57185.4755 2.2603 0.0430
57078.4806 2.3377 0.0489
57105.5696 2.2734 0.0781
53388.6169 3.8384 0.0204
53770.6220 3.8937 0.0287
54620.3581 2.7846 0.0464
