57420.5672 0.9819 0.0298
52814.3124 0.9806 0.0079
56833.3407 0.9784 0.0366
56831.3281 1.0867 0.0378
56783.3558 1.0424 0.0573
57520.3246 0.9296 0.0383
56772.5497 1.0269 0.0495
56805.4223 0.9820 0.0429
57191.4422 0.7048 0.0343
56723.5016 1.0397 0.0418
57479.5576 1.0527 0.0381
57123.5575 0.9600 0.0550
57542.3711 1.0605 0.0297
57160.3779 0.8206 0.0302
57157.4560 0.8077 0.0371
56776.4714 1.1457 0.0404
56798.4341 1.1213 0.0386
56835.3306 1.0105 0.0382
56803.4771 0.9400 0.0512
56837.3334 1.0160 0.0408
57492.5572 1.0325 0.0358
56809.4686 1.1779 0.0438
56839.3248 1.1139 0.0439
57216.2878 0.7246 0.0331
56778.3088 1.1374 0.0432
57134.4855 0.8071 0.0368
56801.3570 1.0818 0.0423
56780.3187 1.0950 0.0450
56744.5276 1.0073 0.0430
57433.5379 1.0408 0.0296
56715.5630 0.9077 0.0376
56781.3610 1.0910 0.0488
56811.4451 1.0305 0.0386
56722.4603 0.8706 0.0396
57508.4204 1.0127 0.0328
56751.3553 1.0403 0.0437
56807.3013 1.1169 0.0389
56841.3295 0.9198 0.0476
57567.3072 0.9277 0.0348
56712.4916 0.9906 0.0411
57547.4049 0.9239 0.0306
57104.4873 0.9216 0.0423
57220.2765 0.7569 0.0505
56741.6149 1.0315 0.0527
57166.3406 0.9512 0.0640
57185.4755 0.7897 0.0413
57078.4806 1.0241 0.0478
57213.2983 0.6664 0.0425
57105.5696 1.1064 0.0767
57223.3763 0.7825 0.0581
53770.6220 1.0834 0.0245
54620.3581 1.1195 0.0423
