57479.5240 2.0977 0.0222
56715.4984 2.4405 0.0334
57420.5453 1.9258 0.0302
56803.4112 2.1652 0.0347
56743.5101 2.4361 0.0340
56741.5899 2.3554 0.0509
57567.2896 2.3337 0.0281
56723.4803 2.5541 0.0359
56781.3397 2.3906 0.0449
56809.4460 2.1869 0.0354
56721.5901 2.4338 0.0401
56798.4117 2.2610 0.0315
56778.2875 2.3050 0.0384
56805.4000 2.3600 0.0331
57508.3994 2.1976 0.0270
56837.3096 2.2813 0.0334
57520.3008 2.0728 0.0416
57542.3509 2.2026 0.0251
56776.4499 2.3089 0.0348
57460.4734 2.1688 0.0281
56833.3155 2.2888 0.0322
53475.5639 2.5290 0.0086
56780.2967 2.3649 0.0414
56835.3093 2.2110 0.0314
56831.3066 2.2537 0.0318
56744.5344 2.4331 0.0355
56751.3336 2.3911 0.0418
56811.4234 2.3229 0.0315
56783.3308 2.2746 0.0459
56841.3074 2.1227 0.0407
57492.5332 2.3363 0.0307
56801.3352 2.3475 0.0371
56839.3033 2.1911 0.0358
57459.5373 2.1547 0.0286
56772.5257 2.3306 0.0434
56807.2799 2.3257 0.0354
56712.4708 2.5542 0.0395
57433.5183 1.9353 0.0270
57216.2664 2.2905 0.0332
56829.3208 2.2369 0.0465
56800.5027 2.1738 0.0684
57213.2777 2.2244 0.0300
57194.3999 2.0744 0.0329
57133.4106 2.2597 0.0316
57220.2508 2.0926 0.0883
57223.3531 2.0612 0.0334
57157.4336 2.1596 0.0349
57160.3564 2.2192 0.0308
56722.4392 2.5816 0.0460
57547.3854 2.2099 0.0279
57419.5251 1.8514 0.0609
57191.4184 2.1981 0.0438
57156.4565 2.1096 0.0593
57185.4502 2.1439 0.0561
57123.5278 2.2352 0.0889
57104.4484 2.3698 0.0458
57134.4666 2.2702 0.0567
56711.5225 2.5576 0.0821
57195.3988 2.1123 0.0530
57078.4234 2.5006 0.0540
57166.3176 2.1008 0.0931
57105.5577 2.3585 0.0744
53467.5113 2.4549 0.0166
