57420.5631 7.4246 0.0275
56833.3410 5.9287 0.0312
57134.4847 7.5485 0.0387
57191.4423 7.1024 0.0352
56780.3163 6.5062 0.0422
56839.3224 5.7054 0.0399
56841.3271 5.9793 0.0430
56805.4199 6.1973 0.0402
56741.6106 6.3534 0.0515
57160.3754 7.4340 0.0325
57479.5551 7.5860 0.0368
57433.5356 7.8924 0.0330
57520.3220 7.8856 0.0378
56715.5606 5.9168 0.0362
57542.3689 8.0016 0.0333
57216.2853 7.2345 0.0342
56809.4661 6.2124 0.0414
57508.4181 7.7204 0.0353
56751.3529 6.7150 0.0416
57220.2729 7.4416 0.0359
56778.3065 6.6991 0.0412
56776.4690 6.5085 0.0394
57223.3721 7.4725 0.0352
56837.3308 5.8901 0.0385
56801.3546 6.1685 0.0395
57157.4534 7.3261 0.0360
57492.5547 7.7051 0.0357
56783.3527 5.8894 0.0483
56831.3257 5.7809 0.0360
57547.4026 7.7681 0.0337
56803.4743 6.1620 0.0447
57567.3047 8.2126 0.0387
56722.4579 6.1157 0.0378
56807.2989 6.1927 0.0387
56723.4992 6.0622 0.0398
56781.3587 6.1346 0.0436
56835.3283 5.8122 0.0364
56712.4893 5.7514 0.0381
56811.4427 6.1499 0.0372
57123.5539 7.3871 0.0466
56772.5471 6.5606 0.0455
56798.4318 6.3618 0.0367
56744.5252 6.4936 0.0401
57213.2961 7.0475 0.0358
57078.4774 6.5060 0.0451
57133.6087 7.4194 0.0540
57166.3383 7.4631 0.0468
57185.4723 7.1119 0.0495
53496.3580 5.2615 0.0142
57104.4841 7.2880 0.0549
57105.5696 7.2745 0.0956
53770.6220 5.7889 0.0314
53388.6233 5.6480 0.0253
54620.3581 8.4082 0.0615
