53462.4908 7.2732 0.0343
53847.5729 3.9090 0.0260
53911.3288 3.3861 0.0184
53851.4182 3.8720 0.0159
56743.5064 2.3780 0.0272
52730.5552 7.1875 0.0426
53853.4352 3.8396 0.0161
53586.2942 5.5770 0.0124
53524.3013 6.1154 0.0110
54186.5147 4.3942 0.0171
52698.6084 7.5117 0.0125
54531.5740 2.6806 0.0086
57420.5495 2.1873 0.0298
53466.6127 7.2829 0.0129
52710.6200 6.6469 0.0148
53583.3046 5.5565 0.0130
54570.4284 2.5572 0.0222
53799.4817 4.1048 0.0181
52817.2960 6.1817 0.0277
54262.4012 3.7293 0.0131
54176.5505 4.1017 0.0125
54209.4929 4.0038 0.0116
54624.3824 2.6192 0.0107
53505.3888 6.4244 0.0187
53769.6082 4.3660 0.0118
54561.4254 2.5945 0.0107
53146.4901 8.9605 0.0156
54151.6503 4.4685 0.0140
54153.5968 4.4443 0.0133
54117.6461 4.8377 0.0122
54213.5722 3.8440 0.0151
54524.5266 2.7070 0.0176
53553.4142 5.9667 0.0143
54144.5888 4.3744 0.0131
53578.3431 5.3888 0.0180
53411.6236 6.3453 0.0134
54511.5807 2.7806 0.0095
54614.3924 2.6397 0.0120
53936.3074 3.2345 0.0127
54255.3352 3.9560 0.0175
54600.4459 2.7039 0.0280
53200.2667 8.3498 0.0148
54621.4059 2.6457 0.0113
52790.4028 7.1732 0.1361
54266.2923 3.6452 0.0124
54557.5455 2.6447 0.0116
54234.4877 3.7733 0.0123
53859.3669 3.9108 0.0162
53473.5879 7.3416 0.0160
53121.5132 8.5557 0.0148
54591.3863 2.6788 0.0108
54179.5219 4.4118 0.0126
54563.4941 2.6317 0.0121
52813.3474 6.1969 0.0169
54588.5522 2.5750 0.0154
53175.3845 9.7469 0.0154
53883.3893 3.6011 0.0134
54183.5063 4.4582 0.0135
53551.3290 6.1910 0.0136
53939.3067 3.2504 0.0128
53875.3594 3.6877 0.0122
53772.6264 4.3846 0.0139
52792.4193 7.1756 0.0228
54201.4537 4.0663 0.0131
53527.3526 6.3722 0.0136
54535.5077 2.6890 0.0106
53446.5324 7.9479 0.0146
53943.3027 3.1993 0.0128
54259.3128 3.7884 0.0116
53138.4614 8.9038 0.0160
53109.5778 8.5651 0.0193
53469.5188 7.2336 0.0146
53178.3751 9.6555 0.0150
53149.3330 9.1214 0.0147
53906.3684 3.3039 0.0144
52722.5967 6.6237 0.0252
53390.6489 6.3219 0.0142
53531.3615 6.2483 0.0141
53916.3248 3.3536 0.0158
53117.4850 8.4316 0.0146
53766.6170 4.4851 0.0125
53495.4394 6.6978 0.0146
52815.2953 6.3660 0.0098
54597.4509 2.6346 0.0110
53855.4161 3.9665 0.0127
54124.6309 4.6741 0.0124
54205.4858 4.0788 0.0140
54594.4526 2.6394 0.0111
53165.4100 9.4860 0.0148
54618.4140 2.6814 0.0111
53195.3465 8.5945 0.0146
53743.6336 4.4957 0.0119
54229.4787 3.8289 0.0198
53518.4479 6.3434 0.0259
54538.5772 2.6630 0.0129
54113.6612 4.8624 0.0159
53083.6071 7.9591 0.0152
53502.3879 6.5820 0.0149
53892.3770 3.6206 0.0229
54120.6630 4.7606 0.0162
53879.3083 3.6879 0.0132
53500.3158 6.5837 0.0141
53888.4064 3.6418 0.0139
54528.5221 2.7637 0.0099
52791.4573 7.1713 0.0234
52721.6238 6.5619 0.0337
56741.5892 2.3668 0.0560
56811.4286 2.9073 0.0368
56776.4550 2.6394 0.0410
56841.3128 2.7162 0.0463
57216.2706 2.6789 0.0330
57213.2820 2.5971 0.0303
56772.5313 2.5846 0.0483
56783.3361 2.6579 0.0517
56780.3019 2.7463 0.0469
57567.2972 2.1362 0.0371
57433.5227 2.1979 0.0297
57459.5423 2.2302 0.0336
57160.3607 2.6393 0.0311
57547.3894 2.2106 0.0309
56744.5487 2.4405 0.0432
56781.3448 2.7187 0.0491
57223.3574 2.6672 0.0341
56837.3164 2.7990 0.0394
56722.4431 2.2732 0.0395
56809.4513 2.9501 0.0411
56798.4174 2.7559 0.0370
56835.3144 2.8970 0.0372
56803.4007 2.7687 0.0458
56831.3117 2.8874 0.0374
56712.4754 2.3062 0.0405
57520.3067 2.1850 0.0386
56805.4052 2.9541 0.0403
56807.2850 2.9312 0.0394
57078.4375 2.8622 0.0422
57479.5414 2.1269 0.0364
56801.3407 2.8359 0.0425
57508.4044 2.2340 0.0328
57194.4042 2.4602 0.0329
56778.2926 2.6766 0.0438
56751.3388 2.5267 0.0455
57133.4154 2.7457 0.0339
56715.5467 2.3947 0.0381
57157.4382 2.5790 0.0376
56833.3206 2.8464 0.0382
57220.2575 2.7297 0.0400
57542.3556 2.1290 0.0304
56723.4853 2.3525 0.0399
56839.3084 2.8626 0.0422
53523.4194 6.2428 0.0216
53563.3393 5.6999 0.0267
53463.5877 7.1718 0.0280
57185.4561 2.5425 0.0462
57492.5382 2.1098 0.0440
57191.4231 2.5828 0.0427
54620.3574 2.6668 0.0368
57166.3209 2.4489 0.0688
57460.4772 2.0230 0.0814
57134.4685 2.7787 0.0600
57123.5324 2.7764 0.0717
57195.4008 2.4612 0.0520
57105.5603 2.8897 0.0532
53890.4800 3.5315 0.0721
56721.5940 2.2914 0.1099
53198.3064 8.4225 0.1029
57104.4590 2.6761 0.0657
