52730.5705 7.3923 0.0317
52698.6084 6.6648 0.0118
53911.3305 7.3999 0.0224
53462.4993 7.8944 0.0536
53586.2942 7.2853 0.0140
53853.4430 7.5899 0.0212
57420.5763 7.6040 0.0340
52710.6200 7.2443 0.0150
53851.4170 7.6430 0.0211
53847.5791 7.5944 0.0340
54531.5720 8.1534 0.0126
52817.2960 6.7289 0.0294
53583.3052 7.6547 0.0146
56801.3688 6.9593 0.0460
53524.3023 7.9063 0.0142
52790.4028 6.8005 0.1325
54186.5108 7.5638 0.0235
54561.4257 7.9111 0.0148
52813.3474 7.0469 0.0170
53083.6071 6.6827 0.0143
54570.4287 6.0088 0.0248
53109.5778 6.8998 0.0181
56833.3478 6.7544 0.0453
52792.4193 7.1962 0.0223
54176.5463 7.5618 0.0157
52722.5967 7.4590 0.0256
53466.6143 7.9425 0.0162
56723.5097 7.1122 0.0497
52791.4573 7.0987 0.0229
56831.3363 6.8081 0.0449
52721.6238 7.4561 0.0339
56798.4422 6.9993 0.0478
54524.5266 7.3622 0.0216
53553.4142 7.1697 0.0161
53578.3431 7.6774 0.0207
53411.6236 7.3383 0.0152
56809.4772 6.9575 0.0546
57547.4125 7.2668 0.0397
56741.6278 6.6295 0.0655
57213.3079 7.3629 0.0385
56807.3096 6.9107 0.0498
56780.3275 7.0019 0.0511
56778.3170 7.0798 0.0504
56781.3691 6.7977 0.0553
57123.5698 6.8351 0.0585
53121.5132 6.6344 0.0150
54591.3863 7.9482 0.0151
57223.3832 7.3998 0.0424
54179.5219 7.8899 0.0158
53195.3466 6.2607 0.0148
56751.3634 6.6561 0.0493
56805.4306 6.7577 0.0481
54262.4028 7.2971 0.0176
54588.5522 7.7983 0.0196
53175.3845 6.2271 0.0150
53446.5323 5.7602 0.0143
57433.5460 7.7366 0.0393
56835.3395 6.8343 0.0455
56722.4684 7.1377 0.0469
54183.5063 7.2368 0.0164
53551.3290 7.0012 0.0151
54563.4942 5.2365 0.0148
53117.4850 6.7809 0.0150
54535.5077 7.8805 0.0150
56744.5358 6.7791 0.0510
56772.5585 7.0559 0.0550
53200.2667 5.1967 0.0146
53138.4614 6.2305 0.0155
53146.4903 6.0944 0.0155
53799.4841 8.4395 0.0270
53178.3751 5.6690 0.0144
53149.3330 6.1915 0.0146
56776.4795 6.9283 0.0479
57542.3791 7.0678 0.0383
56715.5711 7.2142 0.0449
56712.4997 7.1805 0.0477
57220.2845 7.3847 0.0430
56841.3393 6.8386 0.0511
54594.4526 7.9455 0.0155
53165.4100 6.0339 0.0144
54209.4945 7.8191 0.0164
57520.3333 7.0475 0.0436
57134.4907 6.8954 0.0445
54528.5221 8.3414 0.0143
54600.4459 7.9150 0.0323
53505.3908 8.2865 0.0235
54538.5772 6.3465 0.0165
57479.5663 7.5336 0.0442
56803.4885 6.8213 0.0591
56837.3417 6.7721 0.0473
52815.2914 7.5302 0.0111
57492.5660 7.3385 0.0436
57191.4517 7.1040 0.0432
54597.4509 7.9610 0.0154
57216.2975 7.3123 0.0415
57157.4650 6.7779 0.0443
57160.5054 6.7479 0.0437
56811.4533 6.9967 0.0462
56839.3341 6.6526 0.0509
57508.4284 7.0814 0.0402
56783.3659 7.1167 0.0580
53883.3903 7.4632 0.0194
53502.3889 8.2214 0.0197
53766.6181 8.3237 0.0185
54229.4797 7.6365 0.0271
53888.4075 7.4392 0.0197
54113.6622 6.0393 0.0220
54213.5732 7.7787 0.0219
53531.3627 7.7868 0.0188
54151.6514 7.6850 0.0204
53892.3781 6.9479 0.0300
57166.3513 6.7058 0.0498
54117.6472 7.5226 0.0173
54614.3935 7.9548 0.0189
53469.5199 8.0257 0.0189
54557.5465 7.9842 0.0184
54624.3819 7.7028 0.0184
53936.3085 7.6212 0.0190
53473.5890 7.9829 0.0205
54618.4150 7.5443 0.0176
53939.3077 7.6060 0.0190
53743.6351 7.5764 0.0171
53879.3094 7.4098 0.0190
53769.6076 8.3365 0.0188
54259.3139 7.1958 0.0172
57185.4838 6.8423 0.0596
53943.3038 7.4761 0.0191
53855.4171 7.6123 0.0185
53875.3605 7.4246 0.0181
53500.3169 8.1746 0.0186
54120.6641 7.6726 0.0236
54201.4548 7.7190 0.0192
54144.5899 7.1960 0.0184
54153.5979 7.7764 0.0191
53906.3695 7.0019 0.0204
54255.3362 7.3409 0.0243
53122.4931 6.5641 0.0113
53916.3259 6.2426 0.0225
53390.6500 5.7768 0.0175
54234.4888 6.8268 0.0177
54205.4869 7.7300 0.0204
54621.4069 7.7649 0.0182
53495.4405 8.1271 0.0191
54124.6320 7.7795 0.0180
54266.2933 7.3009 0.0181
54511.5817 8.3262 0.0161
53859.3680 7.6057 0.0225
53518.4490 6.9742 0.0337
53527.3537 7.0866 0.0175
53772.6275 8.2568 0.0199
53463.5958 7.8161 0.0344
57105.5730 6.9455 0.0654
54620.3530 7.9229 0.0408
53563.3376 6.5615 0.0318
57078.4898 7.1971 0.0571
53523.4194 7.3125 0.0308
53890.4800 7.5092 0.0800
57104.5182 6.9483 0.0647
53198.3064 6.3011 0.0994
