57420.5718 3.7288 0.0311
56833.3442 2.9107 0.0379
52814.3124 3.2724 0.0089
56741.6247 3.3399 0.0617
56805.4265 2.9316 0.0444
56781.3651 3.0186 0.0485
57492.5616 3.8147 0.0372
56798.4382 2.8633 0.0409
57542.3753 4.0296 0.0349
56841.3344 2.8692 0.0481
57157.4605 3.6536 0.0398
57520.3289 3.8138 0.0409
56801.3611 2.9100 0.0453
56776.4755 3.0658 0.0424
56809.4728 2.8367 0.0462
56839.3294 2.9114 0.0452
57508.4244 3.7494 0.0362
57191.4470 3.6986 0.0372
56722.4643 3.1515 0.0424
57134.4858 3.5131 0.0384
56835.3351 2.8310 0.0400
56723.5056 3.2480 0.0448
56811.4492 3.0119 0.0408
57223.3789 3.4275 0.0371
57216.2922 3.3143 0.0367
56778.3129 3.1175 0.0458
56783.3617 3.0162 0.0544
57220.2801 3.3536 0.0373
56772.5541 3.1603 0.0515
56807.3055 2.8897 0.0422
56780.3231 3.0361 0.0459
56837.3376 2.7982 0.0425
56831.3322 2.9338 0.0392
57547.4087 3.9251 0.0350
56751.3593 3.3274 0.0453
56744.5318 3.4227 0.0457
56712.4957 3.0645 0.0428
57479.5619 4.0022 0.0408
56715.5670 3.1466 0.0394
57213.3036 3.3336 0.0334
57433.5416 4.0458 0.0343
56803.4819 2.9784 0.0632
57160.4616 3.5475 0.0441
57078.4859 3.6065 0.0405
57166.3455 3.5429 0.0507
57105.5711 3.5573 0.0571
57104.5060 3.4349 0.0470
57185.4795 3.7694 0.0664
57123.5621 3.3867 0.0783
57567.3097 4.1418 0.0993
