56743.5069 16.7838 0.0404
57420.5495 12.1638 0.0382
57508.4044 10.5330 0.0456
57547.3894 16.7557 0.0518
56723.4853 16.7129 0.0615
56712.4754 17.1184 0.0624
56811.4286 16.3830 0.0575
56741.5892 13.0128 0.0690
56805.4052 16.7906 0.0614
57433.5227 16.3347 0.0496
57459.5423 17.4333 0.0548
57160.3607 14.0653 0.0468
57194.4042 13.1057 0.0479
56715.5467 17.0300 0.0604
56751.3388 16.6268 0.0653
57157.4382 13.8639 0.0526
56841.3128 16.7993 0.0649
57216.2706 13.0008 0.0482
56837.3164 16.8216 0.0603
56807.2850 16.6209 0.0616
57479.5414 17.1825 0.0531
56722.4431 16.7809 0.0616
57078.4375 15.2415 0.0552
57220.2575 12.9299 0.0506
56839.3084 16.6463 0.0614
56801.3407 16.7184 0.0629
57520.3067 16.6770 0.0536
56809.4513 16.2407 0.0621
57542.3556 16.4538 0.0514
56798.4174 14.8198 0.0553
57492.5382 16.8629 0.0688
53467.4943 19.2106 0.0168
57567.3000 16.5698 0.0702
53475.5650 18.8758 0.0190
57460.4772 17.4555 0.1169
57213.2831 13.0684 0.0637
56772.5324 16.7370 0.0907
57123.5324 14.4663 0.0867
57133.4165 14.3621 0.0706
57223.3584 12.9661 0.0686
56776.4560 16.5842 0.0842
56780.3029 16.9354 0.0913
56803.4017 16.4006 0.0928
57166.3209 14.0147 0.0901
53883.4566 17.0973 0.0194
56783.3371 16.7170 0.0944
57195.4008 13.1612 0.0753
57185.4571 13.2343 0.0715
56835.3154 16.5758 0.0809
56781.3459 17.0292 0.0955
56831.3127 16.7848 0.0814
53884.4341 18.8386 0.0194
56833.3217 16.8329 0.0827
57134.4685 15.2064 0.0853
56778.2936 16.7469 0.0891
56744.5497 16.3718 0.0905
57104.4590 15.0795 0.1019
56721.5940 13.5499 0.1550
57419.5304 13.0437 0.1272
57191.4241 13.1306 0.1099
54620.3656 14.7258 0.0718
53770.6182 18.3619 0.0414
57105.5608 14.6849 0.1110
