56743.5069 4.3481 0.0316
57420.5495 2.8516 0.0321
53475.5639 3.0696 0.0089
57567.2958 2.8558 0.0384
56776.4550 3.7755 0.0466
56780.3019 3.6179 0.0522
56803.4007 3.5394 0.0510
56831.3117 3.5037 0.0419
56778.2926 3.8458 0.0495
56835.3144 3.4027 0.0414
57542.3556 2.5253 0.0334
57547.3894 2.6824 0.0338
56723.4853 4.4263 0.0468
57508.4044 2.5732 0.0355
56741.5892 4.2030 0.0631
56805.4052 3.4855 0.0450
57433.5227 3.0740 0.0333
53467.5001 3.0420 0.0087
56839.3084 3.4710 0.0470
57459.5423 3.0611 0.0372
57160.3607 3.1290 0.0341
56712.4754 4.4284 0.0474
57133.4154 3.0535 0.0368
57194.4042 3.0869 0.0365
56715.5467 4.4217 0.0450
57157.4382 3.2218 0.0412
56744.5487 4.1725 0.0496
56781.3448 3.6379 0.0546
56841.3128 3.3841 0.0512
57216.2706 2.9949 0.0360
57223.3574 2.9447 0.0370
56751.3388 4.1792 0.0517
56837.3164 3.4933 0.0439
56833.3206 3.5899 0.0428
57479.5414 2.8701 0.0395
57213.2820 2.9449 0.0330
56722.4431 4.5179 0.0469
57078.4375 2.8993 0.0451
57220.2575 2.9248 0.0427
56772.5313 3.7005 0.0535
56801.3407 3.4502 0.0470
57520.3067 2.6518 0.0413
56809.4513 3.3673 0.0458
56783.3361 3.6708 0.0572
56798.4174 3.5865 0.0416
56807.2850 3.5247 0.0443
56811.4286 3.5248 0.0413
57492.5382 2.7081 0.0484
57185.4561 3.1025 0.0507
57191.4231 3.0934 0.0467
57460.4772 3.0705 0.0908
57166.3209 3.2341 0.0750
57195.4008 3.0916 0.0576
57123.5324 2.7364 0.0760
53883.4566 4.1900 0.0131
57105.5603 2.9172 0.0571
57134.4685 3.1020 0.0652
56721.5940 4.4961 0.1276
53884.4303 4.5076 0.0187
57104.4590 2.8944 0.0712
54620.3656 2.1082 0.0437
53770.6182 4.2866 0.0266
