52730.5705 25.0455 0.0394
53462.4898 27.0630 0.0722
53847.5743 24.1249 0.0884
56801.3749 22.7605 0.0425
53851.4210 24.0526 0.0239
53911.3285 21.9941 0.0271
52698.6084 25.5956 0.0190
53853.4372 23.8127 0.0246
53586.2942 23.6128 0.0195
57420.5809 26.1305 0.0473
53524.3013 25.2117 0.0180
52710.6200 25.2597 0.0212
52817.2960 23.5982 0.0385
53583.3052 23.5342 0.0207
57191.4580 28.7652 0.0581
56833.3526 23.4440 0.0560
54531.5720 32.2018 0.0209
54186.5136 25.9445 0.0269
53466.6126 26.8499 0.0213
53505.3892 25.5729 0.0265
54176.5471 21.7816 0.0642
52790.4028 23.3295 0.1377
54561.4257 32.2197 0.0244
52813.3474 23.8190 0.0245
54570.4287 31.9965 0.0316
53109.5778 20.0344 0.0232
52722.5967 25.4337 0.0310
54209.4932 27.4027 0.0226
53769.6085 26.3258 0.0225
53799.4823 27.2053 0.0315
53083.6071 21.1489 0.0202
52792.4193 23.6846 0.0300
54262.4016 28.6942 0.0240
56712.5038 21.6441 0.0655
54151.6503 24.8855 0.0255
54153.5968 24.8189 0.0248
52791.4573 23.8544 0.0309
56751.3675 23.7821 0.0692
57213.3122 29.5764 0.0624
54117.6461 24.5088 0.0227
52721.6238 25.2782 0.0391
57433.5504 26.6421 0.0623
56744.5399 23.3961 0.0710
56837.3458 23.5576 0.0687
54524.5266 32.4734 0.0303
53553.4142 24.1323 0.0242
54144.5888 24.8680 0.0241
53578.3431 23.4292 0.0284
54511.5807 32.4977 0.0238
54213.5722 27.6011 0.0283
53527.3526 25.3229 0.0232
54614.3924 33.3088 0.0274
57220.2890 29.8918 0.0657
57542.3828 26.7125 0.0622
54255.3352 29.0848 0.0280
54600.4459 32.7845 0.0385
53936.3074 20.7660 0.0230
54621.4059 33.8478 0.0269
57520.3376 24.4525 0.0606
57216.3027 29.6465 0.0681
53531.3614 25.2787 0.0240
54266.2923 28.9302 0.0252
56715.5752 21.6902 0.0636
56839.3381 23.6366 0.0736
54557.5455 32.3778 0.0263
54234.4877 28.5871 0.0250
53859.3669 23.8063 0.0256
53743.6331 25.3629 0.0232
53473.5879 26.7944 0.0257
56811.4574 22.7908 0.0660
56741.6340 23.1537 0.0823
53121.5132 20.0194 0.0211
54591.3863 32.3725 0.0253
54179.5219 25.5776 0.0237
56783.3699 23.3518 0.0753
56723.5137 22.2628 0.0677
53195.3466 24.4422 0.0228
56798.4478 22.7136 0.0683
54588.5522 32.0586 0.0299
53175.3845 23.4013 0.0229
53883.3893 22.6259 0.0241
53446.5323 26.7227 0.0240
54624.3808 34.0168 0.0274
57547.4163 27.1521 0.0647
54183.5063 25.8354 0.0250
53551.3290 24.3458 0.0228
54563.4942 32.2247 0.0269
53875.3594 23.0153 0.0231
56805.4347 22.8659 0.0693
53772.6264 26.2502 0.0258
53855.4161 23.8953 0.0235
56831.3404 23.4535 0.0659
53117.4850 19.8907 0.0209
54535.5077 32.2586 0.0254
57134.4954 24.7192 0.0623
56778.3210 23.3572 0.0708
56807.3136 22.8590 0.0669
53943.3027 20.5752 0.0233
56780.3316 23.0913 0.0697
54259.3128 28.6608 0.0245
53138.4614 20.5812 0.0220
53146.4903 21.0452 0.0222
56841.3435 23.7925 0.0707
53469.5188 26.8340 0.0246
53178.3751 23.7165 0.0224
53149.3330 21.2932 0.0210
53906.3684 21.7877 0.0257
56781.3732 23.2229 0.0723
57123.5755 23.7272 0.0700
53916.3248 21.6240 0.0266
53766.6170 26.5560 0.0247
53411.6236 25.8566 0.0235
53495.4394 25.9092 0.0247
53200.2667 24.3961 0.0230
56772.5627 23.3258 0.0742
56776.4836 23.1815 0.0666
53939.3067 20.6046 0.0229
54124.6309 24.4825 0.0232
56722.4730 22.3433 0.0681
54205.4858 26.8957 0.0262
57508.4323 24.1210 0.0619
54594.4526 32.4830 0.0261
53165.4100 22.3845 0.0217
56809.4820 22.8721 0.0712
54618.4140 33.6927 0.0261
57492.5703 24.1039 0.0638
57479.5706 25.0511 0.0612
54229.4787 28.4466 0.0308
53500.3158 25.8424 0.0236
56835.3435 23.5087 0.0664
53518.4479 25.3942 0.0343
54538.5772 32.1757 0.0286
54113.6612 24.4603 0.0253
53502.3879 25.6148 0.0242
53390.6489 25.3463 0.0238
54597.4509 32.5726 0.0259
53892.3770 22.4296 0.0307
54120.6630 24.4805 0.0264
53879.3083 22.8650 0.0239
54201.4537 26.6993 0.0251
57223.3876 29.8862 0.0664
53888.4064 22.3549 0.0239
54528.5221 32.6142 0.0240
52815.2974 23.8679 0.0190
53523.4186 25.3179 0.0343
56803.4932 22.5462 0.0988
53463.5877 26.9044 0.0370
57157.4700 26.2956 0.0715
57166.3553 27.5855 0.0788
54620.3574 33.9494 0.0743
57160.5099 26.4480 0.0903
53563.3376 23.2441 0.0425
57078.4942 21.7001 0.0851
57185.4913 28.4024 0.0934
53890.4800 22.3308 0.1087
53198.3064 24.3555 0.1201
57105.5754 22.1149 0.1357
57104.5235 22.3756 0.1260
