57420.5625 2.7506 0.0304
56833.3397 2.8848 0.0334
53496.3516 3.3371 0.0081
56712.4876 2.9008 0.0419
56783.3499 2.9821 0.0537
56715.5589 2.9785 0.0392
57157.4515 2.9947 0.0385
56722.4562 2.9078 0.0408
56809.4644 2.9964 0.0455
56839.3207 3.0326 0.0441
56841.3254 2.9011 0.0486
56781.3570 2.8711 0.0480
56835.3266 2.9916 0.0395
56811.4410 2.8935 0.0401
57492.5529 2.7281 0.0368
56751.3512 2.9046 0.0451
56837.3290 2.9555 0.0424
57133.6087 3.0279 0.0488
57213.2951 2.9842 0.0327
56780.3146 2.9625 0.0465
57160.3736 2.9068 0.0327
57123.5514 3.3700 0.0538
56772.5452 2.9261 0.0512
57191.4374 3.1933 0.0397
56805.4182 2.9965 0.0441
56744.5234 4.0027 0.0438
57223.3703 2.9499 0.0361
57547.4010 2.7051 0.0339
57220.2711 2.9946 0.0363
56741.6082 2.7688 0.0589
56803.4723 2.8769 0.0484
57508.4165 2.6856 0.0359
56831.3240 2.7597 0.0390
57134.4821 3.2438 0.0451
56807.2972 2.7520 0.0416
57433.5341 2.9592 0.0332
56778.3048 2.9529 0.0442
56798.4301 2.7681 0.0389
56801.3529 2.7896 0.0433
57567.3029 2.4726 0.0378
56776.4673 3.0813 0.0432
57542.3673 2.8458 0.0333
57216.2834 3.0358 0.0353
57479.5533 2.7786 0.0401
57520.3201 2.8757 0.0420
56723.4975 2.9089 0.0434
52793.2667 2.9604 0.0280
57078.4761 3.1497 0.0457
57166.3371 2.8768 0.0461
53388.6201 3.1781 0.0151
57185.4701 3.0221 0.0579
57104.4732 3.2539 0.0739
