56743.5114 7.7118 0.0280
57420.5514 6.7616 0.0276
56778.2946 7.7919 0.0366
56780.3040 7.8036 0.0389
56781.3469 6.0523 0.0379
57194.4064 5.7633 0.0560
57078.4407 6.8649 0.0354
57567.2958 8.2095 0.0366
56805.4069 7.4133 0.0399
56783.3378 7.5976 0.0480
56811.4303 7.5750 0.0374
56837.3181 7.1192 0.0388
56807.2867 7.4118 0.0400
57508.4061 8.1315 0.0349
56772.5332 7.7646 0.0455
57479.5430 7.3901 0.0372
56833.3223 7.2979 0.0376
57216.2724 5.9651 0.0321
56751.3405 7.6576 0.0436
56835.3161 7.2861 0.0372
56744.5504 7.6821 0.0426
56722.4448 7.8089 0.0400
57223.3592 5.9136 0.0326
53475.5639 5.4958 0.0098
57213.2839 5.9898 0.0296
56809.4530 7.4897 0.0409
56712.4771 7.7644 0.0407
56741.5917 7.5997 0.0518
56723.4870 7.8939 0.0403
56798.4190 7.5803 0.0373
57520.3086 8.1699 0.0376
57459.5441 6.9494 0.0349
56715.5484 7.8124 0.0389
57160.3625 6.0058 0.0302
57547.3910 8.1780 0.0339
57185.4636 5.5608 0.0825
57133.4762 6.4081 0.0360
56776.4567 7.5741 0.0402
57220.2595 5.9237 0.0350
56831.3134 7.2966 0.0375
57433.5243 7.2515 0.0317
56839.3101 7.0317 0.0413
56841.3145 7.1767 0.0437
56801.3424 7.4565 0.0411
56803.4216 7.4278 0.0442
57542.3572 7.9888 0.0338
57157.4401 5.9867 0.0353
57492.5400 7.5568 0.0449
57134.4700 6.4401 0.0457
57195.4018 6.0477 0.0906
57123.5349 6.5041 0.0678
57166.3236 6.0702 0.0594
57191.4231 5.9517 0.0503
57460.4772 7.2715 0.0968
57104.4612 7.1898 0.0578
57105.5603 7.1349 0.0647
53884.4341 7.4181 0.0152
56721.5940 8.1277 0.1347
57419.5304 6.9918 0.1165
53467.5113 5.5530 0.0196
54620.3656 7.7830 0.0594
53883.4604 7.0608 0.0208
53770.6182 5.8891 0.0288
