52730.5705 8.7549 0.0327
53462.4924 7.9806 0.0317
53847.5741 9.5997 0.0419
53911.3288 9.1652 0.0197
53851.4182 9.6286 0.0174
53853.4352 9.1969 0.0174
53524.3013 8.8724 0.0117
53586.2942 9.4154 0.0133
54186.5147 9.0470 0.0183
52698.6084 8.6158 0.0126
54531.5740 9.5065 0.0115
57420.5763 8.2952 0.0346
53466.6127 8.9041 0.0131
52710.6200 8.8997 0.0157
53583.3046 9.4245 0.0143
54570.4284 8.2902 0.0235
52817.2960 8.2088 0.0304
54262.4012 9.1031 0.0152
54209.4929 9.2945 0.0141
54624.3824 9.1768 0.0140
53769.6082 8.7988 0.0138
54176.5493 9.1857 0.0149
53505.3888 8.3563 0.0190
56801.3688 7.8598 0.0470
54561.4254 8.5516 0.0137
53146.4901 8.3851 0.0150
54535.5077 8.8922 0.0140
54151.6503 9.7075 0.0166
54153.5968 9.6688 0.0159
54229.4787 9.2163 0.0216
54117.6461 9.9265 0.0146
54213.5722 9.3537 0.0177
54524.5266 8.1257 0.0195
53553.4142 9.3366 0.0155
54144.5888 9.3625 0.0154
53578.3431 8.5506 0.0191
53411.6236 9.2944 0.0146
54511.5807 9.5506 0.0130
54614.3924 9.2671 0.0155
53936.3074 8.8783 0.0154
54255.3352 9.7568 0.0194
54621.4059 8.3538 0.0144
52790.4028 8.7101 0.1336
54266.2923 9.6878 0.0152
54557.5455 9.1887 0.0150
54234.4877 9.3792 0.0150
53859.3669 9.5679 0.0182
53121.5132 8.7902 0.0145
54591.3863 9.3859 0.0142
54179.5219 9.2466 0.0149
54563.4941 9.2282 0.0155
52813.3474 7.3664 0.0172
54588.5522 9.3680 0.0185
53175.3845 8.4861 0.0146
53883.3893 9.3161 0.0160
53200.2667 8.1114 0.0146
53109.5778 9.0088 0.0191
54183.5063 9.1850 0.0157
53551.3290 9.3496 0.0147
53939.3067 9.5810 0.0157
53875.3594 9.5291 0.0150
56833.3478 8.1716 0.0472
54600.4459 9.3052 0.0291
53446.5324 9.2330 0.0148
53943.3027 9.6001 0.0160
54259.3128 9.6602 0.0146
53138.4614 8.8584 0.0155
53469.5188 8.8878 0.0150
53178.3751 8.5220 0.0143
53906.3684 9.5603 0.0175
52722.5967 8.9226 0.0262
53390.6489 9.6039 0.0155
53531.3615 9.4961 0.0153
53916.3248 9.6011 0.0185
53117.4850 8.6582 0.0143
53766.6170 8.5091 0.0145
53495.4394 8.9978 0.0153
53083.6071 8.8495 0.0154
54528.5221 9.6443 0.0134
53473.5879 8.4572 0.0161
53855.4161 9.7156 0.0154
54124.6309 9.8488 0.0149
54205.4858 9.3493 0.0164
54594.4526 9.1703 0.0145
53165.4100 8.5443 0.0142
54618.4140 9.0642 0.0143
53527.3526 9.5063 0.0147
53772.6264 8.8360 0.0159
53195.3465 8.1639 0.0142
53743.6336 8.5063 0.0138
52792.4193 8.8853 0.0233
53888.4064 9.3253 0.0163
53518.4479 9.3844 0.0264
54538.5772 8.2599 0.0160
54113.6612 8.9713 0.0174
53502.3879 9.1018 0.0157
54597.4509 9.2986 0.0144
53892.3770 9.5732 0.0240
54120.6630 9.8946 0.0183
53879.3083 9.0592 0.0157
54201.4537 8.2777 0.0151
53500.3158 9.1420 0.0149
52791.4573 8.8344 0.0240
56831.3363 8.0606 0.0467
52721.6238 8.9166 0.0345
56798.4422 7.6909 0.0486
56723.5097 8.0130 0.0510
56809.4772 7.9645 0.0560
53799.4769 9.4852 0.0175
57547.4125 7.9724 0.0408
56741.6278 7.6918 0.0667
56807.3096 7.9825 0.0514
56780.3275 7.9604 0.0524
56778.3170 7.8196 0.0514
56776.4795 7.7799 0.0490
56781.3691 7.7070 0.0566
57123.5698 7.9522 0.0594
57213.3079 8.4894 0.0401
57223.3832 8.4935 0.0438
56751.3634 7.8016 0.0509
56805.4306 7.8615 0.0498
57433.5460 8.5030 0.0404
56835.3395 8.1966 0.0474
57216.2975 8.5529 0.0433
56744.5358 7.8938 0.0525
56772.5585 7.7874 0.0559
56722.4684 7.9724 0.0481
57492.5660 8.1095 0.0447
57542.3791 7.9827 0.0397
56715.5711 8.1570 0.0463
56712.4997 8.0068 0.0488
57220.2845 8.4649 0.0445
56841.3393 8.1163 0.0526
56839.3341 8.1021 0.0530
57520.3333 7.9958 0.0447
57134.4907 7.9679 0.0458
53149.3314 8.7301 0.0160
57479.5663 8.3309 0.0451
56803.4885 7.8443 0.0604
56837.3417 8.0759 0.0491
53463.5851 8.9620 0.0250
52815.2957 8.9537 0.0118
57191.4517 8.2316 0.0447
57157.4650 8.0993 0.0460
57160.5054 8.0765 0.0454
56811.4533 8.0021 0.0476
57508.4284 8.0782 0.0416
53523.4194 9.4924 0.0228
56783.3659 7.7257 0.0587
57166.3513 8.1162 0.0516
53122.4974 8.5439 0.0125
54620.3589 9.1721 0.0372
53563.3393 9.3577 0.0282
57185.4838 8.1985 0.0616
57105.5730 8.1814 0.0680
57078.4898 8.1406 0.0589
53890.4800 9.6491 0.0851
53198.3064 8.5849 0.1026
54619.3119 9.4793 0.0828
57104.5182 8.0827 0.0674
