57479.5240 7.3503 0.0268
56715.4984 7.2652 0.0395
57420.5453 7.7261 0.0359
56803.4112 7.1389 0.0410
56743.5101 7.3804 0.0405
56741.5899 7.3282 0.0562
57567.2896 7.9511 0.0357
56723.4803 7.3000 0.0429
56781.3397 7.1302 0.0510
56809.4460 7.2597 0.0431
56721.5901 7.2969 0.0471
56798.4117 7.1382 0.0386
56778.2875 7.0710 0.0453
56811.4234 7.1282 0.0389
56805.4000 7.0499 0.0401
57508.3994 7.5676 0.0347
56837.3096 7.1098 0.0406
57520.3008 7.6827 0.0473
57542.3509 8.0336 0.0335
56776.4499 7.1267 0.0417
57460.4734 7.5277 0.0361
56833.3155 7.1288 0.0395
53475.5639 5.0667 0.0094
56780.2967 7.0992 0.0478
56835.3093 7.0422 0.0388
56831.3066 7.0377 0.0391
56744.5344 7.3679 0.0423
56751.3336 7.3652 0.0484
56783.3308 7.0945 0.0515
56841.3074 7.1299 0.0468
57492.5332 7.5133 0.0384
56801.3352 7.0366 0.0439
56839.3033 7.1222 0.0428
57459.5373 7.5209 0.0366
56772.5257 7.2470 0.0495
56807.2799 7.1842 0.0430
52815.2953 7.5116 0.0099
56712.4708 7.4141 0.0470
57433.5183 7.8303 0.0361
57216.2664 7.0668 0.0414
52698.6098 6.9974 0.0179
56829.3208 7.0799 0.0563
56800.5027 6.9346 0.0776
57213.2777 7.1584 0.0383
57194.3999 7.0900 0.0413
57133.4106 6.7142 0.0383
57220.2508 7.1537 0.0927
57223.3531 7.1900 0.0418
57157.4336 6.9697 0.0423
57160.3564 6.9050 0.0387
56722.4392 7.4433 0.0554
57547.3854 8.0241 0.0374
57419.5251 7.8680 0.0694
57191.4184 7.1356 0.0536
57104.4484 6.4104 0.0552
57123.5278 6.6073 0.0968
57185.4502 7.2346 0.0671
57134.4666 6.6998 0.0673
56711.5225 7.1756 0.0926
57155.3464 7.2902 0.2482
57195.3988 7.2184 0.0659
57078.4234 6.4169 0.0595
57166.3176 7.1668 0.1086
57156.4557 6.8730 0.0507
57105.5577 6.5952 0.0896
53467.5113 5.0183 0.0187
