57479.5240 2.7049 0.0238
56715.4984 2.2147 0.0352
57420.5453 2.6640 0.0322
56803.4112 2.2226 0.0366
56743.5101 2.2678 0.0358
56741.5899 2.1859 0.0515
57567.2896 2.7718 0.0312
56723.4803 2.1387 0.0375
56809.4460 2.2381 0.0377
56721.5901 2.1855 0.0418
56798.4117 2.2303 0.0333
56778.2875 2.3537 0.0405
56805.4000 2.2523 0.0349
56837.3096 2.2761 0.0355
57542.3509 2.6970 0.0280
56776.4499 2.2295 0.0364
57460.4734 2.7372 0.0312
56833.3155 2.2403 0.0342
57508.3994 2.6141 0.0297
56780.2967 2.2036 0.0427
56841.3074 2.2979 0.0419
56835.3093 2.2747 0.0338
56831.3066 2.1679 0.0338
56744.5344 2.2688 0.0371
56751.3336 2.2916 0.0430
56811.4234 2.3092 0.0336
57492.5332 2.6321 0.0336
56801.3352 2.2865 0.0391
56839.3033 2.2626 0.0378
57459.5373 2.6483 0.0315
56772.5257 2.3358 0.0440
56807.2799 2.2267 0.0378
56712.4708 2.1832 0.0410
57433.5183 2.7764 0.0305
57216.2664 2.3594 0.0354
57160.3564 2.3622 0.0329
56781.3387 2.2319 0.0578
56783.3298 2.1718 0.0590
56829.3208 2.1950 0.0499
56800.5027 2.2776 0.0716
57213.2777 2.3678 0.0321
57194.3999 2.3826 0.0353
56722.4392 2.2364 0.0484
57133.4106 2.3402 0.0334
57220.2508 2.3558 0.0885
57520.2996 2.7302 0.0588
57223.3531 2.4176 0.0357
57157.4336 2.3266 0.0368
57547.3854 2.7437 0.0312
57191.4184 2.3834 0.0466
57419.5251 2.6161 0.0634
57104.4484 2.3446 0.0486
57156.4565 2.5345 0.0637
52814.3089 1.6831 0.0131
57123.5278 2.5717 0.0905
57134.4666 2.3517 0.0599
56711.5225 2.2587 0.0838
57195.3988 2.3427 0.0569
57185.4502 2.4657 0.0590
57078.4234 1.0125 0.0523
57166.3176 2.3762 0.0970
57155.3863 2.5253 0.2757
57105.5577 2.2914 0.0789
