57420.5718 14.5002 0.0403
56833.3442 17.7629 0.0574
52814.3124 15.1592 0.0129
56741.6247 19.2621 0.0766
56805.4265 15.8707 0.0629
56781.3651 16.9951 0.0673
57492.5616 14.1109 0.0513
56798.4382 16.1020 0.0593
57542.3753 14.4516 0.0507
56841.3344 17.7248 0.0665
57157.4605 13.0192 0.0525
57520.3289 14.5433 0.0530
56801.3611 16.0120 0.0635
56776.4755 17.5053 0.0625
56809.4728 16.2091 0.0659
56839.3294 17.7222 0.0660
57508.4244 14.3449 0.0520
57191.4470 12.3125 0.0486
56722.4643 20.2691 0.0656
57134.4858 13.5427 0.0512
56835.3351 17.6663 0.0614
56723.5056 20.2310 0.0678
56811.4492 16.4732 0.0603
57223.3789 12.3995 0.0499
57216.2922 12.9433 0.0515
56778.3129 17.4657 0.0658
56783.3617 17.0887 0.0702
57220.2801 12.5273 0.0512
56772.5541 17.5823 0.0691
56807.3055 16.3107 0.0628
56780.3231 17.1212 0.0647
56837.3376 17.7078 0.0635
56831.3322 17.6442 0.0607
57547.4087 14.0691 0.0505
56751.3593 19.0962 0.0664
56744.5318 19.2673 0.0668
56712.4957 19.9644 0.0657
57479.5619 13.6315 0.0518
56715.5670 20.0660 0.0630
57213.3036 13.0207 0.0474
57433.5416 14.3312 0.0499
56803.4819 15.8493 0.0837
57160.4616 13.1672 0.0597
57078.4859 15.1162 0.0579
57166.3455 13.1171 0.0646
57105.5711 14.6306 0.0808
57104.5060 14.7780 0.0691
57185.4795 12.3639 0.0822
57123.5621 13.2701 0.0898
57567.3097 13.1490 0.1314
