52730.5705 8.0908 0.0311
53462.4908 4.8940 0.0339
53847.5729 2.8232 0.0257
53911.3288 2.4560 0.0177
53851.4182 2.6810 0.0153
53853.4352 2.5871 0.0155
53524.3013 5.2667 0.0106
52698.6084 9.1797 0.0129
53586.2950 4.8906 0.0135
54186.5159 4.1027 0.0186
57420.5763 3.8806 0.0312
53466.6127 4.8786 0.0118
52710.6200 9.3131 0.0163
54531.5778 2.5667 0.0092
53799.4817 3.2870 0.0173
52817.2960 5.0956 0.0272
54262.4012 4.5435 0.0135
54209.4929 3.9531 0.0116
54624.3824 2.3347 0.0105
53583.3057 5.0175 0.0138
53505.3888 5.1289 0.0183
56801.3688 8.0855 0.0486
54151.6503 3.8373 0.0135
54153.5968 3.8051 0.0127
54117.6461 4.3696 0.0118
54213.5722 4.0010 0.0151
54511.5807 2.4809 0.0092
54614.3924 2.3342 0.0117
53936.3074 2.4639 0.0119
54255.3352 4.3815 0.0178
54621.4059 2.3428 0.0110
52790.4028 6.3811 0.1384
54557.5455 2.1651 0.0112
54234.4877 3.9586 0.0123
53859.3669 2.5433 0.0156
54591.3863 2.3530 0.0105
52813.3474 5.2683 0.0164
53109.5778 4.9252 0.0175
54588.5522 2.3997 0.0153
53175.3845 4.1139 0.0123
53883.3893 2.5415 0.0125
53939.3067 2.2809 0.0118
53875.3594 2.5234 0.0112
56833.3478 8.9329 0.0498
52792.4193 6.3505 0.0225
53200.2667 4.1459 0.0127
53943.3027 2.0817 0.0117
53469.5188 5.0405 0.0133
53178.3751 4.3669 0.0123
53149.3330 4.8729 0.0127
53906.3684 2.5227 0.0136
52722.5967 8.7479 0.0268
53390.6489 4.2984 0.0131
53531.3615 5.3645 0.0135
53916.3248 2.4846 0.0150
53083.6071 4.7458 0.0136
53473.5879 4.9482 0.0147
54124.6309 4.0407 0.0120
54205.4858 3.9400 0.0139
54594.4526 2.3395 0.0108
53165.4100 4.4700 0.0123
54618.4140 2.3431 0.0108
53527.3526 5.2618 0.0129
54229.4787 4.0429 0.0200
53500.3158 5.2094 0.0133
53888.4064 2.4847 0.0130
53518.4479 5.2773 0.0258
54113.6612 4.3877 0.0159
53495.4394 4.8381 0.0134
53855.4161 2.6187 0.0117
53502.3879 5.1708 0.0142
54597.4509 2.3137 0.0107
53892.3770 2.4696 0.0224
54120.6630 4.3597 0.0161
53879.3083 2.5267 0.0122
54201.4537 4.0313 0.0130
54538.5780 2.5889 0.0144
52791.4573 6.2386 0.0231
53553.4150 5.4548 0.0154
56831.3363 9.1935 0.0500
52721.6238 8.8547 0.0354
56798.4422 8.0972 0.0505
53138.4623 4.8017 0.0152
54528.5229 2.6012 0.0110
54144.5896 3.9093 0.0142
56809.4772 8.0668 0.0579
57547.4125 6.0326 0.0389
53743.6353 3.4453 0.0123
56723.5097 5.8363 0.0491
56741.6278 6.8541 0.0669
53146.4912 4.8261 0.0151
57213.3079 7.7103 0.0400
56807.3096 8.1548 0.0536
56780.3275 7.4978 0.0528
56778.3170 7.4718 0.0519
53766.6179 3.3099 0.0128
56776.4795 7.3524 0.0495
56781.3691 7.4547 0.0572
57123.5698 8.2500 0.0602
57223.3832 7.2202 0.0432
57134.4907 8.2837 0.0471
54179.5227 4.2854 0.0140
56751.3634 9.4092 0.0542
56805.4306 8.1763 0.0518
57433.5460 3.9754 0.0340
53463.5851 4.8622 0.0235
56835.3395 8.9165 0.0500
53117.4860 4.9508 0.0142
57216.2975 7.6311 0.0431
56744.5358 6.9644 0.0524
53769.6073 3.3012 0.0133
56772.5585 7.4384 0.0563
53121.5140 4.9389 0.0141
54563.4950 2.4521 0.0131
56722.4684 5.8148 0.0461
54183.5071 4.1853 0.0149
57542.3791 6.0814 0.0378
53195.3475 4.8576 0.0143
53446.5332 4.7769 0.0143
54259.3136 4.4942 0.0135
56715.5711 5.4706 0.0434
53551.3298 5.5074 0.0146
56712.4997 5.1903 0.0458
54524.5274 2.5454 0.0197
57220.2845 7.3284 0.0441
53411.6245 4.3030 0.0135
54176.5650 4.2357 0.0143
56841.3393 8.6128 0.0544
54570.4300 2.4057 0.0274
54561.4246 2.4890 0.0130
56839.3341 8.6470 0.0553
54266.2931 4.4775 0.0143
57520.3333 6.0266 0.0433
53578.3439 5.2468 0.0196
57479.5663 5.3712 0.0426
56803.4885 8.0857 0.0621
56837.3417 8.6582 0.0515
53772.6273 3.3532 0.0144
52815.2914 5.1766 0.0101
57492.5660 5.9129 0.0429
57191.4517 7.0344 0.0442
57157.4650 7.8005 0.0467
57160.5054 7.7870 0.0460
56811.4533 8.0156 0.0490
57508.4284 6.0973 0.0398
53523.4194 5.2781 0.0209
56783.3659 7.5183 0.0590
57166.3513 7.7711 0.0520
54535.5108 2.5562 0.0136
57185.4838 7.3566 0.0616
57105.5730 8.4198 0.0701
53563.3392 5.3052 0.0313
57078.4898 8.6326 0.0619
53890.4800 2.7362 0.0679
53198.3064 4.8391 0.0996
57104.5182 8.5006 0.0699
54620.3618 2.3095 0.0423
54619.3119 2.5802 0.0634
