57420.5582 2.6601 0.0309
56743.5381 3.1092 0.0452
53475.5639 2.0514 0.0082
56741.6094 2.9649 0.0629
53472.4612 2.1827 0.0077
56811.4368 3.0228 0.0412
56780.3104 3.2590 0.0511
56833.3288 2.5941 0.0418
56807.2931 2.9408 0.0472
57479.5491 3.0306 0.0429
56712.4835 3.1615 0.0447
56778.3007 3.2031 0.0461
56837.3245 2.5923 0.0436
57220.2668 2.7328 0.0366
57567.2988 2.9750 0.0354
56776.4632 3.3627 0.0453
57191.4328 2.7716 0.0379
56831.3199 2.6268 0.0406
57216.2792 2.8816 0.0370
56839.3166 2.5081 0.0461
57223.3660 2.6381 0.0373
56841.3211 2.6023 0.0514
57194.4128 2.7401 0.0366
56722.4512 3.0551 0.0437
56744.5188 3.2116 0.0449
57542.3634 2.9233 0.0351
56723.4935 2.9725 0.0491
56805.4134 3.0373 0.0462
57508.4126 2.9366 0.0354
57185.4654 2.8100 0.0421
56781.3529 3.2510 0.0511
57433.5303 2.6745 0.0331
56801.3488 3.0839 0.0452
57492.5483 2.9304 0.0411
57520.3156 2.9977 0.0434
56772.5406 3.3000 0.0568
56809.4595 2.8672 0.0456
56803.4668 2.9664 0.0513
56798.4255 3.0947 0.0409
56783.3458 3.3729 0.0563
56715.5548 3.0942 0.0415
57160.3693 2.6826 0.0332
57547.3970 3.0543 0.0348
57213.2908 2.7175 0.0333
56835.3225 2.6099 0.0405
56751.3471 3.2560 0.0484
57157.4471 2.7747 0.0406
57123.5441 2.8236 0.0689
57104.4669 2.8372 0.0645
57133.6028 2.8469 0.0552
57459.5499 2.8058 0.0519
57134.4738 2.7305 0.0611
57166.3310 2.6451 0.0691
54620.3631 2.3089 0.0439
53467.5113 2.1092 0.0158
