52730.5705 5.6963 0.0264
53462.4908 3.9231 0.0324
53847.5741 3.2581 0.0407
53911.3288 3.3357 0.0175
53851.4182 2.8818 0.0149
56801.3749 2.6234 0.0280
53853.4352 2.7201 0.0150
53586.2942 2.8622 0.0108
53524.3013 3.0806 0.0093
54186.5147 1.8846 0.0157
52698.6084 5.3130 0.0118
54531.5740 1.9750 0.0079
53466.6127 3.7087 0.0109
52710.6200 5.3719 0.0136
53583.3046 2.8940 0.0111
54570.4284 2.1355 0.0215
53799.4817 2.4967 0.0163
52817.2960 5.6399 0.0257
54624.3824 2.6540 0.0102
53505.3888 3.6868 0.0170
54262.4012 1.6914 0.0114
54209.4929 1.8420 0.0098
53769.6082 2.1608 0.0098
57191.4580 4.0079 0.0344
56833.3526 3.0434 0.0344
54561.4254 2.1090 0.0100
53146.4901 5.0415 0.0131
54151.6503 1.9014 0.0116
54153.5968 1.9116 0.0108
54229.4787 1.7212 0.0183
54117.6461 2.0618 0.0097
54524.5266 1.9755 0.0168
53553.4142 2.8705 0.0117
54144.5888 1.9155 0.0109
53578.3431 2.9265 0.0157
53411.6236 4.3944 0.0117
54511.5807 2.0645 0.0085
54213.5722 1.7938 0.0131
54614.3924 2.6145 0.0115
53936.3074 3.2623 0.0121
54600.4459 2.4060 0.0271
53446.5324 4.1969 0.0120
54621.4059 2.5945 0.0107
52790.4028 5.4490 0.1307
53175.3845 5.0579 0.0123
54266.2923 1.7195 0.0106
54557.5455 2.0963 0.0107
54234.4877 1.6929 0.0104
53859.3669 2.8579 0.0151
53200.2667 4.7082 0.0124
53473.5879 3.5632 0.0134
53121.5132 5.2383 0.0125
54591.3863 2.3484 0.0101
54179.5219 1.8988 0.0105
54563.4941 2.1282 0.0113
52813.3474 5.8040 0.0159
54588.5522 2.2970 0.0146
53883.3893 3.2908 0.0126
53109.5778 4.7796 0.0167
54183.5063 1.9030 0.0113
53551.3290 2.9180 0.0111
53939.3067 3.0741 0.0121
53875.3594 3.3633 0.0113
53772.6264 2.3129 0.0118
52792.4193 5.6615 0.0210
54201.4537 1.8661 0.0112
53527.3526 3.2288 0.0113
54535.5077 1.9865 0.0097
53943.3027 3.0450 0.0120
54259.3128 1.6839 0.0096
53906.3684 3.2292 0.0137
53138.4614 5.0276 0.0133
53469.5188 3.6566 0.0120
53178.3751 5.0815 0.0121
53149.3330 4.9891 0.0122
52722.5967 5.6702 0.0241
53390.6489 4.6298 0.0127
53531.3615 3.0444 0.0116
53916.3248 3.3308 0.0151
53117.4850 5.1155 0.0122
53766.6170 2.2798 0.0104
53495.4394 3.7914 0.0123
54176.5642 1.9088 0.0107
54124.6309 2.0134 0.0101
54205.4858 1.8406 0.0120
54594.4526 2.3314 0.0103
53165.4100 5.0044 0.0120
54618.4140 2.6112 0.0106
53195.3465 4.8121 0.0120
53743.6336 2.2507 0.0098
53518.4479 3.3669 0.0242
54538.5772 1.9477 0.0118
54113.6612 2.1057 0.0141
53083.6071 4.7773 0.0129
53855.4161 2.8732 0.0115
53502.3879 3.7511 0.0129
54597.4509 2.3786 0.0103
53892.3770 3.2819 0.0220
54120.6630 2.0292 0.0141
53879.3083 3.5093 0.0125
53500.3158 3.7813 0.0121
53888.4064 3.2325 0.0131
54528.5221 1.9948 0.0089
56712.5038 3.2502 0.0420
52791.4573 5.7629 0.0216
54255.3344 1.7123 0.0174
52721.6238 5.6075 0.0322
56837.3458 3.2054 0.0427
56715.5752 3.1423 0.0391
56839.3381 3.2075 0.0475
56811.4574 2.6988 0.0399
56723.5137 3.0400 0.0428
56805.4347 2.6025 0.0432
56831.3404 3.0945 0.0393
56807.3136 2.7010 0.0397
56841.3435 3.2249 0.0473
57420.5797 5.6435 0.0462
56722.4730 2.9901 0.0427
56809.4820 2.5965 0.0456
56835.3435 3.0899 0.0398
53463.5851 3.6883 0.0220
52815.2957 5.7866 0.0105
53523.4194 3.2384 0.0190
56803.4932 2.5767 0.0695
53563.3393 2.7909 0.0237
54620.3574 2.6017 0.0339
57479.5695 5.7624 0.0594
57508.4313 6.6711 0.0565
56778.3200 2.7836 0.0631
57433.5495 5.7861 0.0519
57216.3016 4.1120 0.0534
56783.3689 2.6388 0.0774
56744.5389 3.1632 0.0646
57123.5741 4.2826 0.0787
56772.5617 2.9301 0.0741
56798.4468 2.5976 0.0624
57213.3111 4.1527 0.0477
57542.3819 7.4906 0.0559
56741.6324 3.0925 0.0899
57220.2879 4.0186 0.0509
57547.4153 7.4408 0.0580
56751.3665 3.0078 0.0609
56781.3722 2.7687 0.0668
56780.3305 2.7954 0.0628
57492.5692 5.8235 0.0607
56776.4826 2.9717 0.0587
57185.4913 3.2501 0.0560
57134.4943 4.3576 0.0551
57223.3865 3.8569 0.0539
57520.3365 7.5561 0.0626
53890.4800 3.1825 0.0658
53198.3064 4.6488 0.0947
57078.4937 4.1748 0.0634
57157.4689 4.2312 0.0679
57166.3534 4.2894 0.0926
57160.5081 4.3043 0.0901
