57420.5582 8.9971 0.0362
56743.5381 7.6493 0.0507
53475.5639 2.6379 0.0084
56741.6094 7.7541 0.0675
53472.4612 2.7932 0.0080
56811.4368 7.2072 0.0477
56780.3104 7.5578 0.0567
56833.3288 7.3290 0.0492
56807.2931 7.1743 0.0542
57479.5491 9.4967 0.0508
56712.4835 7.8869 0.0515
56778.3007 7.6099 0.0525
56837.3245 7.2657 0.0506
57220.2668 7.8030 0.0441
57567.2988 9.3422 0.0454
56776.4632 7.6770 0.0516
57191.4328 7.8922 0.0448
56831.3199 7.2257 0.0478
57216.2792 7.9056 0.0448
56839.3166 7.3263 0.0533
57223.3660 7.7283 0.0447
56841.3211 7.3471 0.0573
57194.4128 7.9287 0.0441
56722.4512 7.7238 0.0507
56744.5188 7.8152 0.0515
57542.3634 9.4724 0.0454
56723.4935 7.7608 0.0563
56805.4134 7.2208 0.0525
57508.4126 9.6423 0.0456
57185.4654 7.9627 0.0484
56781.3529 7.7511 0.0571
57433.5303 9.3664 0.0436
56801.3488 7.3670 0.0515
57492.5483 9.5878 0.0506
57520.3156 9.5995 0.0506
56772.5406 7.7528 0.0621
56809.4595 7.2576 0.0524
56803.4668 7.2740 0.0571
56798.4255 7.3580 0.0472
56783.3458 7.5375 0.0611
56715.5548 7.8160 0.0487
57160.3693 7.9413 0.0410
57547.3970 9.3610 0.0446
57213.2908 7.7715 0.0408
56835.3225 7.3378 0.0479
56751.3471 7.7681 0.0548
57157.4471 7.9721 0.0478
57123.5441 7.9073 0.0742
57104.4669 7.5216 0.0724
57133.6028 7.8713 0.0628
57459.5499 9.5007 0.0658
57134.4738 7.9664 0.0721
57166.3310 8.3667 0.0797
54620.3631 2.9037 0.0457
53467.5113 2.6651 0.0164
