57420.5540 13.8687 0.0383
56743.5233 9.9164 0.0440
56803.4428 10.0115 0.0515
53475.5620 10.9940 0.0129
56741.6039 9.9210 0.0651
57220.2624 13.4487 0.0509
56801.3447 10.2422 0.0523
57133.5964 11.1628 0.0531
56722.4472 10.3196 0.0504
57547.3932 12.7568 0.0472
56723.4894 10.3032 0.0526
57194.4085 12.5218 0.0471
57433.5265 14.5383 0.0481
57223.3617 13.3539 0.0489
56751.3430 10.3134 0.0553
56783.3403 10.5786 0.0615
56772.5360 10.4865 0.0571
57185.4684 12.0224 0.0574
57160.3650 11.6201 0.0438
56841.3171 10.4822 0.0569
57542.3595 12.9172 0.0468
57157.4427 11.6728 0.0486
56712.4795 10.3281 0.0522
57459.5467 15.7756 0.0542
57216.2749 13.6162 0.0493
57520.3112 12.6748 0.0505
56811.4327 9.9202 0.0486
57567.2949 11.8472 0.0495
56715.5507 10.3272 0.0499
56839.3125 10.4111 0.0553
56780.3062 10.3737 0.0578
57479.5453 14.2276 0.0577
56805.4093 10.0998 0.0519
56835.3184 10.1329 0.0490
56744.5528 10.0529 0.0541
57508.4085 12.3683 0.0463
56781.3489 10.5023 0.0573
56776.4591 10.4908 0.0510
56837.3204 10.2924 0.0510
57078.4502 9.9548 0.0534
57213.2865 13.2518 0.0453
56798.4214 10.2771 0.0486
56831.3158 9.9794 0.0491
56778.2967 10.4257 0.0543
56833.3247 9.9944 0.0487
56807.2890 10.1748 0.0522
57492.5435 13.3711 0.0528
56809.4559 9.8835 0.0585
57134.4710 11.3089 0.0573
53884.4341 12.2390 0.0170
57195.4028 12.4677 0.0750
53883.4566 11.6156 0.0166
57123.5397 11.6157 0.1423
57104.4634 11.0328 0.0919
57191.4276 12.1724 0.0839
53467.5113 10.7538 0.0238
57105.5621 11.2484 0.1004
57166.3288 11.5817 0.1004
