53851.4197 2.0121 0.0166
53911.3265 2.1031 0.0211
56743.5067 1.7191 0.0298
52730.5541 2.5075 0.0373
52698.6084 2.4472 0.0100
53524.2997 1.6824 0.0102
54186.5147 2.3016 0.0175
53586.2926 2.0399 0.0122
57420.5495 1.4669 0.0308
53847.5699 2.0748 0.0268
53853.4234 2.0871 0.0150
53462.4777 1.7053 0.0239
52710.6200 2.3888 0.0125
52817.2960 2.7285 0.0239
53466.6105 1.8051 0.0118
54531.5699 1.7004 0.0093
53583.3020 2.0313 0.0130
53936.3074 2.0870 0.0118
53505.3877 1.8240 0.0184
54209.4920 2.3337 0.0115
54561.4245 1.6588 0.0110
52813.3474 2.7726 0.0145
57567.2958 1.5849 0.0374
52792.4193 2.6563 0.0198
53200.2667 2.1796 0.0113
53138.4614 2.2714 0.0122
53109.5778 2.1172 0.0158
52722.5967 2.3529 0.0233
53531.3615 1.5731 0.0110
52815.2953 2.8872 0.0084
53769.6072 2.1261 0.0114
54624.3814 1.6012 0.0110
53195.3465 2.2188 0.0108
53083.6071 2.2289 0.0117
54262.4003 2.2491 0.0135
54205.4842 2.3944 0.0146
53939.3051 2.0993 0.0134
52791.4573 2.5363 0.0202
54621.4043 1.6261 0.0115
53502.3863 1.8851 0.0137
53473.5863 1.8298 0.0142
53772.6248 2.1359 0.0139
53875.3578 1.9846 0.0121
52721.6238 2.3594 0.0319
54179.5203 2.3602 0.0126
54266.2907 2.2571 0.0129
56811.4286 1.5594 0.0379
54557.5439 1.6981 0.0122
57213.2820 1.7813 0.0314
53888.4048 1.9252 0.0146
56776.4550 1.5548 0.0425
54234.4861 2.2643 0.0126
56841.3128 1.3518 0.0474
57216.2706 1.8669 0.0345
54591.3847 1.7627 0.0113
53943.3011 2.0578 0.0134
53799.4769 2.1974 0.0129
56772.5313 1.6140 0.0488
54183.5047 2.3253 0.0135
54600.4443 1.6842 0.0306
56783.3361 1.4985 0.0531
53766.6154 2.2140 0.0121
54113.6596 2.1477 0.0151
54117.6445 2.1648 0.0115
56780.3019 1.5975 0.0484
53175.3829 2.3874 0.0121
53883.3877 1.9299 0.0136
57433.5227 1.4804 0.0312
57459.5423 1.5545 0.0354
57160.3607 1.9632 0.0325
54535.5061 1.6561 0.0110
56744.5487 1.7168 0.0452
56781.3448 1.6558 0.0507
56837.3164 1.2787 0.0404
53495.4378 1.8670 0.0129
54570.4252 1.6323 0.0276
53411.6219 1.9939 0.0117
53469.5172 1.8024 0.0124
53553.4126 1.9520 0.0128
56722.4431 1.9315 0.0425
57520.3067 1.7334 0.0402
54176.5626 2.3333 0.0128
56809.4513 1.3357 0.0420
56798.4174 1.6184 0.0383
53146.4880 2.3340 0.0132
53117.4831 2.1795 0.0120
53518.4463 1.8289 0.0269
54594.4510 1.7246 0.0115
56835.3144 1.3226 0.0379
54618.4124 1.6339 0.0115
56803.4007 1.4780 0.0471
56831.3117 1.3247 0.0383
54124.6293 2.1544 0.0119
56712.4754 1.8855 0.0431
52790.4020 2.6113 0.0392
56805.4052 1.3885 0.0414
54229.4771 2.2052 0.0212
53165.4084 2.4408 0.0120
54563.4924 1.7013 0.0129
53446.5307 1.9509 0.0123
54588.5506 1.6848 0.0166
53121.5116 2.4885 0.0127
57078.4375 1.9570 0.0436
57479.5414 1.4626 0.0375
54213.5706 2.3094 0.0154
53892.3754 1.9756 0.0249
54120.6614 2.1059 0.0145
56801.3407 1.4732 0.0436
53500.3142 1.8771 0.0127
53879.3067 1.9324 0.0133
54144.5872 2.2180 0.0129
56807.2850 1.4400 0.0410
54538.5756 1.6491 0.0136
54528.5205 1.7734 0.0102
57508.4044 1.5338 0.0346
57194.4042 1.7800 0.0343
54151.6487 2.2346 0.0136
57547.3894 1.6710 0.0330
56778.2926 1.5717 0.0451
53551.3274 1.9628 0.0122
53906.3668 2.0503 0.0150
54511.5791 1.8805 0.0098
56751.3388 1.7695 0.0472
54201.4521 2.4449 0.0134
53149.3314 2.4166 0.0125
57133.4154 1.9898 0.0350
53855.4144 2.0716 0.0128
56715.5467 1.7608 0.0403
54153.5952 2.2077 0.0129
57157.4382 1.8611 0.0390
54259.3113 2.3094 0.0118
57223.3574 1.7998 0.0352
54597.4492 1.6839 0.0115
56833.3206 1.2509 0.0387
54255.3336 2.3033 0.0181
54524.5250 1.7382 0.0195
53178.3735 2.4356 0.0121
57220.2575 1.7461 0.0407
56839.3084 1.2490 0.0431
53578.3415 1.9794 0.0179
53390.6473 1.8953 0.0127
53859.3653 2.0633 0.0170
53916.3232 2.1186 0.0166
57542.3556 1.7278 0.0330
56723.4853 1.6615 0.0420
54614.3908 1.6281 0.0127
53527.3510 1.7652 0.0120
52816.2956 2.6089 0.0099
53523.4194 1.7541 0.0186
53743.6315 2.2244 0.0115
54620.3602 1.5726 0.0272
56741.5901 1.5055 0.0574
53563.3393 1.9758 0.0239
53463.5877 1.6797 0.0243
57185.4561 1.7356 0.0481
57492.5382 1.5514 0.0471
57191.4231 1.8369 0.0445
57166.3209 1.8928 0.0717
57105.5603 2.0696 0.0555
57134.4685 2.0114 0.0630
57123.5324 2.0185 0.0731
57195.4008 1.7954 0.0551
56721.5940 1.5687 0.1172
53198.3064 2.1628 0.0931
53890.4800 1.9103 0.0670
57460.4767 1.5524 0.1088
53770.6182 2.2025 0.0237
57104.4590 1.9686 0.0689
57419.5304 1.3282 0.1078
