53851.4182 1.7049 0.0150
53911.3261 1.8844 0.0203
53853.4352 1.7962 0.0152
53586.2942 1.3864 0.0105
53847.5738 1.7452 0.0227
53524.3013 1.1574 0.0087
54186.5147 2.2950 0.0164
52698.6084 1.3846 0.0094
54531.5740 2.4307 0.0085
53462.4790 1.1210 0.0216
52730.5532 1.5053 0.0347
57420.5495 1.8005 0.0311
53466.6127 1.2161 0.0100
52710.6200 1.2812 0.0118
53583.3046 1.3347 0.0106
54570.4284 2.2457 0.0221
53799.4817 1.6783 0.0164
52817.2960 1.2536 0.0226
54262.4012 2.0347 0.0121
54209.4929 2.2622 0.0105
54624.3824 2.3121 0.0105
53505.3888 1.1656 0.0165
53769.6082 1.6015 0.0099
54561.4254 2.2052 0.0105
56743.5087 1.7580 0.0316
53146.4901 1.1711 0.0112
54151.6503 2.1906 0.0124
54153.5968 2.2151 0.0116
54117.6461 2.2797 0.0103
54524.5266 2.4363 0.0175
53553.4142 1.2847 0.0110
54144.5888 2.0162 0.0113
53578.3431 1.2725 0.0152
53411.6236 1.1237 0.0098
54511.5807 2.4625 0.0093
54213.5722 2.2172 0.0140
53936.3074 2.0526 0.0118
54255.3352 2.2631 0.0167
54621.4059 2.3585 0.0111
54266.2923 2.0998 0.0113
54557.5455 2.2716 0.0113
54234.4877 2.2723 0.0113
53859.3669 1.7636 0.0151
53200.2667 1.2106 0.0106
53473.5879 1.1933 0.0124
53121.5132 1.1972 0.0104
54179.5219 2.3605 0.0113
54563.4941 2.2876 0.0119
52813.3474 1.2249 0.0133
53883.3893 1.8153 0.0122
54183.5063 2.2863 0.0120
53551.3290 1.2813 0.0104
53531.3615 1.1794 0.0107
53939.3067 2.1032 0.0119
53875.3594 1.7834 0.0107
52792.4193 1.2228 0.0187
54614.3924 2.3838 0.0118
54201.4537 2.2906 0.0119
54535.5077 2.3923 0.0104
53446.5324 1.2160 0.0104
53943.3027 2.0998 0.0120
54259.3128 2.1686 0.0105
53138.4614 1.1930 0.0115
53109.5778 1.1597 0.0152
53469.5188 1.1711 0.0107
53149.3330 1.2075 0.0104
53906.3684 1.8532 0.0133
53390.6489 1.1179 0.0109
53916.3248 1.9314 0.0149
53117.4850 1.1602 0.0101
53766.6170 1.6885 0.0104
53495.4394 1.1986 0.0111
52815.2953 1.2867 0.0077
54176.5642 2.3505 0.0115
54124.6309 2.3284 0.0108
54205.4858 2.2521 0.0128
54618.4140 2.3740 0.0109
53527.3526 1.1957 0.0103
53772.6264 1.6527 0.0119
53195.3465 1.1480 0.0100
53743.6336 1.5866 0.0097
54229.4787 2.2245 0.0191
53888.4064 1.7910 0.0127
53518.4479 1.1865 0.0241
54538.5772 2.3131 0.0126
54113.6612 2.3107 0.0147
52722.5967 1.2707 0.0228
53083.6071 1.1807 0.0109
53855.4161 1.7503 0.0112
53502.3879 1.2236 0.0119
53892.3770 1.7801 0.0222
54120.6630 2.2793 0.0148
53879.3083 1.8186 0.0118
53500.3158 1.2085 0.0109
54528.5221 2.5244 0.0097
52791.4573 1.2832 0.0193
52721.6238 1.2805 0.0314
57216.2706 1.5189 0.0339
54591.3847 2.4885 0.0119
54600.4443 2.5227 0.0309
53175.3829 1.1931 0.0111
57433.5227 1.9431 0.0320
57459.5423 1.7600 0.0358
57160.3607 1.5097 0.0318
57508.4044 1.9511 0.0354
54594.4510 2.4239 0.0121
56712.4754 1.3319 0.0406
52790.4020 1.3248 0.0383
57520.3067 1.8611 0.0403
53165.4084 1.2420 0.0111
54588.5506 2.4322 0.0171
57479.5414 1.7954 0.0379
56722.4431 1.4919 0.0402
56807.2850 1.5751 0.0391
57194.4042 1.4042 0.0337
57547.3894 1.9561 0.0335
56751.3388 1.4094 0.0452
57157.4382 1.4382 0.0384
54597.4492 2.4401 0.0122
53178.3735 1.1970 0.0111
57220.2575 1.4448 0.0404
57542.3556 1.8119 0.0331
56839.3084 1.6435 0.0437
53523.4194 1.1881 0.0181
54620.3602 2.3447 0.0285
56723.4855 1.1842 0.0475
57567.3000 1.8688 0.0484
56837.3165 1.3438 0.0470
53563.3393 1.2433 0.0233
53463.5877 1.0540 0.0238
57492.5382 1.6235 0.0472
57078.4405 3.1519 0.0414
52816.2978 1.1740 0.0105
56798.4184 1.6298 0.0545
57133.4165 1.3724 0.0488
57223.3584 1.5044 0.0492
56841.3138 1.6534 0.0681
57166.3209 1.5505 0.0710
56811.4297 1.4538 0.0534
56772.5324 1.6142 0.0681
57185.4571 1.4127 0.0538
57460.4772 1.7141 0.0888
56715.5477 1.4870 0.0563
56744.5497 1.3549 0.0650
56780.3029 1.3826 0.0670
56783.3371 1.4754 0.0741
56835.3154 1.6323 0.0548
56781.3459 1.5615 0.0714
57213.2831 1.5350 0.0442
56805.4062 1.6201 0.0598
56809.4523 1.7794 0.0603
56776.4560 1.5001 0.0587
56801.3417 1.4853 0.0608
56803.4017 1.4627 0.0678
57134.4685 1.4569 0.0618
56778.2936 1.5895 0.0635
56741.5902 1.4371 0.0480
57123.5324 1.3236 0.0723
57195.4008 1.4965 0.0544
56831.3127 1.6729 0.0547
56833.3217 1.6999 0.0564
53890.4800 1.7388 0.0664
57419.5304 1.5739 0.1084
53198.3064 1.4470 0.0919
57104.4590 1.4132 0.0670
53770.6182 1.6937 0.0229
57191.4241 1.2462 0.0795
57105.5608 1.3880 0.0767
