57420.5648 1.4166 0.0280
57191.4456 1.3209 0.0320
53496.3516 1.5314 0.0073
56833.3407 1.3099 0.0351
57134.4846 1.1779 0.0354
56839.3248 1.3265 0.0418
56751.3553 1.3601 0.0420
56831.3281 1.3532 0.0359
56783.3558 1.4134 0.0558
57520.3246 1.5614 0.0371
56805.4223 1.3318 0.0411
56723.5016 1.4401 0.0403
57479.5576 1.4071 0.0366
57123.5575 1.1777 0.0531
57542.3711 1.5080 0.0285
57160.3779 1.2541 0.0290
57157.4560 1.2727 0.0358
56776.4714 1.3381 0.0387
56798.4341 1.2992 0.0367
56835.3306 1.3022 0.0365
56803.4771 1.3853 0.0492
56837.3334 1.4028 0.0393
57492.5572 1.4247 0.0343
56809.4686 1.4563 0.0418
56741.6140 1.3457 0.0584
57216.2878 1.3321 0.0321
56778.3088 1.4389 0.0414
56801.3570 1.3245 0.0405
56780.3187 1.6095 0.0435
56744.5276 1.3724 0.0416
57433.5379 1.4162 0.0282
57223.3746 1.3151 0.0331
56715.5630 1.3418 0.0362
56781.3610 1.4247 0.0470
57220.2754 1.2633 0.0328
56811.4451 1.4963 0.0373
56722.4603 1.4756 0.0384
57508.4204 1.4656 0.0314
56807.3013 1.4500 0.0369
56841.3295 1.4112 0.0462
57567.3072 1.5508 0.0335
56712.4916 1.3587 0.0395
57547.4049 1.5651 0.0295
56772.5497 1.4984 0.0476
57213.2988 1.1878 0.0350
52793.2667 1.5975 0.0269
57104.4873 1.1611 0.0402
57166.3406 1.3535 0.0616
57185.4755 1.2821 0.0404
57078.4806 1.1860 0.0452
57105.5696 1.1647 0.0725
53388.6169 1.5896 0.0181
53770.6220 1.5543 0.0245
54620.3581 1.7302 0.0424
