57420.5718 3.6251 0.0310
56833.3442 4.7087 0.0407
52814.3124 2.5148 0.0086
56741.6247 6.4414 0.0649
56805.4265 5.3056 0.0483
56781.3651 5.8633 0.0529
57492.5616 3.5644 0.0368
56798.4382 5.4057 0.0450
57542.3753 3.3198 0.0335
56841.3344 4.6907 0.0507
57157.4605 4.1237 0.0405
57520.3289 3.4329 0.0404
56801.3611 5.5420 0.0495
56776.4755 6.0281 0.0472
56809.4728 5.1723 0.0502
56839.3294 4.8371 0.0485
57508.4244 3.5547 0.0359
57191.4470 3.7142 0.0371
56722.4643 6.7563 0.0482
57134.4858 4.4775 0.0398
56835.3351 4.7776 0.0434
56723.5056 6.7089 0.0503
56811.4492 5.1500 0.0444
57223.3789 3.7036 0.0375
57216.2922 3.7876 0.0376
56778.3129 6.0716 0.0505
56783.3617 5.7352 0.0578
57220.2801 3.6841 0.0379
56772.5541 6.0631 0.0554
56807.3055 5.4209 0.0468
56780.3231 5.7643 0.0501
56837.3376 4.7596 0.0458
56831.3322 4.8809 0.0427
57547.4087 3.3277 0.0339
56751.3593 6.3418 0.0500
56744.5318 6.4180 0.0504
56712.4957 6.6341 0.0486
57479.5619 3.5727 0.0401
56715.5670 6.7241 0.0455
57213.3036 3.8148 0.0343
57433.5416 3.8263 0.0339
56803.4819 5.3620 0.0674
57160.4616 4.0553 0.0450
57078.4859 4.8203 0.0427
57166.3455 3.9343 0.0513
57105.5711 4.6889 0.0599
57104.5060 4.5633 0.0496
57185.4795 3.7756 0.0664
57123.5621 4.4720 0.0796
57567.3097 2.9003 0.0939
