53462.4908 6.0604 0.0323
53847.5729 8.3868 0.0256
53911.3288 10.3325 0.0198
57479.5240 10.6433 0.0284
53851.4182 8.4251 0.0167
52730.5552 9.7213 0.0494
53853.4352 8.5759 0.0169
53524.3013 5.9202 0.0104
53586.2942 6.0326 0.0120
54186.5147 9.0718 0.0180
56715.4984 13.9809 0.0443
54531.5740 9.0217 0.0112
57420.5453 11.1565 0.0376
53466.6127 5.4053 0.0116
56803.4112 14.4704 0.0463
56743.5101 14.4471 0.0460
52710.6200 9.3557 0.0157
56741.5899 14.4204 0.0595
57567.2896 11.2421 0.0387
53583.3046 5.9127 0.0125
56811.4234 14.3554 0.0453
57520.3008 10.7132 0.0488
54570.4284 9.8283 0.0235
56831.3066 14.4092 0.0461
57492.5332 10.7822 0.0411
53799.4817 8.0392 0.0194
56723.4803 14.0863 0.0488
56835.3093 14.4813 0.0456
52817.2960 8.7787 0.0299
56837.3096 14.4999 0.0471
57542.3509 11.3349 0.0366
56744.5344 14.5371 0.0481
54262.4012 9.0682 0.0151
56841.3074 14.4677 0.0513
56801.3352 14.4865 0.0502
57508.3994 10.6314 0.0374
57459.5373 10.6735 0.0394
56807.2799 14.4131 0.0498
56781.3397 11.7480 0.0537
54209.4929 8.8762 0.0137
56721.5901 13.8567 0.0523
54624.3824 11.3562 0.0150
56776.4499 14.8235 0.0484
56772.5257 15.0033 0.0549
56783.3308 11.4104 0.0533
54176.5493 9.2869 0.0148
53505.3888 6.1084 0.0177
57460.4734 10.7339 0.0391
56809.4460 14.5062 0.0495
56798.4117 14.6580 0.0452
56805.4000 14.3841 0.0464
56839.3033 14.4890 0.0489
56833.3155 14.4875 0.0460
56751.3336 14.5899 0.0537
53769.6082 7.3004 0.0130
54561.4254 9.7096 0.0143
53146.4901 8.3897 0.0149
54151.6503 9.5469 0.0164
54153.5968 9.7045 0.0158
54117.6461 9.8142 0.0145
53390.6489 6.6008 0.0138
54524.5266 9.6529 0.0197
53553.4142 5.7613 0.0134
52790.4028 9.4047 0.1329
54144.5888 9.9908 0.0157
53578.3431 5.9711 0.0174
53411.6236 6.9245 0.0132
54511.5807 9.3908 0.0130
54213.5722 8.5885 0.0171
54614.3924 11.2620 0.0164
52814.3124 9.3413 0.0114
53936.3074 10.6857 0.0162
54255.3352 8.8257 0.0187
53200.2667 8.6890 0.0146
54621.4059 11.6164 0.0160
56712.4708 14.0642 0.0530
54266.2923 9.0769 0.0148
54557.5455 9.6213 0.0151
54234.4877 8.5167 0.0145
53859.3669 7.7278 0.0171
53473.5879 6.1631 0.0147
53121.5132 8.2190 0.0141
54591.3863 9.4277 0.0142
54179.5219 9.3149 0.0148
54563.4941 9.8442 0.0157
52813.3474 8.7990 0.0177
54588.5522 10.5518 0.0190
53175.3845 8.1049 0.0142
53883.3893 8.7710 0.0156
54183.5063 9.1761 0.0156
53551.3290 5.7317 0.0127
53939.3067 10.7842 0.0162
53875.3594 9.4940 0.0149
53772.6264 7.5336 0.0151
52792.4193 9.1615 0.0231
54600.4459 9.2766 0.0285
54113.6612 9.3496 0.0173
54201.4537 8.8997 0.0152
54535.5077 9.7589 0.0143
53446.5324 6.4441 0.0132
53943.3027 10.7059 0.0165
54259.3128 9.0912 0.0142
53138.4614 8.3349 0.0150
53109.5778 8.2604 0.0185
53469.5188 6.0339 0.0133
53178.3751 8.4468 0.0140
53149.3330 8.5924 0.0141
53906.3684 9.5460 0.0174
52722.5967 8.2961 0.0250
53531.3615 5.8136 0.0132
53916.3248 9.6557 0.0183
53117.4850 8.3524 0.0141
53766.6170 7.4348 0.0138
53495.4394 6.1073 0.0136
52815.2953 9.2253 0.0106
53855.4161 8.6743 0.0147
54124.6309 9.8223 0.0148
54205.4858 8.4471 0.0158
54594.4526 10.8312 0.0153
53165.4100 8.2651 0.0138
54618.4140 11.6614 0.0155
53527.3526 6.0683 0.0129
53195.3465 8.4998 0.0141
53743.6336 7.5712 0.0132
54229.4787 8.7768 0.0210
53518.4479 5.9833 0.0247
54538.5772 9.7105 0.0166
53083.6071 8.6738 0.0152
53502.3879 6.1652 0.0140
54597.4509 10.3749 0.0149
53892.3770 9.5853 0.0235
54120.6630 9.5382 0.0178
53879.3083 9.5722 0.0158
53500.3158 6.1569 0.0132
53888.4064 9.1900 0.0160
54528.5221 9.8497 0.0134
52791.4573 9.0041 0.0235
57216.2664 11.1777 0.0455
52721.6238 9.4035 0.0337
56778.2865 14.3626 0.0642
57220.2508 11.2799 0.0918
56780.2957 14.4714 0.0668
57160.3564 11.1270 0.0427
57194.3999 11.3438 0.0452
57157.4336 11.1666 0.0458
57433.5183 11.3419 0.0394
57223.3531 11.2744 0.0456
56829.3208 14.5299 0.0647
56800.5027 14.5934 0.0850
57213.2777 11.2415 0.0423
57133.4106 11.4095 0.0426
57547.3854 11.5364 0.0411
56722.4392 14.1226 0.0629
53463.5851 6.1314 0.0231
53523.4194 5.8898 0.0204
57191.4184 11.4012 0.0585
57419.5251 11.3779 0.0721
53563.3393 5.8253 0.0255
54620.3574 9.6980 0.0473
57195.3988 11.2140 0.0716
57185.4502 11.3741 0.0719
57134.4666 11.5366 0.0740
57123.5278 11.0648 0.0999
57156.4565 11.0576 0.0738
56711.5225 14.1293 0.1007
57155.3464 11.1507 0.2525
57104.4484 11.5520 0.0632
53890.4800 9.8956 0.0843
53198.3064 8.4334 0.0994
54619.3119 11.7357 0.0869
57166.3176 11.3288 0.1148
57105.5577 11.3377 0.1001
