57420.5625 4.5123 0.0356
57134.4835 6.4549 0.0827
57492.5551 3.3337 0.0258
57433.5360 3.2980 0.0226
57479.5555 3.3529 0.0276
57520.3223 3.3064 0.0282
57508.4185 3.3613 0.0247
57567.3051 3.2038 0.0259
57542.3692 3.3187 0.0227
57547.4029 3.2093 0.0232
57223.3730 4.7244 0.0699
57157.4543 5.1559 0.0722
57123.5558 3.4752 0.0590
57220.2742 4.9326 0.0626
57191.4444 4.2235 0.0658
57160.3764 4.8607 0.0622
57216.2869 4.4288 0.0553
53496.3516 4.1602 0.0086
56833.3407 3.9780 0.0396
56831.3281 4.0581 0.0413
56783.3558 3.8342 0.0585
56805.4223 3.8367 0.0456
56723.5016 3.9798 0.0448
56772.5497 3.8963 0.0514
56839.3248 3.9264 0.0465
56798.4341 3.9330 0.0414
56835.3306 3.9461 0.0415
56803.4771 3.8507 0.0534
56837.3334 3.9138 0.0438
56809.4686 3.8184 0.0462
57213.2983 5.3509 0.0629
56741.6140 4.0403 0.0617
56776.4714 4.0022 0.0434
56778.3088 3.8832 0.0458
56801.3570 3.8136 0.0448
56780.3187 3.8640 0.0474
56744.5276 3.9121 0.0460
56715.5630 4.0854 0.0414
56781.3610 3.8770 0.0510
56722.4603 4.0180 0.0430
57185.4728 13.7320 0.1220
56811.4451 3.8908 0.0417
56751.3553 3.9893 0.0466
56807.3013 3.8674 0.0417
56841.3295 3.8265 0.0497
56712.4916 4.0191 0.0442
57166.3399 4.5244 0.0846
57104.4873 3.9033 0.0460
52793.2667 4.5389 0.0305
57078.4806 4.1817 0.0530
57105.5696 4.3481 0.0844
53388.6169 4.1189 0.0213
57133.6091 11.5994 0.4982
53770.6220 3.6557 0.0280
54620.3581 2.7436 0.0459
