57420.5652 9.0249 0.0388
53462.4908 8.3882 0.0341
53847.5741 8.2449 0.0421
53911.3288 8.6111 0.0200
53851.4182 8.5090 0.0173
56743.5064 6.2524 0.0308
52730.5552 8.1668 0.0420
53853.4352 8.4764 0.0175
53586.2942 7.7193 0.0128
53524.3013 8.2996 0.0115
54186.5147 7.5053 0.0178
52698.6084 7.9009 0.0122
57213.2971 8.4390 0.0494
54531.5740 6.9588 0.0105
57547.4029 7.5920 0.0288
57433.5366 8.7757 0.0290
57220.2733 8.2690 0.0540
57542.3692 7.6883 0.0283
57479.5560 8.2265 0.0316
57508.4183 7.8489 0.0299
53466.6127 8.4863 0.0130
57520.3222 7.7724 0.0317
57216.2843 8.2866 0.0533
52710.6200 7.8975 0.0151
53583.3046 7.7426 0.0136
57492.5565 8.1115 0.0352
54570.4284 6.8164 0.0231
53799.4817 8.6004 0.0200
57134.4864 8.3607 0.0736
57191.4401 8.3806 0.0604
52817.2960 8.6457 0.0286
54262.4012 7.7476 0.0147
57123.5612 8.2234 0.0947
54209.4929 7.5185 0.0132
53505.3888 8.3647 0.0190
57078.4564 6.6994 0.0349
57160.4104 8.3107 0.0556
53769.6082 8.8591 0.0139
54561.4254 6.7724 0.0129
57223.3677 8.3581 0.0484
57157.4488 8.0934 0.0491
53146.4901 8.4060 0.0149
54535.5077 6.9204 0.0130
54151.6503 7.3503 0.0153
54153.5968 7.3739 0.0146
54117.6461 7.2285 0.0132
54213.5722 7.4071 0.0168
53855.4161 8.5724 0.0150
54524.5266 7.1082 0.0191
53553.4142 8.3776 0.0151
54144.5888 7.3110 0.0144
53578.3431 7.6774 0.0188
53411.6236 8.5737 0.0142
54511.5807 7.4407 0.0120
54614.3924 7.1708 0.0145
53936.3074 8.3919 0.0154
54255.3352 7.7322 0.0186
54600.4459 7.1938 0.0288
53200.2667 8.6920 0.0146
54621.4059 7.1707 0.0138
52790.4028 8.1948 0.1349
54266.2923 7.7534 0.0143
54557.5455 6.8762 0.0139
54234.4877 7.6118 0.0142
53859.3669 8.6655 0.0180
53473.5879 8.4284 0.0161
53121.5132 8.7421 0.0145
54591.3863 7.1495 0.0132
54179.5219 7.4695 0.0140
54563.4941 6.8102 0.0143
52813.3474 8.5634 0.0178
54588.5522 7.0384 0.0175
53175.3845 8.5181 0.0144
53883.3893 8.9136 0.0161
54624.3808 7.1061 0.0141
54183.5063 7.4071 0.0148
53551.3290 8.5218 0.0143
53939.3067 8.3954 0.0154
57567.2958 7.2220 0.0429
53875.3594 8.9315 0.0149
53772.6264 8.8907 0.0161
52792.4193 8.2938 0.0230
54201.4537 7.6215 0.0148
53446.5324 8.4545 0.0144
53943.3027 8.3094 0.0156
54259.3128 7.7436 0.0136
53138.4614 8.4309 0.0153
53109.5778 8.5297 0.0188
53469.5188 8.4399 0.0148
53178.3751 8.5572 0.0141
53149.3330 8.5720 0.0141
53906.3684 8.5567 0.0173
52722.5967 7.9391 0.0254
53390.6489 8.6753 0.0150
53531.3615 8.4599 0.0148
53916.3248 8.4791 0.0183
53117.4850 8.6701 0.0143
53766.6170 8.8211 0.0147
53495.4394 8.4301 0.0151
52815.2953 8.7869 0.0102
54597.4509 7.1337 0.0134
54176.5642 7.4327 0.0142
54124.6309 7.2308 0.0135
54205.4858 7.5401 0.0156
54594.4526 7.1122 0.0135
53165.4100 8.5371 0.0139
54618.4140 7.2240 0.0135
53527.3526 8.5171 0.0143
53195.3465 8.6914 0.0143
53743.6336 8.8512 0.0140
54229.4787 7.5475 0.0210
57185.4702 8.3804 0.0709
53518.4479 8.4162 0.0261
54538.5772 6.8527 0.0152
54113.6612 7.1682 0.0166
53083.6071 8.6121 0.0151
53502.3879 8.4495 0.0154
53892.3770 8.9843 0.0243
54120.6630 7.1636 0.0169
53879.3083 8.9573 0.0159
53500.3158 8.4480 0.0146
53888.4064 8.9364 0.0163
54528.5221 7.1479 0.0122
52791.4573 8.3028 0.0236
52721.6238 7.9016 0.0337
57459.5423 8.1767 0.0435
56811.4286 6.1710 0.0423
56776.4550 6.7330 0.0474
56841.3128 6.2878 0.0508
56772.5313 6.6384 0.0529
56783.3361 6.4841 0.0558
56780.3019 6.4411 0.0519
56741.5892 6.3866 0.0603
56744.5487 6.3746 0.0491
56781.3448 6.3521 0.0539
56837.3164 6.3646 0.0451
56722.4431 6.3190 0.0461
56809.4513 6.0598 0.0463
56798.4174 6.1176 0.0424
56835.3144 6.2355 0.0429
56803.4007 6.1578 0.0510
56831.3117 6.3836 0.0433
56712.4754 6.3294 0.0466
56805.4052 6.1853 0.0457
56807.2850 6.0978 0.0451
56801.3407 6.2098 0.0477
57194.4042 8.1954 0.0416
56778.2926 6.3438 0.0493
57133.4154 7.9815 0.0414
56715.5467 6.3652 0.0445
53463.5851 8.2389 0.0247
56833.3206 6.3180 0.0440
56723.4853 6.3599 0.0461
56839.3084 6.3253 0.0474
53523.4194 8.4071 0.0223
54620.3602 7.1932 0.0345
57166.3329 8.0837 0.0810
53563.3393 8.0092 0.0275
57460.4772 8.0618 0.0973
56751.3398 6.3809 0.0716
57195.4008 8.3458 0.0658
57105.5603 8.0830 0.0653
53890.4800 8.7845 0.0832
53198.3064 8.8866 0.1020
57104.4590 8.2171 0.0835
53770.6182 8.9698 0.0317
56721.5940 6.4452 0.1241
57419.5304 8.7723 0.1192
