57420.5558 3.6335 0.0250
56803.4491 2.1564 0.0367
56741.6037 2.2151 0.0482
56743.5233 2.1834 0.0354
56837.3221 1.9058 0.0322
56722.4489 2.2682 0.0320
57157.4445 2.2476 0.0303
57160.3668 2.3635 0.0254
57433.5281 3.4487 0.0270
56772.5379 2.3077 0.0401
57567.2965 4.0132 0.0309
57479.5469 3.7719 0.0357
56805.4110 2.2443 0.0339
56839.3142 1.9130 0.0354
56781.3506 2.2876 0.0386
56780.3079 2.2538 0.0390
57194.4103 2.3157 0.0275
56751.3447 2.2161 0.0365
57185.4678 2.2077 0.0353
57223.3635 2.1567 0.0280
57542.3611 3.8497 0.0288
53475.5639 3.1262 0.0090
56783.3424 2.2604 0.0428
56776.4608 2.3773 0.0331
56811.4344 2.1334 0.0304
56801.3464 2.2877 0.0338
57547.3948 3.8546 0.0285
56831.3175 1.9847 0.0302
56833.3265 1.9149 0.0307
56778.2984 2.2721 0.0348
56798.4231 2.2823 0.0306
56841.3188 1.8744 0.0386
56712.4812 2.3824 0.0336
56807.2907 2.1477 0.0330
56744.5418 2.2126 0.0348
56715.5524 2.2813 0.0311
57508.4102 3.9508 0.0292
56723.4911 2.2428 0.0355
57213.2883 2.1034 0.0249
57216.2767 2.1434 0.0269
57220.2642 2.0566 0.0291
56835.3201 1.9738 0.0302
57520.3130 3.9677 0.0350
57133.5990 2.3756 0.0352
56809.4577 2.1066 0.0362
57492.5459 4.0067 0.0355
57459.5467 3.6383 0.0379
57134.4719 2.3193 0.0388
57078.4502 1.9153 0.0430
57191.4318 2.3404 0.0391
53883.4566 2.5413 0.0116
57123.5425 2.3218 0.0914
53884.4341 2.6538 0.0122
57195.4028 2.3452 0.0540
57166.3305 2.4444 0.0624
57104.4657 2.1113 0.0865
53467.5113 3.1429 0.0176
57105.5621 2.2747 0.0736
