57420.5522 2.8867 0.0362
57567.2964 3.7959 0.0309
57520.3093 3.1760 0.0329
57433.5249 2.7009 0.0252
57194.4067 3.0770 0.0477
56803.4428 1.9305 0.0423
57213.2846 2.9251 0.0436
53475.5639 1.7461 0.0083
57479.5437 2.6566 0.0336
57547.3917 3.3998 0.0271
57459.5448 2.7386 0.0293
57508.4068 3.0154 0.0273
57542.3579 3.3473 0.0264
57223.3599 3.0386 0.0495
57220.2603 2.9892 0.0550
57133.5357 2.6993 0.0504
57185.4656 2.8724 0.0610
57157.4414 3.0522 0.0528
57492.5412 2.6337 0.0306
57216.2737 2.7777 0.0499
56841.3171 2.3266 0.0464
56801.3447 1.9825 0.0400
56837.3204 2.2697 0.0390
56722.4472 1.8924 0.0374
56715.5507 1.8356 0.0366
56723.4894 2.0383 0.0401
56751.3430 2.0107 0.0435
56783.3403 2.1411 0.0513
56772.5360 2.0737 0.0470
57160.3650 3.0382 0.0317
56798.4214 2.0635 0.0363
56712.4795 1.9712 0.0395
56811.4327 1.9178 0.0358
56778.2967 2.0920 0.0416
57078.4405 2.4030 0.0372
56805.4093 2.0144 0.0395
56839.3125 2.2745 0.0429
56780.3062 2.3526 0.0468
56833.3247 2.3446 0.0368
56835.3184 2.2606 0.0366
56781.3489 2.2505 0.0461
56776.4591 2.1755 0.0385
56831.3158 2.2798 0.0366
56807.2890 1.9313 0.0382
56809.4559 2.0149 0.0444
57123.5349 2.7715 0.1239
56741.5950 1.7986 0.0586
57191.4246 9.0424 0.1172
57134.4710 2.8459 0.0438
57195.4020 3.0260 0.0766
57460.4772 2.8585 0.0840
53884.4341 2.4886 0.0125
56744.5518 1.7908 0.0593
56743.5180 1.9374 0.0612
57105.5609 2.9584 0.1073
57166.3243 3.0044 0.1254
57104.4634 2.7702 0.0663
57419.5304 2.7393 0.1078
53467.5113 1.7814 0.0158
