56743.5121 2.4278 0.0225
57420.5518 2.4137 0.0209
56803.4260 2.3908 0.0320
57567.2954 1.9553 0.0246
56722.4451 2.3859 0.0282
56805.4073 2.2404 0.0286
56715.5487 2.2985 0.0273
57213.2842 2.2096 0.0213
57547.3913 1.9821 0.0217
56751.3409 2.4302 0.0322
56783.3382 2.4281 0.0371
57520.3089 2.0553 0.0275
56811.4307 2.3793 0.0263
57194.4064 2.2376 0.0235
56833.3227 2.4056 0.0269
56712.4774 2.2866 0.0291
57133.5059 2.1323 0.0269
56801.3427 2.4130 0.0299
56807.2870 2.2369 0.0279
57542.3576 1.9616 0.0215
56741.5922 2.3983 0.0409
56780.3040 2.4059 0.0336
57223.3595 2.1214 0.0240
56723.4874 2.3749 0.0290
57508.4065 2.1471 0.0229
57157.4404 2.0861 0.0260
56839.3104 2.3494 0.0306
56772.5336 2.4449 0.0345
56744.5508 2.7238 0.0314
56781.3469 2.4408 0.0343
57160.3629 2.1399 0.0217
57479.5434 2.3042 0.0282
57433.5246 2.4355 0.0216
57459.5445 2.3121 0.0247
56841.3149 2.4368 0.0334
56835.3164 2.3561 0.0264
56776.4570 2.3353 0.0286
56778.2946 2.3703 0.0308
56837.3184 2.3991 0.0282
56831.3137 2.4350 0.0266
57216.2727 2.1948 0.0233
57220.2599 2.1989 0.0270
56798.4194 2.3339 0.0265
57078.4407 2.0619 0.0311
56809.4533 2.4102 0.0309
57185.4632 2.1511 0.0320
53475.5639 2.1494 0.0086
57492.5408 2.1716 0.0290
57134.4700 2.2005 0.0353
57191.4242 2.1498 0.0357
57195.4018 2.2320 0.0376
57123.5349 2.2264 0.0630
57166.3236 2.1854 0.0535
57105.5609 2.0613 0.0425
57460.4772 2.4182 0.0842
57104.4612 2.0534 0.0454
53884.4341 2.3345 0.0124
53467.5113 2.1624 0.0165
56721.5940 2.6187 0.1159
57419.5304 2.2963 0.1070
54620.3656 2.8833 0.0471
53770.6182 2.1393 0.0234
