52730.5705 8.2373 0.0297
53462.4934 9.8785 0.0419
53911.3288 9.4016 0.0203
53847.5790 9.2425 0.0508
56801.3749 9.5260 0.0338
53853.4397 9.2315 0.0192
54186.5147 8.7391 0.0185
52698.6084 7.9610 0.0124
53851.4142 9.2244 0.0194
54531.5740 8.3477 0.0112
53586.2950 10.3975 0.0156
57420.5809 9.4080 0.0361
53524.3021 10.3978 0.0138
53466.6138 9.6894 0.0147
52710.6200 8.0480 0.0156
54570.4284 8.0374 0.0239
52817.2960 8.2385 0.0285
53583.3057 10.3573 0.0162
57191.4580 9.7903 0.0421
56833.3526 9.0984 0.0420
54117.6461 7.5469 0.0136
54524.5266 8.6711 0.0201
54144.5888 7.8472 0.0149
54511.5807 9.0028 0.0130
52790.4028 8.6120 0.1360
54266.2923 9.0615 0.0152
53799.4830 9.4840 0.0237
54209.4920 9.3300 0.0156
52813.3474 8.4082 0.0180
54262.4003 9.0059 0.0171
54183.5063 8.6789 0.0157
52792.4193 8.9752 0.0237
53505.3901 9.8956 0.0219
54535.5077 8.2985 0.0139
54259.3128 9.0483 0.0145
53138.4614 9.2623 0.0160
52722.5967 8.3238 0.0262
53195.3465 9.5905 0.0151
52815.2953 8.4014 0.0105
54124.6309 7.5671 0.0139
54624.3833 7.7793 0.0150
54561.4238 7.0181 0.0145
54538.5772 8.3808 0.0163
54113.6612 7.3799 0.0170
54120.6630 7.4812 0.0174
54528.5221 8.5353 0.0131
53518.4487 10.2018 0.0304
56712.5038 9.9050 0.0525
53892.3754 9.3373 0.0274
52791.4573 8.8843 0.0243
56751.3675 9.7108 0.0537
52721.6238 8.3428 0.0347
57433.5504 9.9064 0.0434
54179.5203 8.5352 0.0165
53502.3887 9.8295 0.0182
56744.5399 9.8506 0.0562
56837.3458 8.9820 0.0516
53888.4048 9.1398 0.0187
56772.5627 9.3261 0.0601
54151.6511 8.0483 0.0179
57220.2890 10.4856 0.0458
54255.3360 9.1932 0.0221
57520.3376 10.0276 0.0474
53469.5196 9.7254 0.0176
53146.4912 9.1765 0.0175
56715.5752 9.7838 0.0499
56839.3381 8.9718 0.0565
53766.6179 9.5199 0.0169
54153.5976 8.0062 0.0170
54594.4534 8.1179 0.0160
53531.3625 10.5206 0.0180
56811.4574 9.4808 0.0505
56741.6340 9.5439 0.0709
56809.4820 9.6335 0.0564
56783.3699 9.1972 0.0616
53883.3877 9.2529 0.0182
56723.5137 9.6714 0.0535
53553.4150 10.3147 0.0183
56798.4478 9.5152 0.0543
54557.5463 8.0309 0.0163
53165.4108 9.0056 0.0165
54614.3932 7.8460 0.0168
54618.4147 7.9051 0.0157
57547.4163 10.7532 0.0464
53772.6273 9.4548 0.0183
53117.4860 9.0968 0.0165
53473.5887 9.9315 0.0192
57213.3122 10.1250 0.0428
56831.3404 9.2235 0.0491
54588.5530 8.0897 0.0205
53175.3853 9.0746 0.0170
57134.4954 8.8739 0.0465
53769.6073 9.4723 0.0174
56778.3210 9.2414 0.0544
56807.3136 9.5207 0.0509
57216.3027 10.2339 0.0471
56780.3316 9.4617 0.0545
53121.5140 9.0275 0.0164
53943.3035 8.4481 0.0175
54563.4950 8.0507 0.0166
56841.3435 8.8685 0.0549
53875.3602 9.3791 0.0171
57542.3828 10.7576 0.0447
56781.3732 9.3286 0.0568
53500.3166 9.8996 0.0174
57123.5755 8.6548 0.0598
53879.3092 9.2607 0.0180
53149.3338 9.1346 0.0163
53411.6245 9.7968 0.0167
53936.3058 8.6850 0.0175
53446.5332 9.8622 0.0171
56776.4836 9.3396 0.0511
53855.4169 9.3144 0.0173
53200.2675 9.5613 0.0172
53551.3298 10.3534 0.0172
53178.3759 9.1235 0.0167
53906.3692 9.2196 0.0196
53390.6497 9.8428 0.0177
54176.5650 8.4949 0.0168
56722.4730 9.7672 0.0538
57508.4323 9.9120 0.0456
57492.5703 9.4299 0.0477
54205.4866 9.3225 0.0187
57479.5706 9.7032 0.0472
54621.4067 7.8117 0.0161
53495.4402 9.8677 0.0177
57223.3876 10.4960 0.0472
53109.5789 8.9819 0.0218
54213.5730 9.1330 0.0199
53578.3439 10.2623 0.0225
53083.6079 9.3866 0.0176
54234.4885 9.0578 0.0169
53859.3678 9.4056 0.0206
53916.3256 9.2687 0.0211
56835.3435 9.0158 0.0493
53527.3534 10.4630 0.0173
53939.3075 8.5803 0.0173
56805.4347 9.5665 0.0539
54591.3871 8.1358 0.0155
54229.4794 9.0487 0.0244
54597.4517 8.0390 0.0157
54600.4467 8.1232 0.0332
53743.6329 9.1374 0.0185
56803.4932 9.3831 0.0811
54201.4537 9.2631 0.0205
53463.5896 9.7013 0.0303
53523.4201 10.3848 0.0280
57157.4700 9.6745 0.0528
57166.3553 9.7097 0.0586
54620.3574 7.8147 0.0445
57160.5099 9.6544 0.0670
53563.3392 10.1227 0.0349
57185.4913 9.9074 0.0692
53890.4800 9.2195 0.0837
54619.3119 7.6006 0.0773
53198.3064 9.8518 0.1058
57105.5754 8.6241 0.1003
57078.4947 8.9356 0.1033
57104.5235 8.8437 0.0919
