53462.4891 54.2536 0.0495
52698.6084 55.7704 0.0257
53847.5708 68.5283 0.0773
57420.5763 62.7239 0.0649
53911.3298 66.7843 0.0471
53851.4174 68.5988 0.0424
53853.4382 69.0593 0.0423
53586.2952 60.3381 0.0327
56801.3688 57.5223 0.0865
53524.3023 56.9250 0.0300
52815.2953 55.2289 0.0206
54531.5762 54.2513 0.0292
53466.6137 53.9898 0.0317
56833.3478 57.7407 0.0917
54186.5141 57.6325 0.0391
53122.4995 58.2006 0.0203
56723.5097 55.4871 0.0964
56831.3363 57.9821 0.0945
56798.4422 57.0933 0.0932
56809.4772 57.1339 0.1051
53146.4922 59.6980 0.0349
54624.3840 61.9050 0.0375
57547.4125 60.9099 0.0897
56741.6278 54.0060 0.1036
57213.3079 59.5009 0.0840
56807.3096 57.4444 0.1018
56780.3275 58.1270 0.0981
56778.3170 58.1104 0.0987
56776.4795 58.2099 0.0960
56781.3691 58.2174 0.1038
57123.5698 65.4173 0.0939
57223.3832 58.9027 0.0876
57134.4907 64.0809 0.0914
56751.3634 55.0810 0.0951
56805.4306 57.0764 0.0963
57433.5460 64.7370 0.0904
56835.3395 57.7208 0.0948
56722.4684 55.5615 0.0930
57508.4284 60.3621 0.0886
57216.2975 59.3512 0.0900
56744.5358 55.1264 0.0972
56772.5585 57.5464 0.0982
53583.3054 59.4703 0.0375
53799.4841 64.7011 0.0523
57542.3791 60.7180 0.0877
56715.5711 55.9943 0.0917
56712.4997 55.3993 0.0933
54561.4270 56.4806 0.0355
57220.2845 59.3515 0.0908
56841.3393 56.9726 0.0944
54570.4300 57.4763 0.0414
57520.3333 60.4238 0.0845
57479.5663 59.7682 0.0843
56803.4885 56.9966 0.1051
56837.3417 57.6073 0.0956
57492.5660 59.1588 0.0909
53769.6098 66.4825 0.0387
57191.4517 59.5013 0.0890
57157.4650 62.4099 0.0922
57160.5054 61.7536 0.0910
56811.4533 57.4789 0.0943
56839.3341 57.4999 0.1001
56783.3659 57.8698 0.1001
53883.3903 69.2842 0.0454
53195.3479 56.8935 0.0389
53766.6181 66.3820 0.0436
53446.5335 53.3334 0.0378
54229.4797 54.5328 0.0449
53888.4075 69.1067 0.0443
54113.6622 57.3551 0.0409
54151.6514 57.1674 0.0424
53892.3781 69.4706 0.0493
54511.5817 54.2057 0.0351
54528.5232 55.0042 0.0355
54535.5087 54.5345 0.0378
57166.3513 61.2673 0.0983
53936.3084 64.5830 0.0438
54117.6472 56.8097 0.0388
53502.3890 55.8915 0.0390
53469.5199 54.0916 0.0388
54557.5465 55.7147 0.0392
54614.3935 61.8391 0.0423
54594.4537 60.1894 0.0403
53473.5890 53.9002 0.0403
54179.5230 57.9484 0.0397
53553.4153 56.9182 0.0407
54538.5782 54.3981 0.0421
53165.4111 59.3277 0.0392
53743.6351 65.6452 0.0414
54618.4150 61.8788 0.0399
54588.5532 46.1814 0.0410
54209.4924 55.0655 0.0403
53121.5143 58.9608 0.0394
54262.4007 55.6058 0.0415
53411.6247 53.1174 0.0381
54183.5074 57.8012 0.0412
53175.3856 58.9765 0.0407
53578.3442 59.2008 0.0482
54259.3139 55.7798 0.0386
57185.4838 59.7586 0.1131
53943.3038 64.0927 0.0445
53939.3078 64.1585 0.0431
53875.3605 69.1639 0.0439
54255.3362 55.6699 0.0415
53138.4625 59.3208 0.0415
53500.3169 56.0934 0.0383
54120.6641 56.8099 0.0432
53879.3094 69.4610 0.0454
54201.4548 56.1724 0.0405
54144.5899 56.6015 0.0406
54153.5979 56.9838 0.0423
53505.3881 56.1380 0.0443
53200.2678 57.0239 0.0386
54620.3589 61.6191 0.0786
53495.4405 55.8669 0.0399
53551.3301 57.1745 0.0386
54563.4953 56.8060 0.0405
54524.5277 54.4350 0.0418
53178.3762 58.5695 0.0392
53906.3695 68.0079 0.0496
54176.5652 58.1220 0.0403
53916.3259 66.9100 0.0472
53117.4863 59.0058 0.0395
53390.6500 54.1815 0.0389
54213.5733 54.3749 0.0441
54234.4888 54.5070 0.0388
54205.4869 55.7551 0.0409
54591.3874 53.6363 0.0369
54124.6320 56.5954 0.0393
54621.4069 61.7764 0.0417
54266.2934 55.6873 0.0389
53855.4171 68.8487 0.0434
53859.3680 69.1462 0.0446
53527.3537 56.7748 0.0384
53531.3626 56.8191 0.0394
53772.6275 66.3720 0.0454
53518.4490 56.6308 0.0490
54597.4542 61.8995 0.0489
57105.5730 66.5792 0.1455
54600.4490 61.7640 0.0640
53463.5744 54.1704 0.0606
53563.3409 57.2868 0.0627
53149.3362 60.6335 0.0468
57078.4898 68.9711 0.1297
53523.4194 56.5599 0.0585
53890.4800 69.7059 0.1768
57104.5182 66.8614 0.1514
54619.3119 63.4097 0.1676
52730.5660 54.1567 0.3424
