53462.4945 14.9424 0.0488
52698.6084 9.1554 0.0130
53911.3323 13.2661 0.0343
54186.5185 10.4138 0.0233
53466.6160 11.9540 0.0166
53847.5835 12.5738 0.0406
53583.3079 15.0626 0.0197
52730.5599 8.1287 0.0201
53853.4373 12.4735 0.0243
53524.3029 15.1446 0.0220
53851.4061 12.8388 0.0354
52790.4020 9.7240 0.0432
53586.2958 15.1100 0.0237
53799.4857 13.6136 0.0309
54531.5818 7.0422 0.0148
52722.5967 7.4467 0.0273
52815.2914 9.9748 0.0121
54153.6000 6.8800 0.0184
54117.6493 10.7849 0.0193
53390.6521 12.7159 0.0219
54614.3956 5.0787 0.0170
54183.5095 10.4838 0.0211
54234.4909 9.1051 0.0193
54266.2955 8.4065 0.0185
53578.3463 12.5101 0.0268
53859.3702 11.7018 0.0246
54624.3850 6.3491 0.0182
54179.5251 10.3995 0.0199
53473.5911 14.4950 0.0245
53121.5165 13.0982 0.0209
53855.4193 12.6255 0.0217
54259.3160 8.3033 0.0179
54124.6341 10.3600 0.0192
54563.4974 6.8179 0.0181
53469.5220 14.5947 0.0228
53195.3507 12.6476 0.0210
54561.4270 5.4015 0.0169
54209.4977 10.0054 0.0204
54538.5803 5.0248 0.0180
53117.4887 10.8235 0.0199
52721.6243 20.7061 0.0438
53146.4943 12.4679 0.0218
54201.4569 10.0274 0.0209
54528.5253 7.1803 0.0156
54213.5754 7.0188 0.0211
54120.6662 10.7716 0.0252
53178.3783 10.7513 0.0198
53527.3542 15.2083 0.0271
54591.3879 6.5806 0.0201
54600.4475 6.5294 0.0449
53523.4232 15.1008 0.0388
52792.4194 8.5490 0.0330
54570.4284 6.7202 0.0400
54511.5823 6.8962 0.0184
54151.6519 9.9160 0.0265
53446.5341 14.2966 0.0269
54535.5092 7.1593 0.0205
56783.3709 8.2787 0.0830
54144.5936 10.0114 0.0250
53772.6281 13.4546 0.0285
53875.3642 12.9359 0.0268
53743.6407 13.9624 0.0256
53553.4158 14.8356 0.0285
54618.4155 6.3992 0.0204
53892.3819 13.1065 0.0399
54594.4542 6.4590 0.0208
53411.6253 15.0673 0.0268
53766.6187 13.5799 0.0264
57520.3387 9.4717 0.0654
53502.3895 15.0334 0.0285
54588.5538 6.6190 0.0278
53165.4148 12.7093 0.0253
53518.4495 15.1399 0.0437
56781.3742 8.2786 0.0776
54262.4044 9.0099 0.0261
57508.4332 0.9983 0.0438
53505.3888 15.2192 0.0361
53175.3861 12.5003 0.0259
53769.6081 13.4768 0.0272
53138.4632 12.9628 0.0277
52710.6285 9.4769 0.0290
53200.2683 12.7165 0.0251
53943.3043 12.3862 0.0275
53939.3083 12.4909 0.0268
53888.4112 13.0330 0.0277
53551.3306 14.8757 0.0269
53883.3941 12.8057 0.0281
54229.4803 9.2491 0.0338
53149.3346 12.8873 0.0251
53500.3174 15.1442 0.0275
54113.6628 10.9084 0.0278
54597.4524 6.4889 0.0203
54255.3368 9.3421 0.0311
54524.5282 7.0409 0.0296
53906.3701 12.9584 0.0306
54176.5658 10.2143 0.0246
54557.5471 6.9045 0.0215
53531.3635 15.1739 0.0281
53879.3132 12.9445 0.0280
54205.4874 10.2110 0.0263
54621.4075 6.3421 0.0209
53495.4410 14.9034 0.0274
56778.3220 7.8096 0.0738
56780.3326 8.0818 0.0746
53916.3264 12.7577 0.0314
53936.3138 12.4741 0.0392
57078.4947 5.7111 0.0944
52817.2848 10.3804 0.1564
53563.3425 14.4215 0.0560
