56743.5069 11.6989 0.0360
57420.5495 12.7472 0.0390
53475.5639 9.6611 0.0110
57567.2958 14.0582 0.0526
56781.3448 11.0101 0.0614
57508.4044 14.3970 0.0515
56776.4550 11.0856 0.0547
56780.3019 11.1966 0.0595
56803.4007 10.6163 0.0584
56831.3117 10.0539 0.0499
56778.2926 11.2047 0.0573
56835.3144 10.0151 0.0494
57542.3556 14.0500 0.0495
57547.3894 14.1096 0.0496
56723.4853 11.5283 0.0546
56741.5892 11.6422 0.0680
56805.4052 10.7799 0.0534
57433.5227 13.0422 0.0467
56839.3084 9.9966 0.0540
57459.5423 13.5887 0.0512
57160.3607 13.9432 0.0472
56712.4754 11.8001 0.0554
57133.4154 14.1764 0.0497
57194.4042 12.8936 0.0482
56715.5467 11.6847 0.0533
57157.4382 13.8132 0.0531
56744.5487 11.6826 0.0576
56841.3128 9.7969 0.0567
57216.2706 13.3031 0.0492
57223.3574 12.7991 0.0488
56751.3388 11.6203 0.0589
56837.3164 9.9957 0.0514
56833.3206 10.0157 0.0502
57479.5414 14.1057 0.0508
57213.2820 12.9312 0.0453
56722.4431 11.4489 0.0546
53467.4985 9.8134 0.0116
57078.4375 12.7802 0.0529
57220.2575 12.9455 0.0508
56772.5313 10.9720 0.0597
56801.3407 10.8088 0.0552
57520.3067 13.9890 0.0517
56809.4513 10.5575 0.0543
56783.3361 11.0300 0.0626
56798.4174 10.9112 0.0501
56807.2850 10.5867 0.0534
56811.4286 10.5687 0.0498
57492.5382 14.1442 0.0661
57185.4561 12.9524 0.0630
57191.4231 12.8870 0.0604
57460.4772 13.8039 0.1115
57195.4008 12.7841 0.0755
57166.3209 13.4146 0.0895
57123.5324 13.9383 0.0860
53883.4566 9.0894 0.0154
57105.5603 13.4284 0.0766
53884.4341 9.4972 0.0158
57134.4685 14.4020 0.0849
56721.5940 11.7268 0.1445
57419.5304 13.2972 0.1287
57104.4590 13.5372 0.0995
54620.3656 10.2348 0.0641
53770.6182 9.1853 0.0327
