57420.5689 4.5553 0.0398
57508.4234 3.0902 0.0284
57492.5605 3.0639 0.0291
57479.5609 3.0149 0.0316
57547.4078 3.1469 0.0270
57433.5407 3.3358 0.0264
57520.3278 3.2095 0.0323
57542.3742 3.1648 0.0266
57220.2792 3.2273 0.0694
56833.3442 2.0339 0.0362
56741.6247 2.2700 0.0609
56805.4265 2.0433 0.0427
56781.3651 2.1262 0.0475
52814.3124 2.2285 0.0096
56798.4382 2.1610 0.0394
56841.3344 2.1659 0.0470
57157.4605 3.2069 0.0392
56801.3611 2.0509 0.0438
56776.4755 2.1868 0.0412
56809.4728 2.0770 0.0446
56839.3294 2.0850 0.0437
57191.4470 3.0972 0.0363
56722.4643 2.3900 0.0410
57134.4858 3.2096 0.0382
56831.3322 2.0836 0.0374
56835.3351 2.1224 0.0384
56723.5056 2.3166 0.0432
56811.4492 2.0708 0.0389
57223.3789 3.4097 0.0369
56778.3129 2.1823 0.0444
56783.3617 1.9967 0.0538
56807.3055 2.0737 0.0401
56780.3231 2.0693 0.0446
56837.3376 2.1174 0.0411
56751.3593 2.2631 0.0436
56744.5318 2.2630 0.0438
56712.4957 2.4514 0.0418
56772.5541 2.2805 0.0510
56715.5670 2.3342 0.0379
57213.3036 3.1942 0.0330
57216.2922 3.3087 0.0366
56803.4819 2.1417 0.0616
57160.4616 3.2110 0.0434
57078.4859 2.2358 0.0382
57166.3455 3.1148 0.0502
57567.3087 2.9416 0.0479
57123.5607 3.9498 0.1692
57105.5711 2.3443 0.0538
57104.5060 2.2445 0.0442
57185.4795 3.1987 0.0661
