57479.5240 3.5589 0.0235
56715.4984 1.4770 0.0323
57420.5453 2.4047 0.0306
56803.4112 1.6930 0.0341
56743.5101 1.5911 0.0329
56741.5899 1.5368 0.0501
57567.2896 5.3576 0.0323
56723.4803 1.4925 0.0343
56781.3397 1.7915 0.0442
56809.4460 1.7783 0.0349
56721.5901 1.5084 0.0388
56798.4117 1.6632 0.0306
56778.2875 1.7261 0.0376
56805.4000 1.6813 0.0321
57508.3994 4.5367 0.0304
56837.3096 1.5937 0.0324
57520.3008 4.6564 0.0440
57542.3509 5.0034 0.0293
56776.4499 1.6819 0.0339
57460.4734 2.9859 0.0294
56833.3155 1.5499 0.0311
56780.2967 1.7227 0.0405
56835.3093 1.5429 0.0304
56831.3066 1.5510 0.0307
56744.5344 1.5387 0.0344
56751.3336 1.6730 0.0408
56811.4234 1.6079 0.0304
56783.3308 1.6495 0.0453
56841.3074 1.5627 0.0400
57492.5332 3.9915 0.0331
56801.3352 1.7745 0.0364
56839.3033 1.5114 0.0349
57459.5373 3.0302 0.0299
56772.5257 1.6666 0.0426
56807.2799 1.6500 0.0342
53475.5620 3.3067 0.0099
56712.4708 1.4765 0.0378
57433.5183 2.5334 0.0280
57216.2664 1.8589 0.0324
56829.3208 1.6764 0.0454
56800.5027 1.6072 0.0675
57213.2777 1.8911 0.0294
57194.3999 1.8597 0.0326
57133.4106 1.5902 0.0307
57220.2508 1.8621 0.0882
57223.3531 1.7962 0.0330
57157.4336 1.5620 0.0340
57160.3564 1.6448 0.0298
56722.4392 1.5319 0.0440
57547.3854 5.0310 0.0326
57419.5251 2.4886 0.0618
57191.4184 1.8334 0.0431
57185.4502 1.7109 0.0551
57123.5278 1.5675 0.0879
57104.4484 1.5052 0.0437
57134.4666 1.7174 0.0554
56711.5225 1.7680 0.0805
57195.3988 1.8586 0.0523
57078.4234 1.5012 0.0527
57166.3176 1.8408 0.0923
57156.4557 1.5638 0.0418
57105.5577 1.4437 0.0710
53467.5113 3.2253 0.0174
