57420.5763 9.4071 0.0362
56801.3688 11.8009 0.0526
52814.3124 8.3812 0.0111
56833.3478 11.5508 0.0530
56744.5358 9.8395 0.0569
56776.4795 10.5038 0.0543
56772.5585 10.4940 0.0602
56723.5097 11.3573 0.0574
56781.3691 11.0451 0.0621
57123.5698 12.1508 0.0632
56831.3363 11.3747 0.0530
57213.3079 10.2186 0.0436
57223.3832 9.7719 0.0468
57134.4907 12.6231 0.0526
56798.4422 12.1254 0.0551
56722.4684 11.3107 0.0544
56839.3341 11.4007 0.0587
57160.5054 10.4536 0.0497
56751.3634 10.3386 0.0553
56805.4306 11.6463 0.0563
57520.3333 9.5115 0.0474
57542.3791 9.3558 0.0434
56809.4772 11.5220 0.0624
57479.5663 9.3112 0.0472
56803.4885 11.6960 0.0665
56837.3417 11.1942 0.0546
57433.5460 9.9823 0.0441
56835.3395 11.3957 0.0534
57547.4125 9.2368 0.0446
57492.5660 8.7538 0.0472
56715.5711 10.9414 0.0520
57191.4517 10.4196 0.0489
56741.6278 10.1148 0.0705
56712.4997 10.9323 0.0546
56778.3170 10.6369 0.0565
57220.2845 9.8010 0.0479
57157.4650 10.1407 0.0499
56807.3096 11.7206 0.0587
56780.3275 10.9836 0.0573
56811.4533 11.5768 0.0538
56841.3393 11.4088 0.0571
57508.4284 9.2899 0.0449
57216.2975 10.2710 0.0472
56783.3659 11.2718 0.0632
57185.4838 10.4093 0.0665
57166.3513 10.3519 0.0553
57078.4898 10.8467 0.0658
57105.5730 12.2534 0.0787
57104.5182 12.1437 0.0779
54620.3618 8.2128 0.0584
