57420.5763 11.7889 0.0380
56801.3688 7.8765 0.0483
52814.3124 14.8646 0.0131
56833.3478 11.5477 0.0530
56744.5358 11.0327 0.0584
56776.4795 10.9892 0.0549
56772.5585 10.8034 0.0605
56723.5097 10.5944 0.0564
56781.3691 11.1009 0.0622
57123.5698 12.0392 0.0632
56831.3363 11.7401 0.0534
57213.3079 12.5186 0.0463
57223.3832 12.4169 0.0500
57134.4907 12.0853 0.0520
56798.4422 11.3985 0.0543
53147.4509 14.1285 0.0131
56722.4684 10.5820 0.0535
56839.3341 11.6348 0.0590
57160.5054 12.1483 0.0517
56751.3634 10.9443 0.0560
56805.4306 8.6732 0.0525
57520.3333 14.1005 0.0521
57542.3791 14.1364 0.0496
56809.4772 7.9013 0.0577
57479.5663 12.9555 0.0511
56803.4885 11.4174 0.0660
56837.3417 11.5159 0.0550
57433.5460 12.4765 0.0474
56835.3395 11.6362 0.0537
57547.4125 14.0546 0.0509
57492.5660 13.3657 0.0531
56715.5711 10.4024 0.0514
57191.4517 12.2142 0.0510
56741.6278 10.7625 0.0711
56712.4997 10.3151 0.0538
56778.3170 10.9681 0.0569
57220.2845 12.5447 0.0514
57157.4650 12.1416 0.0522
56807.3096 9.3435 0.0553
56780.3275 11.1322 0.0575
56811.4533 7.5238 0.0483
56841.3393 11.7008 0.0575
57508.4284 14.1088 0.0510
57216.2975 12.5658 0.0501
56783.3659 11.0745 0.0630
57185.4838 12.3704 0.0691
57166.3513 12.4719 0.0578
57078.4898 11.2347 0.0665
57105.5730 11.6718 0.0776
57104.5182 11.7905 0.0771
54620.3618 14.5050 0.0707
