57420.5718 0.9895 0.0286
56833.3442 0.9723 0.0344
52814.3124 1.6538 0.0083
56798.4382 1.1676 0.0378
56781.3651 1.1128 0.0460
57492.5616 0.9288 0.0315
56751.3593 1.1839 0.0418
57542.3753 0.9249 0.0284
56841.3344 1.1606 0.0456
57157.4605 1.0668 0.0358
57520.3289 1.0225 0.0372
56776.4755 1.0829 0.0393
56839.3294 1.0499 0.0418
57508.4244 0.9399 0.0306
57191.4470 0.9957 0.0330
56722.4643 1.1757 0.0388
57134.4858 0.9147 0.0348
56835.3351 1.1421 0.0366
56723.5056 1.1456 0.0412
57223.3789 0.9822 0.0329
57216.2922 0.9362 0.0321
56778.3129 1.1395 0.0427
56783.3617 1.0113 0.0525
57220.2801 1.0242 0.0330
56772.5541 1.1271 0.0493
56780.3231 1.1181 0.0431
56837.3376 0.9874 0.0391
56831.3322 1.0899 0.0355
57547.4087 0.9782 0.0289
56744.5318 1.2248 0.0421
56712.4957 1.1244 0.0395
57479.5619 0.9756 0.0363
56715.5670 1.1118 0.0356
57213.3036 0.9515 0.0291
57433.5416 1.0423 0.0282
57160.4616 0.9498 0.0390
57078.4859 0.9519 0.0357
57166.3455 0.9928 0.0467
56811.4503 1.0338 0.0524
57105.5711 0.9970 0.0502
56801.3622 1.0840 0.0601
57104.5060 1.0616 0.0413
57185.4795 1.1295 0.0619
56805.4276 1.1219 0.0579
56807.3065 1.1420 0.0531
56741.6219 1.0715 0.0496
56809.4739 1.1820 0.0600
57123.5632 0.9895 0.0644
