57420.5622 2.1064 0.0315
57479.5555 1.9708 0.0272
57433.5360 2.0530 0.0219
57520.3223 2.0650 0.0280
57508.4185 2.0695 0.0240
57567.3051 1.9522 0.0253
57542.3692 2.2780 0.0223
57492.5551 2.2393 0.0255
57547.4029 2.2346 0.0228
57123.5539 1.9862 0.0656
56833.3397 1.6880 0.0313
57223.3714 2.0296 0.0530
57134.4823 2.0121 0.0411
57157.4523 1.8792 0.0460
53496.3548 1.7140 0.0083
56751.3512 1.6451 0.0428
56783.3499 1.4479 0.0512
56715.5589 1.6686 0.0367
56722.4562 1.6526 0.0386
56809.4644 1.6440 0.0427
56839.3207 1.6965 0.0416
56841.3254 1.7278 0.0466
56781.3570 1.6222 0.0459
56835.3266 1.6724 0.0369
56811.4410 1.6963 0.0377
56837.3290 1.6220 0.0398
57133.6087 1.7879 0.0465
56780.3146 1.4758 0.0441
56712.4876 1.6475 0.0395
57160.3736 1.8667 0.0308
56772.5452 1.7802 0.0498
57191.4374 1.8307 0.0372
56805.4182 1.6110 0.0415
57220.2711 2.0776 0.0344
56803.4723 1.6566 0.0462
56744.5234 1.6851 0.0403
56778.3048 1.5392 0.0416
56798.4301 1.6868 0.0367
56801.3529 1.7959 0.0414
57213.2951 1.8791 0.0307
56776.4673 1.6958 0.0406
57216.2834 1.8884 0.0330
56807.2972 1.6614 0.0392
56831.3240 1.6826 0.0366
56723.4975 1.7274 0.0411
57185.4723 1.9716 0.0628
56741.6090 1.6453 0.0583
52793.2667 2.3963 0.0277
57078.4761 2.0440 0.0432
57166.3371 1.7726 0.0439
57104.4841 1.8627 0.0791
