56743.5064 12.1434 0.0354
57420.5516 12.1464 0.0342
52698.6084 7.9461 0.0123
53911.3275 8.0533 0.0215
52730.5554 7.0665 0.0516
54186.5147 6.4343 0.0190
53462.4846 8.3796 0.0508
53851.4165 7.1078 0.0250
53847.5763 6.9734 0.0391
54531.5699 7.4296 0.0126
57479.5508 12.5361 0.0400
57508.4134 11.0921 0.0380
57433.5316 13.0424 0.0379
57547.3981 10.7689 0.0368
53524.3013 7.4018 0.0151
57520.3166 10.6929 0.0392
57542.3644 10.8353 0.0364
53853.4234 6.3752 0.0212
57567.2958 10.4845 0.0470
57492.5506 11.8023 0.0469
52722.5967 5.9355 0.0249
52815.2953 5.6824 0.0092
53875.3578 6.1113 0.0149
57459.5423 12.4710 0.0488
56811.4286 10.9467 0.0487
56776.4550 11.6511 0.0539
56841.3128 10.2431 0.0554
57216.2706 10.9899 0.0454
53586.2942 9.4012 0.0210
53936.3074 8.0312 0.0172
57213.2820 11.1177 0.0423
56772.5313 11.3449 0.0585
56783.3361 11.3952 0.0612
54570.4252 6.7556 0.0293
53138.4597 5.2579 0.0157
56780.3019 11.4851 0.0582
53109.5778 5.3823 0.0192
56741.5892 12.3314 0.0664
57160.3607 12.4055 0.0445
54535.5061 8.1249 0.0156
53583.3022 7.4440 0.0181
56744.5487 12.2680 0.0567
56781.3448 11.6060 0.0604
57223.3574 11.5759 0.0465
56837.3164 10.5607 0.0507
54262.3996 6.3901 0.0174
54176.5626 6.0456 0.0154
56809.4513 10.7365 0.0528
56798.4174 11.0455 0.0489
52816.2956 5.2603 0.0113
56835.3144 10.6344 0.0488
53466.6093 8.4534 0.0184
56803.4007 10.6628 0.0569
56831.3117 10.7875 0.0494
54124.6293 5.8192 0.0146
56712.4754 11.9251 0.0540
52790.4020 6.0391 0.0410
56805.4052 10.5397 0.0515
56807.2850 10.5783 0.0515
57078.4375 11.0158 0.0507
56722.4431 12.2774 0.0540
56801.3407 10.7133 0.0536
53879.3067 6.7581 0.0165
54538.5756 8.0068 0.0182
54528.5205 7.9786 0.0144
57194.4042 11.5446 0.0455
53200.2651 5.8511 0.0152
56778.2926 11.4316 0.0561
53551.3274 6.7026 0.0153
54511.5791 7.8398 0.0140
56751.3388 12.3490 0.0581
53149.3314 4.9181 0.0140
57133.4154 11.8474 0.0459
56715.5467 12.3895 0.0526
57157.4382 12.3175 0.0504
53463.5851 8.5349 0.0249
56833.3206 10.6634 0.0497
54524.5250 7.8313 0.0224
54561.4246 7.9357 0.0166
57220.2575 11.3111 0.0486
56839.3084 10.5528 0.0531
56723.4853 12.3679 0.0541
52710.6209 3.1188 0.0170
54117.6461 6.7258 0.0172
53769.6099 8.4788 0.0197
54144.5856 6.3079 0.0178
52817.2939 5.5601 0.0502
53411.6236 7.3870 0.0179
53146.4901 5.0398 0.0173
54588.5522 8.2527 0.0243
54151.6482 6.1262 0.0189
54213.5701 6.9861 0.0213
54557.5455 8.1197 0.0191
53083.6093 6.3471 0.0182
53469.5167 8.2652 0.0191
54591.3863 8.5554 0.0183
53553.4142 8.3390 0.0199
53473.5857 8.2416 0.0207
53165.4079 5.3901 0.0159
54183.5063 6.3040 0.0187
54614.3903 8.7027 0.0199
54618.4118 6.6816 0.0171
53939.3067 8.1008 0.0200
54624.3787 7.9462 0.0186
53943.3027 8.0489 0.0205
54597.4508 8.7757 0.0189
53505.3868 9.2498 0.0272
53883.3861 6.7677 0.0192
54201.4505 6.9674 0.0185
53178.3730 5.6419 0.0164
53855.4139 7.0319 0.0185
53500.3136 9.5461 0.0200
53531.3616 8.0064 0.0191
54209.4881 6.9999 0.0181
57185.4561 11.8280 0.0602
53578.3410 9.0871 0.0258
53390.6468 6.9726 0.0183
53859.3648 6.9506 0.0224
53888.4032 6.8279 0.0202
54153.5947 6.0263 0.0179
54259.3107 6.5091 0.0168
53772.6264 6.2213 0.0193
54113.6612 6.7807 0.0206
54563.4940 7.8853 0.0198
53892.3738 7.0943 0.0305
53117.4824 5.7631 0.0165
57191.4231 11.5657 0.0574
54120.6630 6.4582 0.0205
54234.4856 6.4592 0.0176
53195.3449 5.8250 0.0169
53446.5324 9.1906 0.0238
52792.4192 6.0694 0.0343
53502.3879 9.4620 0.0256
54266.2875 6.5958 0.0223
52721.6238 6.7637 0.0486
57166.3209 12.1318 0.0860
53523.4210 8.8742 0.0332
54255.3352 6.4794 0.0290
54621.4059 8.3841 0.0228
57460.4772 12.1397 0.1058
54179.5219 6.1884 0.0213
53799.4785 9.0664 0.0252
52813.3474 5.6925 0.0260
53175.3845 5.6105 0.0204
53766.6170 8.6654 0.0238
53563.3409 8.2774 0.0359
53906.3684 7.6846 0.0278
53495.4394 9.5762 0.0253
57134.4685 11.9173 0.0785
53916.3248 8.2614 0.0296
54205.4858 6.9676 0.0246
54594.4526 8.5919 0.0231
53527.3526 9.3028 0.0236
53743.6331 9.4980 0.0231
54600.4459 8.9398 0.0466
53518.4479 8.6000 0.0417
57123.5324 11.7174 0.0822
57195.4008 11.3986 0.0713
57105.5603 11.2015 0.0710
54229.4787 6.5551 0.0333
53121.5084 5.8301 0.0209
53890.4800 6.7978 0.0782
56721.5940 12.3379 0.1420
54620.3656 8.2805 0.0585
53198.3064 5.8533 0.0990
53770.6182 8.6631 0.0314
57104.4590 10.8717 0.0908
57419.5304 11.9839 0.1251
