53472.4612 2.9554 0.0080
56780.3104 3.8127 0.0508
56833.3288 3.9059 0.0433
56778.3007 4.2401 0.0465
56803.4668 3.9067 0.0514
56831.3199 3.9470 0.0421
56741.6019 4.0349 0.0631
56841.3211 3.4408 0.0514
56807.2931 4.2968 0.0488
57420.5593 3.1476 0.0424
56781.3529 4.2808 0.0515
56801.3488 4.1290 0.0463
56776.4632 4.0521 0.0451
56809.4595 3.7383 0.0456
56783.3458 4.3453 0.0565
56839.3166 3.8276 0.0475
56743.5324 4.1673 0.0595
57547.3979 3.1124 0.0473
57508.4136 3.2076 0.0496
56772.5417 3.9906 0.0762
57223.3671 3.9803 0.0539
57542.3643 3.1936 0.0495
57220.2678 4.0295 0.0531
56722.4523 3.8946 0.0614
56811.4378 3.6010 0.0580
56723.4945 3.9257 0.0724
57520.3167 3.1700 0.0611
56835.3235 3.5459 0.0579
56751.3481 3.9049 0.0680
56715.5558 3.8692 0.0584
57157.4482 3.7330 0.0572
57160.3704 3.7785 0.0479
57567.2998 3.0657 0.0480
56712.4845 3.6818 0.0624
56837.3256 3.6894 0.0627
57133.6043 3.5702 0.0638
57185.4666 3.8156 0.0603
57194.4139 3.8096 0.0522
56798.4265 3.8265 0.0581
57433.5312 3.2954 0.0461
57191.4339 3.7785 0.0533
56744.5199 3.9520 0.0637
57213.2919 3.8786 0.0483
57216.2802 4.0130 0.0514
57479.5501 3.3445 0.0553
56805.4144 3.7504 0.0655
57492.5495 3.3643 0.0614
57134.4745 3.6764 0.0877
57104.4680 2.8689 0.1629
54620.3631 2.8569 0.0455
57166.3323 3.7324 0.0980
57123.5453 3.4286 0.1366
