56743.5067 1.6186 0.0289
52698.6084 2.6905 0.0100
57420.5495 1.4758 0.0302
57567.2958 1.6170 0.0348
52816.2955 2.2336 0.0087
56781.3448 1.4474 0.0501
57508.4044 1.5642 0.0325
56776.4550 1.5029 0.0414
56780.3019 1.4870 0.0479
56803.4007 1.3743 0.0463
56831.3117 1.2355 0.0363
56778.2926 2.5739 0.0464
56835.3144 1.3540 0.0365
57542.3556 1.6125 0.0305
57547.3894 1.6156 0.0306
56723.4853 1.4658 0.0406
56805.4052 1.3708 0.0401
57433.5227 1.5432 0.0295
57459.5423 1.5344 0.0334
57160.3607 1.4369 0.0303
56712.4754 1.3251 0.0413
57078.4375 1.5747 0.0422
57133.4154 1.5625 0.0334
57194.4042 1.4582 0.0327
56715.5467 1.2479 0.0382
57157.4382 1.5486 0.0374
56744.5487 1.4331 0.0440
56841.3128 1.2690 0.0472
57216.2706 1.5449 0.0323
57223.3574 1.4527 0.0335
56837.3164 1.3939 0.0393
56833.3206 1.3149 0.0376
56807.2850 1.4459 0.0392
57479.5414 1.6245 0.0370
52815.2914 2.4198 0.0091
57213.2820 1.4889 0.0295
56722.4431 1.2942 0.0402
57220.2575 1.5010 0.0400
56772.5313 1.4408 0.0495
56801.3407 1.3107 0.0424
57520.3067 1.6102 0.0393
56809.4513 1.3490 0.0407
56783.3361 1.4257 0.0528
56798.4174 1.4375 0.0368
56811.4286 1.4392 0.0365
57185.4561 1.6349 0.0465
57492.5382 1.5794 0.0444
56839.3089 1.3499 0.0476
57191.4231 1.4323 0.0421
56741.5901 1.5157 0.0578
57460.4772 1.6930 0.0838
56751.3398 1.3999 0.0649
57195.4008 1.4362 0.0515
57166.3209 1.4894 0.0694
57123.5324 1.4746 0.0723
57105.5603 1.4467 0.0515
57134.4685 1.4157 0.0590
54620.3656 1.2208 0.0432
57419.5304 1.3740 0.1086
57104.4590 1.4800 0.0635
53770.6182 1.4123 0.0234
