52730.5705 17.0335 0.0375
56801.3727 12.8929 0.0301
53462.4886 12.4941 0.0601
57420.5786 14.8190 0.0283
53847.5732 11.7303 0.0797
53911.3288 11.9421 0.0214
53851.4182 11.8614 0.0187
56833.3504 13.3702 0.0358
53853.4352 12.1356 0.0190
53586.2942 10.7668 0.0142
57191.4555 10.7594 0.0323
53524.3013 11.0249 0.0127
54186.5147 11.9862 0.0197
52698.6084 16.9225 0.0157
57547.4144 16.5942 0.0378
56831.3383 13.4018 0.0387
56798.4450 13.1438 0.0406
54531.5740 14.6949 0.0137
57508.4303 16.1473 0.0376
57213.3100 11.3810 0.0314
56807.3116 13.0016 0.0408
57220.2868 11.1415 0.0337
56837.3438 13.4569 0.0405
56741.6309 12.6598 0.0517
56772.5606 12.8668 0.0446
57520.3354 16.3284 0.0380
56805.4327 12.3238 0.0403
56809.4796 12.4059 0.0435
56744.5379 12.7468 0.0421
57433.5482 16.1203 0.0363
56751.3655 12.7123 0.0405
56715.5731 12.5265 0.0377
57216.3001 10.9512 0.0338
57492.5682 16.0983 0.0395
57223.3854 11.4450 0.0341
56841.3414 13.3365 0.0422
56811.4554 13.2517 0.0392
56776.4816 13.1654 0.0398
56722.4707 12.5709 0.0397
57479.5684 16.3097 0.0381
56723.5117 12.7100 0.0408
57123.5727 11.3839 0.0438
57134.4930 11.7086 0.0355
56835.3415 13.4272 0.0391
57542.3810 16.7516 0.0368
53466.6127 11.8400 0.0146
56712.5018 12.5785 0.0394
57157.4671 11.1654 0.0371
52710.6200 17.2004 0.0195
56803.4905 11.4673 0.0528
56839.3356 13.4430 0.0476
53583.3046 10.5321 0.0152
57166.3533 11.1506 0.0414
54570.4284 13.5436 0.0256
53799.4817 12.9544 0.0226
52817.2960 16.3070 0.0361
56783.3689 12.7910 0.0536
54262.4012 13.5720 0.0176
56778.3200 12.9173 0.0487
57160.5069 11.2235 0.0403
54209.4929 12.6965 0.0160
54624.3824 13.7406 0.0165
56781.3722 12.9069 0.0518
56780.3305 12.8764 0.0486
53505.3888 11.8657 0.0208
53769.6082 12.1907 0.0158
54561.4254 14.2195 0.0167
53146.4901 14.3483 0.0180
54535.5077 14.7006 0.0171
54151.6503 12.3962 0.0184
54153.5968 12.4703 0.0178
54117.6461 13.0862 0.0165
54524.5266 14.5161 0.0225
53553.4142 11.3187 0.0169
54144.5888 12.6069 0.0174
53578.3431 10.2778 0.0206
54597.4509 14.3589 0.0172
53411.6236 13.0535 0.0168
54511.5807 15.3795 0.0160
54213.5722 12.6123 0.0198
54614.3924 13.8884 0.0181
53936.3074 12.2190 0.0175
54255.3352 14.2284 0.0215
54600.4459 13.8619 0.0311
53200.2667 14.9023 0.0179
54621.4059 14.0086 0.0175
52790.4028 16.9490 0.1424
54266.2923 13.9399 0.0176
54557.5455 14.4052 0.0178
54234.4877 13.5183 0.0174
53859.3669 12.3323 0.0198
53473.5879 11.9021 0.0182
53121.5132 14.5497 0.0174
54591.3863 14.3142 0.0169
54179.5219 13.0381 0.0171
54563.4941 14.3963 0.0183
52813.3474 16.4259 0.0224
54588.5522 13.6625 0.0210
53883.3893 12.2259 0.0179
54183.5063 12.3140 0.0177
53551.3290 11.3651 0.0160
53939.3067 12.5297 0.0176
53875.3594 12.2897 0.0168
53772.6264 12.2785 0.0181
52792.4193 16.6815 0.0282
54201.4537 12.5309 0.0176
53446.5324 12.7327 0.0168
53943.3027 12.2151 0.0178
54259.3128 14.1310 0.0171
53138.4614 14.4364 0.0184
53109.5778 13.9583 0.0217
53469.5188 12.4035 0.0171
53178.3751 14.5676 0.0174
53149.3330 14.5414 0.0170
53906.3684 11.4524 0.0190
52722.5967 16.8176 0.0298
53390.6489 12.9421 0.0174
53531.3615 11.4351 0.0166
53916.3248 11.9953 0.0202
53117.4850 14.7113 0.0174
53766.6170 12.3324 0.0168
53495.4394 11.7655 0.0171
52815.2953 16.5708 0.0130
54176.5642 12.9093 0.0173
54124.6309 12.9118 0.0168
57185.4868 10.8800 0.0489
54205.4858 12.6884 0.0185
54594.4526 14.0029 0.0173
53165.4100 14.7753 0.0173
53175.3845 13.9477 0.0175
54618.4140 14.5404 0.0172
53527.3526 11.8497 0.0162
53195.3465 14.8467 0.0176
53743.6336 12.6564 0.0162
54229.4787 13.3967 0.0237
53500.3158 12.3111 0.0168
53518.4479 11.0712 0.0277
54538.5772 14.4519 0.0196
54113.6612 13.2680 0.0196
53083.6071 13.7709 0.0182
53855.4161 12.4665 0.0171
53502.3879 12.1641 0.0175
53892.3770 12.4985 0.0257
54120.6630 12.3714 0.0198
53879.3083 11.7803 0.0175
53888.4064 12.4887 0.0182
54528.5221 15.4344 0.0163
52791.4573 16.3857 0.0288
52721.6238 16.4973 0.0382
53463.5851 11.7202 0.0272
53523.4194 11.2387 0.0244
57078.4933 11.4361 0.0541
57105.5738 11.5799 0.0622
54620.3589 14.5538 0.0434
53563.3393 10.3255 0.0296
57104.5208 11.6626 0.0628
53890.4800 12.5021 0.0931
53198.3064 15.0639 0.1138
54619.3119 13.9543 0.0943
