57420.5648 10.6995 0.0356
57191.4456 9.6439 0.0427
53496.3516 11.4524 0.0109
56833.3407 11.7222 0.0498
57134.4846 9.7616 0.0457
56839.3248 11.3884 0.0567
56751.3553 12.0643 0.0572
56831.3281 11.7470 0.0521
56783.3558 11.7439 0.0667
57520.3246 13.1877 0.0499
56805.4223 11.8393 0.0567
56723.5016 12.8719 0.0569
57479.5576 11.7305 0.0485
57123.5575 9.4029 0.0596
57542.3711 14.2095 0.0478
57160.3779 9.9321 0.0422
57157.4560 9.9237 0.0479
56776.4714 11.6483 0.0537
56798.4341 11.9819 0.0523
56835.3306 11.6291 0.0525
56837.3334 11.4971 0.0543
57492.5572 13.2970 0.0517
56809.4686 11.9653 0.0577
56741.6140 12.4432 0.0702
57216.2878 10.0782 0.0460
56778.3088 11.8144 0.0565
56801.3570 11.9812 0.0556
56780.3187 11.8428 0.0575
56744.5276 12.2491 0.0571
56803.4771 11.8393 0.0633
57433.5379 11.3036 0.0441
57223.3746 9.6504 0.0452
56715.5630 12.7133 0.0534
56781.3610 11.8363 0.0610
57220.2754 9.9615 0.0462
56811.4451 12.0230 0.0532
56722.4603 12.5668 0.0547
57508.4204 13.0915 0.0490
56807.3013 12.0068 0.0538
56841.3295 11.3773 0.0588
57567.3072 14.3669 0.0535
56712.4916 12.8306 0.0561
57547.4049 14.2000 0.0488
56772.5497 11.6006 0.0600
57213.2988 9.9773 0.0509
52793.2667 8.7421 0.0344
57104.4873 9.2999 0.0546
57166.3406 9.6379 0.0773
57185.4755 9.6783 0.0523
57078.4806 10.1425 0.0632
57105.5696 9.8222 0.1006
53388.6169 10.3618 0.0265
53472.5318 10.6328 0.0300
53474.4508 10.7878 0.0246
53770.6220 12.4006 0.0384
54620.3581 12.6675 0.0683
