57420.5667 38.6798 0.0470
57479.5598 44.1426 0.0555
57433.5398 46.1874 0.0581
57508.4224 44.6952 0.0590
57547.4068 46.7855 0.0597
57492.5594 43.9994 0.0584
57542.3732 46.5123 0.0589
57520.3267 45.3994 0.0560
57134.4849 33.8021 0.0675
57567.3077 46.0501 0.0819
52814.3124 41.7587 0.0194
57191.4456 47.5459 0.0751
56833.3407 50.0548 0.0853
56839.3248 50.3650 0.0959
56831.3281 50.0222 0.0909
56783.3558 48.5046 0.0970
56803.4771 50.7176 0.1010
56805.4223 51.0049 0.0960
56723.5016 44.3672 0.0889
57123.5575 45.6321 0.0832
57160.3779 49.1644 0.0790
57157.4560 48.9056 0.0840
56776.4714 48.4709 0.0902
56798.4341 51.0648 0.0899
56835.3306 50.1128 0.0913
56837.3334 50.3203 0.0929
56809.4686 51.3714 0.0981
56741.6140 47.2342 0.0991
57216.2878 46.5831 0.0832
56778.3088 48.2744 0.0928
56801.3570 50.8169 0.0930
56780.3187 48.2995 0.0928
56744.5276 48.3166 0.0925
57223.3746 46.6946 0.0805
56715.5630 44.9086 0.0863
56781.3610 48.6001 0.0968
57220.2754 46.6685 0.0828
56811.4451 51.2152 0.0921
56722.4603 44.1571 0.0868
56751.3553 48.3413 0.0927
56807.3013 51.2743 0.0945
56841.3295 50.1160 0.0939
56712.4916 44.6201 0.0882
56772.5497 48.3578 0.0934
57104.4873 47.7213 0.1000
57213.2988 47.0509 0.0933
57078.4827 89.4673 0.1106
57166.3406 49.3812 0.1302
57185.4755 47.7811 0.0894
57105.5696 46.6880 0.1783
53770.6220 35.7555 0.0586
54620.3581 41.2808 0.1124
