57479.5219 4.8342 0.0280
52698.6084 4.0916 0.0108
56743.5145 4.5334 0.0433
56803.4158 4.5160 0.0446
52815.2953 4.5494 0.0090
56744.5289 4.4156 0.0488
56837.3086 4.2986 0.0455
56715.5406 4.5219 0.0466
57459.5364 4.9796 0.0418
56723.4793 4.4184 0.0485
56809.4449 4.5808 0.0490
57492.5322 5.2461 0.0453
56781.3387 4.2500 0.0586
56783.3298 4.2250 0.0595
57420.5442 4.9652 0.0449
57567.2845 4.7896 0.0424
56829.3208 4.4558 0.0511
56801.3342 4.6759 0.0513
56741.5807 4.6677 0.0668
56811.4224 4.5083 0.0437
56780.2957 4.0617 0.0545
57542.3499 5.2874 0.0370
56721.5890 4.6621 0.0544
57508.3984 5.3989 0.0400
56805.3990 4.4767 0.0454
56839.3023 4.3389 0.0484
56772.5247 4.3431 0.0577
57520.2996 4.9772 0.0595
56833.3145 4.3333 0.0443
56776.4489 4.0439 0.0461
56831.3056 4.3252 0.0441
56751.3325 4.3659 0.0549
56835.3083 4.2515 0.0434
57460.4724 4.7082 0.0381
56798.4107 4.4103 0.0431
56841.3064 4.3159 0.0531
56778.2865 4.3257 0.0517
56722.4387 4.3648 0.0572
56712.4698 4.3861 0.0558
56800.5125 4.5930 0.0838
56807.2794 4.8889 0.0553
57160.3554 4.6162 0.0491
57220.2493 4.7868 0.1510
57216.2653 4.8031 0.0539
57547.3841 5.3820 0.0422
57155.3464 4.7671 0.2434
56711.5225 4.4485 0.0850
57191.4179 4.5960 0.0569
57433.5167 5.0462 0.0399
57213.2766 4.5745 0.0483
57194.3988 4.5184 0.0525
57157.4324 4.6630 0.0522
57223.3520 4.4089 0.0525
57133.4091 5.2669 0.0464
57185.4502 4.6120 0.0609
57419.5240 5.4165 0.0835
57195.3983 4.5951 0.0833
57134.4662 4.9355 0.0873
57105.5577 4.7973 0.0828
57104.4411 5.2518 0.0884
57123.5267 5.0696 0.1276
