56743.5064 31.9770 0.0480
52698.6084 29.9478 0.0203
57420.5495 30.5134 0.0497
53524.2997 34.1205 0.0217
53462.4827 30.9753 0.0413
53851.4227 32.6254 0.0285
53911.3239 34.1387 0.0370
53847.5572 32.3032 0.0445
53586.2910 36.4877 0.0285
52710.6183 27.4102 0.0248
52817.2960 29.6020 0.0447
52815.2953 30.1147 0.0163
53505.3877 34.3021 0.0302
52813.3474 29.3212 0.0281
53109.5778 31.3764 0.0284
52792.4193 29.2936 0.0340
53083.6071 32.0780 0.0250
54186.5115 34.5678 0.0341
53799.4769 33.6444 0.0298
52791.4573 28.8644 0.0346
52722.5953 28.3371 0.0366
57547.3894 32.7086 0.0679
56741.5892 32.0058 0.0833
56811.4286 31.9974 0.0711
56839.3084 32.1364 0.0758
57213.2820 30.6404 0.0616
53853.4076 32.7301 0.0342
56776.4550 32.2716 0.0756
53466.6077 32.5265 0.0294
56841.3128 32.1174 0.0760
57216.2706 30.4802 0.0658
53195.3443 32.2175 0.0266
56801.3407 31.7571 0.0757
56772.5313 32.2992 0.0777
56783.3361 31.7812 0.0791
53138.4597 32.2398 0.0282
56780.3019 31.5753 0.0781
56778.2926 31.6374 0.0774
57433.5227 32.0506 0.0647
57459.5423 32.6574 0.0698
57160.3607 30.3322 0.0619
56744.5487 32.2744 0.0771
56781.3448 31.9739 0.0804
54624.3808 35.3138 0.0304
56837.3164 32.3340 0.0737
54262.3996 35.2620 0.0308
56722.4431 31.6772 0.0745
57520.3067 33.3652 0.0666
56809.4513 32.0355 0.0762
56798.4174 31.9263 0.0704
53518.4463 34.6022 0.0379
56835.3144 32.4263 0.0722
56803.4007 32.0368 0.0794
56831.3117 32.6476 0.0730
57567.2972 32.8092 0.0772
56712.4754 31.7515 0.0745
57508.4044 33.9198 0.0703
56805.4052 31.8124 0.0744
56807.2850 31.6340 0.0755
54531.5631 36.1444 0.0283
53200.2651 32.1269 0.0269
53936.3058 34.9358 0.0303
57194.4042 30.2250 0.0641
53769.6066 33.9024 0.0302
54511.5791 35.8981 0.0263
54561.4238 35.8120 0.0302
56751.3388 32.2682 0.0777
57133.4154 28.8567 0.0626
56715.5467 31.6513 0.0728
57157.4382 30.1607 0.0679
57223.3574 30.5335 0.0654
56833.3206 32.4821 0.0727
53531.3598 35.3531 0.0290
57078.4375 27.6009 0.0647
57220.2575 30.4410 0.0638
57542.3556 32.6216 0.0677
56723.4853 31.7124 0.0742
57479.5414 33.6541 0.0662
53527.3510 35.9484 0.0282
53523.4194 35.0533 0.0354
53553.4110 35.6013 0.0344
54144.5856 34.9470 0.0338
53743.6289 34.0513 0.0324
54528.5189 36.8916 0.0308
53446.5291 32.2929 0.0315
54151.6471 34.6730 0.0351
54153.5936 34.5506 0.0350
53855.4128 33.2889 0.0329
54620.3602 36.0428 0.0638
54614.3892 35.4380 0.0348
54535.5045 36.1141 0.0326
53121.5100 32.3960 0.0314
54179.5187 35.4019 0.0330
53146.4857 32.3605 0.0313
54594.4495 36.3850 0.0333
53165.4068 33.0155 0.0306
54618.4108 36.3228 0.0325
53939.3035 35.0765 0.0349
53772.6232 34.3534 0.0359
53551.3257 36.2961 0.0330
53879.3051 33.3618 0.0341
53875.3562 33.6199 0.0329
54255.3320 35.8687 0.0353
54591.3831 37.0560 0.0326
53500.3126 34.6457 0.0322
54588.5490 36.1599 0.0382
53943.2995 35.0347 0.0356
54621.4027 35.8421 0.0334
54183.5032 34.8856 0.0342
53463.5877 30.9726 0.0405
53473.5847 33.0333 0.0337
53178.3719 32.9094 0.0309
53149.3298 33.0457 0.0302
53906.3652 33.8643 0.0372
53916.3216 34.3819 0.0370
53883.3861 33.3463 0.0345
53563.3393 34.4015 0.0423
54201.4505 35.1474 0.0339
53495.4362 34.1741 0.0336
54259.3097 35.4764 0.0325
53469.5156 32.2331 0.0319
53583.2980 36.4439 0.0362
54597.4476 36.1980 0.0330
53390.6457 32.1433 0.0318
54176.5610 34.9951 0.0334
53859.3637 33.2241 0.0347
54524.5235 35.8345 0.0383
53117.4813 31.8468 0.0307
53578.3399 35.3390 0.0412
52816.3001 26.3098 0.0209
54209.4881 34.9743 0.0337
53502.3846 34.9626 0.0330
57185.4561 30.4351 0.0812
57492.5382 34.6014 0.0888
54213.5690 34.7329 0.0369
53411.6201 32.4977 0.0316
54124.6277 35.9416 0.0334
54266.2891 35.5330 0.0336
53888.4032 33.7670 0.0346
53766.6138 34.3163 0.0338
54205.4826 35.0208 0.0352
54113.6580 36.2022 0.0338
54563.4908 36.1474 0.0346
54557.5423 36.1217 0.0341
53892.3738 34.2143 0.0412
54117.6429 36.1763 0.0327
53175.3813 32.6844 0.0315
57191.4231 30.9357 0.0805
54120.6598 35.4587 0.0350
54538.5740 35.9018 0.0367
54229.4755 35.3779 0.0395
54600.4427 36.7934 0.0462
54234.4846 35.7707 0.0333
54570.4236 36.0727 0.0450
57166.3209 30.2117 0.1113
52721.6212 28.0952 0.0589
57460.4772 32.4254 0.1423
57134.4685 29.2705 0.1049
57123.5324 28.3534 0.0989
57195.4008 30.1414 0.1003
57105.5603 28.5747 0.0983
52790.4061 24.5679 0.6886
53890.4800 32.9360 0.1349
56721.5940 31.8346 0.1893
53198.3064 31.9947 0.1334
53770.6182 34.4806 0.0529
57104.4590 28.2887 0.1288
