52730.5727 1.4012 0.0227
53911.3297 1.2648 0.0149
53847.5735 1.6320 0.0231
53851.4199 1.7070 0.0151
53462.4865 1.7358 0.0211
53853.4352 1.7446 0.0145
53586.2942 1.5440 0.0101
53524.3013 1.5951 0.0086
54186.5147 1.2786 0.0156
54531.5740 1.0544 0.0075
57420.5763 1.7339 0.0295
53466.6127 1.7665 0.0100
52710.6200 1.4405 0.0118
53583.3046 1.4944 0.0103
54570.4284 1.2845 0.0214
53799.4817 1.5826 0.0155
52817.2960 1.3423 0.0227
54262.4012 1.7225 0.0115
54209.4929 1.3483 0.0095
54624.3824 1.1108 0.0092
53505.3888 1.6062 0.0163
56801.3688 2.0361 0.0411
53769.6082 1.4954 0.0094
54561.4254 1.3116 0.0096
53146.4901 1.1536 0.0110
54535.5077 1.0774 0.0091
54151.6503 1.1926 0.0112
54153.5968 1.2127 0.0103
54229.4787 1.3653 0.0182
54117.6461 1.0249 0.0090
54524.5266 1.0755 0.0165
53553.4142 1.3778 0.0107
54144.5888 1.2154 0.0105
53411.6236 1.6342 0.0100
54511.5807 1.2202 0.0079
53936.3074 1.0629 0.0104
54255.3352 1.4848 0.0159
54600.4459 1.1962 0.0267
54621.4059 1.1236 0.0097
54266.2923 1.7760 0.0106
54557.5455 1.2617 0.0103
54234.4877 1.3770 0.0102
53859.3669 1.7006 0.0146
53121.5132 1.3669 0.0102
54591.3863 1.2862 0.0094
54179.5219 1.3501 0.0101
54563.4941 1.3558 0.0109
52813.3474 1.4400 0.0131
54588.5522 1.2469 0.0141
53175.3845 1.5436 0.0101
53883.3893 1.6152 0.0114
53200.2667 1.6159 0.0108
53109.5778 1.3741 0.0151
54183.5063 1.2807 0.0109
53551.3290 1.4151 0.0101
53531.3615 1.5558 0.0106
53939.3067 1.1692 0.0106
53875.3594 1.5903 0.0100
56833.3478 1.8468 0.0390
54614.3924 1.2478 0.0106
53446.5324 1.8555 0.0106
53943.3027 1.2172 0.0106
54259.3128 1.5897 0.0096
53138.4614 1.2075 0.0112
53578.3431 1.4705 0.0148
53469.5188 1.7468 0.0108
53178.3751 1.4869 0.0100
53149.3330 1.1850 0.0102
53906.3684 1.3228 0.0122
52722.5967 1.5026 0.0229
53390.6489 1.5837 0.0109
53916.3248 1.2154 0.0137
53117.4850 1.3593 0.0100
53766.6170 1.6413 0.0099
53495.4394 1.6317 0.0110
53083.6071 1.4860 0.0110
54528.5221 1.0752 0.0084
53473.5879 1.7329 0.0124
54176.5642 1.3421 0.0103
54124.6309 1.0877 0.0094
54213.5722 1.3616 0.0128
54205.4858 1.2891 0.0117
54594.4526 1.2849 0.0096
53165.4100 1.4746 0.0099
54618.4140 1.1944 0.0097
53527.3526 1.5483 0.0102
53122.4995 1.3176 0.0066
53772.6264 1.5007 0.0113
53195.3465 1.5787 0.0101
53743.6336 1.4627 0.0092
53888.4064 1.5801 0.0120
53518.4479 1.5986 0.0237
54538.5772 1.0645 0.0112
54113.6612 1.0386 0.0138
53855.4161 1.7165 0.0107
53502.3879 1.6266 0.0117
54597.4509 1.2533 0.0096
53892.3770 1.5504 0.0213
54120.6630 1.0277 0.0137
53879.3083 1.6276 0.0111
54201.4537 1.3146 0.0107
53500.3158 1.6503 0.0108
52791.4573 1.5774 0.0190
56831.3363 1.8027 0.0377
52721.6238 1.4540 0.0313
56798.4422 2.0386 0.0414
56723.5097 2.0915 0.0431
56809.4772 2.1458 0.0482
57547.4125 1.7500 0.0309
56807.3096 1.9610 0.0425
56780.3275 1.8983 0.0448
56778.3170 1.9539 0.0437
56776.4795 1.9957 0.0413
56781.3691 1.9031 0.0496
57123.5698 1.6773 0.0558
57213.3079 1.8187 0.0307
57223.3832 1.8923 0.0350
56751.3634 2.1958 0.0428
56805.4306 1.9894 0.0419
57433.5460 1.6600 0.0293
56835.3395 1.8274 0.0383
57216.2975 1.8415 0.0331
56744.5358 2.2667 0.0452
56772.5585 2.1196 0.0499
52790.4020 1.5465 0.0368
56722.4684 2.1440 0.0402
57492.5660 1.7801 0.0356
57542.3791 1.8705 0.0299
52792.4193 1.5977 0.0196
56715.5711 2.2193 0.0378
56712.4997 2.1501 0.0409
57220.2845 1.8666 0.0351
56841.3393 2.0247 0.0457
56839.3341 1.8536 0.0445
57520.3333 1.9739 0.0381
57134.4907 1.8935 0.0385
57479.5663 1.5269 0.0374
56803.4885 2.0318 0.0540
56837.3417 1.8387 0.0406
53463.5851 1.7443 0.0210
57191.4517 1.7238 0.0361
57157.4650 1.8569 0.0381
57160.5054 1.8095 0.0375
56811.4533 1.9744 0.0390
57508.4284 2.0934 0.0326
53523.4194 1.5711 0.0177
56783.3659 2.0059 0.0531
57166.3513 1.7679 0.0437
54620.3589 1.1316 0.0245
53563.3393 1.4441 0.0227
57185.4838 1.7159 0.0529
56741.6268 2.4262 0.1129
57105.5730 1.8004 0.0543
57078.4898 2.0359 0.0473
53890.4800 1.5433 0.0599
53147.4525 1.1814 0.0152
53198.3064 1.7602 0.0902
54619.3119 1.3205 0.0561
52815.2940 1.5169 0.0171
57104.5182 1.9336 0.0523
