57420.5582 5.2856 0.0323
56743.5381 5.0064 0.0449
53475.5639 4.5680 0.0094
56741.6094 4.9516 0.0622
53472.4612 4.8384 0.0090
57216.2792 6.7583 0.0421
56833.3288 5.1278 0.0448
57479.5491 4.7349 0.0440
56712.4835 4.9273 0.0462
56837.3245 5.3751 0.0468
57220.2668 6.8512 0.0419
57567.2988 4.7395 0.0377
57191.4328 6.4724 0.0420
56723.4935 4.8535 0.0509
56831.3199 5.2519 0.0438
56715.5548 4.9349 0.0432
57223.3660 6.6756 0.0423
57194.4128 6.5775 0.0413
56722.4512 4.9161 0.0454
56744.5188 5.0636 0.0465
57542.3634 4.9404 0.0379
57508.4126 4.7796 0.0378
57185.4654 6.4229 0.0456
56781.3529 5.2047 0.0524
57433.5303 5.0752 0.0364
56839.3166 5.1991 0.0489
56835.3225 5.1014 0.0435
57492.5483 4.6580 0.0429
57520.3156 4.7520 0.0445
56798.4255 5.1693 0.0430
57160.3693 6.2574 0.0379
57547.3970 4.8337 0.0371
57213.2908 6.7962 0.0387
56751.3471 5.0269 0.0497
57157.4471 6.2219 0.0445
57123.5441 5.8870 0.0700
56780.3102 5.2445 0.0570
56772.5400 5.1766 0.0710
57104.4669 5.6252 0.0683
56783.3456 5.1752 0.0624
56778.2997 5.1886 0.0660
56776.4622 5.4574 0.0640
56807.2921 5.3369 0.0702
57459.5499 5.0746 0.0547
56805.4124 5.2290 0.0660
57134.4738 6.0178 0.0666
56841.3201 5.2321 0.0730
56803.4657 5.0604 0.0722
57166.3310 6.3878 0.0743
56801.3478 5.2267 0.0650
56811.4358 5.1439 0.0600
56809.4585 4.9513 0.0660
57133.5998 6.1603 0.1085
54620.3631 3.8683 0.0481
53467.5113 4.5087 0.0185
