56743.5064 2.5472 0.0281
52698.6084 3.4672 0.0106
52816.2955 3.0838 0.0091
57547.3894 2.5852 0.0346
57459.5423 3.3523 0.0384
56811.4286 2.9032 0.0384
56841.3128 2.3841 0.0473
57216.2706 2.7196 0.0359
56801.3407 2.4227 0.0434
57160.3607 2.9104 0.0340
56837.3164 2.4719 0.0406
56722.4431 2.6303 0.0421
56809.4513 2.8487 0.0427
56798.4174 2.5125 0.0382
56712.4754 2.8425 0.0430
57520.3067 2.7829 0.0413
56805.4052 2.5462 0.0415
57420.5506 2.9695 0.0452
57078.4375 2.7613 0.0445
57479.5414 3.0061 0.0394
56807.2850 2.6064 0.0410
57194.4042 2.8913 0.0361
56751.3388 2.4396 0.0467
56715.5467 2.8652 0.0404
57157.4382 2.7341 0.0403
52815.2914 3.3099 0.0096
57220.2575 2.6800 0.0417
56839.3084 2.4112 0.0449
57542.3556 2.6831 0.0346
56723.4853 2.6506 0.0420
53911.3294 3.2241 0.0370
57567.3000 2.5578 0.0499
57492.5382 2.9305 0.0497
54186.5169 3.7015 0.0307
57223.3584 2.4365 0.0512
53586.2942 3.4940 0.0260
53524.3013 3.4002 0.0231
53466.6127 3.1309 0.0223
57166.3209 2.9908 0.0737
57185.4571 2.8269 0.0565
54531.5802 3.1807 0.0178
57460.4772 3.3215 0.0928
53462.4941 3.0672 0.0761
56744.5497 2.6229 0.0677
57133.4165 2.6751 0.0515
56780.3029 2.5179 0.0690
56783.3371 2.6425 0.0759
54624.3856 2.8665 0.0201
56835.3154 2.3852 0.0565
56781.3459 2.6684 0.0736
53847.5657 2.8017 0.0678
57213.2831 2.7301 0.0469
56772.5324 2.5553 0.0698
57195.4008 2.8233 0.0574
56776.4560 2.5432 0.0609
56803.4017 2.2752 0.0694
57433.5237 2.9887 0.0475
56741.5907 2.5423 0.0812
56778.2936 2.7984 0.0660
53853.4265 2.7236 0.0301
57508.4055 2.7720 0.0521
53851.4045 2.8061 0.0342
57123.5324 2.8171 0.0743
56831.3127 2.5644 0.0569
56833.3217 2.4340 0.0580
53936.3073 3.6251 0.0290
54151.6503 3.6266 0.0292
54153.5968 3.5567 0.0287
57134.4690 2.6259 0.0882
54179.5219 3.6995 0.0274
53892.3770 3.3633 0.0512
54524.5266 3.2082 0.0391
56721.5940 3.1801 0.1131
54511.5807 3.3598 0.0223
54563.4941 2.9201 0.0271
53195.3461 3.1577 0.0256
53502.3879 3.5830 0.0295
54620.3656 2.9700 0.0460
53200.2667 3.1863 0.0254
54621.4059 2.9318 0.0262
53117.4851 3.0612 0.0257
57104.4590 2.8923 0.0721
53553.4142 3.5170 0.0280
53578.3431 3.5247 0.0381
53883.3892 3.1314 0.0290
53859.3669 2.8576 0.0349
53769.6065 3.1112 0.0273
54614.3925 2.9944 0.0282
53743.6358 2.8949 0.0236
53121.5132 3.1751 0.0262
54255.3352 3.7095 0.0392
54591.3863 3.1515 0.0248
53138.4614 3.0301 0.0309
53799.4785 2.8961 0.0269
54570.4268 2.7830 0.0555
54266.2923 3.5612 0.0271
53505.3869 3.9038 0.0421
54588.5522 3.1014 0.0369
53175.3845 3.0436 0.0253
53411.6236 3.1667 0.0253
54234.4877 3.7542 0.0275
54557.5455 3.0229 0.0269
54183.5063 3.7917 0.0289
53939.3067 3.5994 0.0287
53875.3594 3.0076 0.0258
54262.3997 3.4716 0.0323
53770.6182 3.1793 0.0251
53855.4161 2.7817 0.0269
54201.4537 3.8318 0.0290
54535.5077 3.1390 0.0246
53943.3027 3.4903 0.0293
54259.3128 3.6189 0.0255
54597.4508 3.1102 0.0251
53523.4216 3.4697 0.0416
53551.3290 3.5485 0.0270
53469.5188 3.0904 0.0267
53178.3751 3.0464 0.0252
53149.3330 3.2472 0.0261
53906.3684 3.1255 0.0321
53390.6489 3.1365 0.0278
53916.3248 3.2362 0.0320
54213.5722 3.5155 0.0319
53766.6170 3.1721 0.0251
54209.4913 3.6249 0.0278
53495.4394 3.3139 0.0267
53146.4895 3.0872 0.0275
54176.5642 3.5389 0.0276
54124.6309 3.6302 0.0258
53531.3618 3.5152 0.0276
54205.4858 3.7216 0.0302
54594.4526 3.1011 0.0257
53165.4100 3.1295 0.0254
53446.5325 3.0611 0.0262
53527.3526 3.6120 0.0269
54561.4238 2.9884 0.0263
54618.4139 3.0357 0.0253
54229.4787 3.7445 0.0436
53888.4064 3.1494 0.0303
53583.3013 3.5727 0.0314
54600.4459 3.2439 0.0614
53772.6264 3.1874 0.0295
53518.4479 3.5919 0.0539
54538.5772 3.0735 0.0299
54113.6612 3.3942 0.0316
53563.3425 3.4215 0.0452
57191.4241 2.6132 0.0840
53473.5879 3.0765 0.0308
54117.6461 3.5493 0.0253
54120.6630 3.5302 0.0308
54144.5888 3.7672 0.0287
53500.3158 3.3999 0.0275
57105.5608 2.6486 0.0809
53879.3084 3.0878 0.0291
54528.5221 3.3561 0.0230
