52814.3124 6.0908 0.0100
57420.5729 9.1589 0.0503
57191.4483 7.3535 0.0600
57157.4616 7.8222 0.0632
56811.4503 6.5311 0.0646
56837.3387 6.6047 0.0676
57216.2933 7.2384 0.0607
57547.4097 8.8616 0.0594
56831.3332 6.5371 0.0628
57508.4254 8.6736 0.0613
56723.5066 6.5860 0.0694
56722.4653 6.7592 0.0661
56715.5680 6.7135 0.0626
56801.3622 6.9316 0.0719
57213.3047 7.2455 0.0549
57134.4872 8.1632 0.0636
57160.5021 7.7695 0.0621
56835.3364 6.6743 0.0643
57223.3800 7.1360 0.0596
56833.3424 6.7618 0.0647
56805.4276 6.7665 0.0698
56807.3065 6.7748 0.0664
57220.2812 7.2158 0.0597
56841.3362 6.8118 0.0745
57520.3300 8.6275 0.0645
56741.6233 6.4031 0.0881
57492.5628 8.9488 0.0605
56744.5328 6.7193 0.0694
57433.5426 9.5399 0.0592
57542.3762 8.7739 0.0580
56839.3310 6.6525 0.0713
56751.3603 6.8757 0.0705
56809.4739 6.5465 0.0725
56783.3628 7.3438 0.0834
56780.3244 7.2547 0.0730
57479.5630 8.8675 0.0642
56712.4967 6.6657 0.0675
56778.3139 4.1687 0.0672
57185.4800 7.5460 0.1230
57105.5716 8.1308 0.0944
56803.4846 7.7062 0.1400
57104.5148 7.8546 0.0890
57166.3465 7.7957 0.1052
