56801.3749 3.9553 0.0289
52698.6084 3.0192 0.0103
53911.3282 3.1304 0.0186
57420.5809 4.6739 0.0317
53462.4827 3.7374 0.0298
53586.2934 3.4219 0.0128
53847.5572 3.0286 0.0345
53851.4241 3.0631 0.0180
54186.5120 3.0943 0.0204
53524.2981 3.6936 0.0130
57191.4580 4.7450 0.0356
54531.5709 2.8094 0.0099
56833.3526 3.9790 0.0354
54262.4009 2.6958 0.0136
52815.2953 3.2867 0.0085
54561.4251 2.9753 0.0121
53583.3033 3.4086 0.0137
54570.4281 3.0754 0.0245
53769.6079 2.9825 0.0118
56712.5038 3.4447 0.0427
53466.6077 3.6638 0.0157
56751.3675 3.7361 0.0446
54524.5258 2.7910 0.0198
57433.5504 5.0388 0.0353
56722.4730 3.5249 0.0439
56744.5399 3.5722 0.0468
56837.3458 4.0247 0.0437
57134.4954 4.3686 0.0402
56772.5627 3.9879 0.0529
53743.6323 2.9982 0.0119
54538.5764 2.9173 0.0144
57220.2890 4.9409 0.0376
57542.3828 4.9586 0.0355
54179.5211 3.1505 0.0130
56715.5752 3.5621 0.0399
53117.4842 3.9405 0.0133
56839.3381 4.0641 0.0486
53146.4889 3.8925 0.0143
53121.5124 3.9482 0.0135
53446.5315 3.5005 0.0133
57520.3376 5.0017 0.0412
54535.5069 2.8396 0.0119
56811.4574 3.8679 0.0414
56741.6340 3.7757 0.0642
56809.4820 3.9080 0.0473
56783.3699 3.9837 0.0551
54183.5055 3.0708 0.0138
53551.3282 3.4872 0.0132
56723.5137 3.5316 0.0440
53175.3837 4.0087 0.0136
53853.4076 3.0308 0.0185
56798.4478 4.0407 0.0466
53505.3869 3.9621 0.0218
53766.6162 2.9887 0.0126
54624.3808 3.1900 0.0136
57547.4163 4.9987 0.0371
54563.4934 2.9519 0.0137
53109.5758 3.9931 0.0187
57213.3122 4.8479 0.0349
53083.6055 3.7217 0.0143
53553.4134 3.5590 0.0140
53149.3322 3.9716 0.0135
56831.3404 3.9570 0.0403
56778.3210 4.0827 0.0463
56807.3136 3.9660 0.0414
57216.3027 4.9129 0.0387
56780.3316 4.0517 0.0464
56841.3435 3.7940 0.0476
54176.5634 3.1109 0.0132
56781.3732 4.1039 0.0489
57123.5755 4.2859 0.0559
53772.6256 3.0033 0.0143
53165.4092 3.9830 0.0133
52730.5956 3.2361 0.0304
56776.4836 4.0500 0.0430
53195.3454 4.1044 0.0135
54201.4529 2.6571 0.0135
57508.4323 5.2217 0.0380
57492.5703 4.8739 0.0405
57479.5706 4.9741 0.0414
53411.6227 3.7519 0.0131
56835.3435 3.9477 0.0409
54528.5213 2.8125 0.0110
54151.6495 2.7041 0.0139
53463.5851 3.7042 0.0228
56805.4347 3.8966 0.0449
57223.3876 4.8744 0.0393
53178.3743 3.7458 0.0131
54144.5880 3.4024 0.0137
53578.3423 3.4879 0.0186
54213.5690 3.0283 0.0183
54153.5936 3.2331 0.0158
53855.4128 3.0962 0.0154
54597.4520 3.2076 0.0144
53138.4579 3.8927 0.0174
54511.5775 2.7043 0.0120
54614.3892 3.2634 0.0161
53473.5847 3.7545 0.0178
54557.5423 2.9275 0.0153
54594.4537 3.1694 0.0146
53531.3580 3.5697 0.0159
54618.4108 3.2771 0.0145
53799.4753 3.1974 0.0155
54255.3320 3.1638 0.0205
54117.6429 3.4330 0.0142
53523.4176 3.6413 0.0218
53879.3051 3.2217 0.0163
53875.3562 3.2581 0.0149
53500.3126 3.9475 0.0162
56803.4932 3.8882 0.0708
54588.5532 3.1275 0.0204
53200.2635 3.9762 0.0170
53943.2995 2.9647 0.0159
54621.4027 3.2117 0.0146
53906.3652 3.0845 0.0179
53939.3035 2.9553 0.0159
53916.3216 3.0793 0.0190
53563.3393 3.4439 0.0249
53495.4362 3.9614 0.0167
54259.3097 3.0611 0.0141
53469.5156 3.7139 0.0159
53390.6457 3.9478 0.0163
53859.3637 3.1306 0.0202
53527.3494 3.6103 0.0153
54209.4881 3.0242 0.0153
54600.4469 3.2845 0.0360
53502.3846 3.9655 0.0172
54124.6277 3.4493 0.0149
54266.2891 3.0840 0.0155
53888.4032 3.2508 0.0179
54205.4826 2.9775 0.0172
53518.4447 3.6964 0.0318
54113.6580 3.4275 0.0177
54591.3874 3.1478 0.0142
53892.3738 3.2277 0.0290
57157.4700 4.6338 0.0453
54120.6598 3.4785 0.0168
54229.4755 3.0374 0.0249
53883.3861 3.2337 0.0166
54234.4846 3.0282 0.0150
53936.3041 2.9502 0.0158
57166.3553 4.9040 0.0512
54620.3574 3.2518 0.0363
57160.5099 4.9101 0.0572
52813.3458 3.4538 0.0235
52791.4704 3.0934 0.0308
57078.4942 4.2087 0.0543
57185.4913 4.7430 0.0608
52792.4177 3.3299 0.0355
52817.2969 3.3911 0.0220
53890.4800 3.1968 0.0674
53198.3064 3.8427 0.0970
57105.5754 4.3606 0.0869
54619.3119 2.8787 0.0636
52710.6245 3.3466 0.0350
57104.5235 4.3725 0.0782
