57420.5648 3.5182 0.0315
52813.3181 2.9517 0.0087
57191.4456 3.3272 0.0366
56833.3407 2.8924 0.0396
57134.4846 3.8457 0.0408
56831.3281 3.0577 0.0413
57520.3246 2.9806 0.0408
56805.4223 3.2671 0.0466
52814.3141 2.9062 0.0097
56751.3553 2.1210 0.0455
57542.3711 3.3232 0.0339
56723.5016 2.7038 0.0445
57508.4204 3.1871 0.0367
56835.3306 2.9156 0.0415
56803.4771 3.2104 0.0545
56837.3334 2.8470 0.0439
56809.4686 3.3175 0.0474
56839.3248 2.9175 0.0469
57216.2878 3.9335 0.0387
56801.3570 3.3453 0.0458
56811.4451 3.4147 0.0427
57433.5379 3.7088 0.0345
57223.3746 3.5921 0.0386
56715.5630 2.7715 0.0409
57220.2754 3.8110 0.0393
56722.4603 2.8795 0.0430
56807.3013 3.2634 0.0427
56841.3295 2.8427 0.0502
57567.3072 3.1517 0.0389
56712.4916 2.8071 0.0441
57547.4049 3.4851 0.0353
57213.2988 3.6452 0.0424
57104.4873 3.5686 0.0473
57123.5566 3.7196 0.0730
56798.4331 3.1553 0.0593
56781.3600 3.3673 0.0738
56829.3180 3.0416 0.0530
56778.3078 3.3308 0.0655
56783.3531 3.3463 0.0821
57160.3768 3.1860 0.0483
57479.5565 3.1230 0.0575
56744.5265 2.8412 0.0640
56776.4704 3.3446 0.0622
56741.6125 2.9004 0.0892
56772.5486 3.4747 0.0750
57185.4755 3.3401 0.0453
56780.3177 3.2429 0.0682
57492.5562 3.4478 0.0565
56865.2991 3.0085 0.0550
57157.4549 3.4217 0.0609
57105.5696 3.6080 0.0855
57166.3394 3.1596 0.0979
57078.4801 3.7483 0.0625
53770.6220 3.4903 0.0283
54620.3581 1.1899 0.0425
