56801.3688 2.0952 0.0407
56833.3478 1.2877 0.0363
52814.3124 2.1229 0.0097
56723.5097 2.1328 0.0427
56805.4306 2.1490 0.0418
56831.3363 1.5051 0.0355
57420.5750 1.0376 0.0405
56722.4684 2.0611 0.0397
56809.4772 2.1379 0.0475
56803.4885 1.9412 0.0533
56837.3417 1.5816 0.0391
56835.3395 1.7915 0.0376
56715.5711 2.1237 0.0375
56712.4997 2.0786 0.0405
56807.3096 1.9904 0.0423
56811.4533 2.0316 0.0387
56839.3341 1.4230 0.0422
56841.3393 1.4537 0.0436
53147.4546 2.2070 0.0096
56780.3265 2.0133 0.0630
57433.5445 1.2968 0.0403
56778.3160 2.2525 0.0621
56783.3648 2.1892 0.0751
56772.5574 2.2912 0.0702
56744.5348 1.9830 0.0624
56776.4785 2.2652 0.0585
57185.4833 1.9222 0.0561
56781.3681 2.2213 0.0677
57220.2834 1.5958 0.0489
57223.3821 1.5426 0.0483
57520.3322 1.6200 0.0521
56741.6263 1.9619 0.0877
57213.3068 1.8462 0.0435
57492.5650 1.5723 0.0483
56798.4412 2.1622 0.0572
57157.4639 2.0662 0.0539
57479.5652 1.2128 0.0521
56751.3624 2.0848 0.0601
57508.4274 1.6247 0.0442
57542.3781 1.6051 0.0410
57160.5043 1.9734 0.0543
57216.2954 1.6411 0.0456
57123.5684 1.8615 0.0787
57134.4895 1.8346 0.0564
57191.4505 1.7852 0.0514
57547.4116 1.4829 0.0429
57105.5725 2.0869 0.0774
57104.5182 2.0450 0.0525
54620.3618 1.7237 0.0421
57078.4880 1.9954 0.0757
57166.3502 1.7565 0.0677
