57420.5718 4.8280 0.0312
56833.3442 3.7323 0.0372
52814.3124 3.3587 0.0089
56741.6247 4.3766 0.0613
56805.4265 3.5760 0.0432
57213.3036 4.1417 0.0331
56781.3651 3.8352 0.0482
57492.5616 4.4361 0.0365
56811.4492 3.5500 0.0396
57542.3753 4.8559 0.0350
56839.3294 3.7743 0.0445
56841.3344 3.8022 0.0475
57157.4605 4.4562 0.0393
57520.3289 5.1082 0.0413
56801.3611 3.6259 0.0444
57508.4244 4.5538 0.0363
57191.4470 5.3189 0.0377
56722.4643 4.6258 0.0426
57134.4858 5.2677 0.0391
56835.3351 3.8011 0.0396
56723.5056 4.5224 0.0447
56751.3593 4.2910 0.0446
57223.3789 4.2991 0.0369
57216.2922 4.0404 0.0362
56778.3129 3.7164 0.0449
57220.2801 4.0433 0.0367
56772.5541 3.9478 0.0508
56807.3055 3.5011 0.0411
56780.3231 3.0002 0.0450
56837.3376 3.8247 0.0420
56831.3322 3.5882 0.0384
57547.4087 4.9505 0.0355
56744.5318 4.2910 0.0448
56712.4957 4.4731 0.0430
57479.5619 4.3458 0.0397
56715.5670 4.3997 0.0397
56776.4755 4.0243 0.0423
57433.5416 4.8463 0.0344
57160.4616 4.6113 0.0440
57078.4859 2.7876 0.0368
57166.3455 4.8101 0.0507
57105.5711 4.9844 0.0579
56798.4371 3.6305 0.0562
56809.4716 3.3297 0.0639
56803.4806 3.4099 0.0691
56783.3606 3.6057 0.0775
57104.5060 4.9652 0.0482
57185.4795 5.2606 0.0664
57123.5621 4.9904 0.0781
57567.3097 4.8799 0.0980
