56801.3655 8.5659 0.0407
57420.5718 6.6631 0.0328
56811.4502 8.4835 0.0391
56809.4739 8.5132 0.0438
56807.3065 8.6468 0.0420
56805.4275 8.5405 0.0416
56833.3442 8.2432 0.0435
52814.3124 7.2145 0.0104
56741.6247 7.9200 0.0639
56798.4382 8.7115 0.0474
56781.3651 8.7396 0.0548
57492.5616 7.3373 0.0405
56751.3593 8.1130 0.0501
57542.3753 7.8117 0.0396
56839.3294 8.1654 0.0509
56841.3344 8.1060 0.0529
57157.4605 8.1777 0.0442
57520.3289 7.8524 0.0443
56776.4755 8.6338 0.0489
57547.4087 7.6724 0.0397
57508.4244 7.7048 0.0410
57191.4470 7.8711 0.0411
56722.4643 7.6872 0.0471
57134.4858 8.4608 0.0430
56835.3351 8.1619 0.0463
56723.5056 7.8109 0.0495
57223.3789 7.5959 0.0415
57216.2922 7.5324 0.0416
56778.3129 8.7736 0.0522
56783.3617 8.8031 0.0596
57220.2801 7.4692 0.0419
56772.5541 8.7301 0.0567
56780.3231 8.7359 0.0521
56837.3376 8.1165 0.0485
56831.3322 8.3739 0.0459
56744.5318 7.9927 0.0500
56712.4957 7.4622 0.0474
57479.5619 7.1204 0.0429
56715.5670 7.5634 0.0445
57213.3036 7.6887 0.0383
57433.5416 6.5947 0.0372
56803.4819 8.6276 0.0696
57160.4616 8.2914 0.0499
57078.4859 8.3084 0.0459
57166.3455 8.1730 0.0554
57105.5711 8.5136 0.0655
57104.5060 8.5227 0.0553
57185.4795 7.8330 0.0711
57123.5621 8.4554 0.0819
57567.3097 7.4563 0.1072
54620.3618 8.4825 0.0601
