52730.5705 6.1758 0.0307
53462.4908 5.7282 0.0330
53847.5741 8.1240 0.0417
53911.3288 7.9094 0.0193
53851.4182 8.1667 0.0169
53853.4352 8.1368 0.0171
53586.2942 6.3766 0.0122
53524.3013 6.0818 0.0106
54186.5147 5.1291 0.0171
52698.6084 6.1868 0.0116
54531.5740 7.0855 0.0105
53466.6127 5.6340 0.0118
53583.3046 6.3223 0.0129
52710.6200 6.4037 0.0146
54570.4284 6.3816 0.0230
53799.4817 8.1432 0.0195
52817.2960 6.0708 0.0284
54262.4012 5.5844 0.0136
54209.4929 5.4543 0.0121
54624.3824 5.8970 0.0123
53505.3888 5.7280 0.0180
53769.6082 9.1421 0.0140
54561.4254 6.6434 0.0128
53146.4901 4.9153 0.0132
54535.5077 7.2142 0.0131
54151.6503 5.9802 0.0145
54153.5968 5.9122 0.0138
54524.5266 6.9155 0.0191
53553.4142 6.2720 0.0139
54144.5888 6.0799 0.0137
53578.3431 6.1877 0.0178
53411.6236 4.8258 0.0122
54511.5807 6.8315 0.0116
54213.5722 5.4679 0.0156
54614.3924 6.1156 0.0138
53936.3074 7.7252 0.0148
54255.3352 5.5975 0.0178
54600.4459 6.3918 0.0284
53200.2667 5.1886 0.0131
54621.4059 5.9830 0.0130
52790.4028 5.9521 0.1325
54266.2923 5.6336 0.0131
54557.5455 6.7448 0.0137
54234.4877 5.5799 0.0130
54113.6612 6.6141 0.0165
53473.5879 5.5821 0.0146
53121.5132 4.9263 0.0125
54591.3863 6.3115 0.0126
54179.5219 5.3254 0.0128
54563.4941 6.6286 0.0141
52813.3474 6.1041 0.0164
54117.6461 6.5859 0.0128
54588.5522 6.2831 0.0170
53175.3845 5.2250 0.0128
53883.3893 8.5286 0.0156
54183.5063 5.1800 0.0135
53859.3669 8.1893 0.0176
53551.3290 6.2402 0.0131
53939.3067 7.6992 0.0148
53875.3594 8.5702 0.0145
53772.6264 9.0521 0.0160
54201.4537 5.4263 0.0136
53446.5324 5.6342 0.0129
53943.3027 7.7153 0.0150
54259.3128 5.5485 0.0124
53138.4614 4.8069 0.0134
53109.5778 5.1721 0.0173
53469.5188 5.6295 0.0133
53178.3751 5.2597 0.0126
53149.3330 4.9064 0.0124
53906.3684 8.0209 0.0167
52722.5967 6.4409 0.0252
53390.6489 4.7346 0.0130
53531.3615 6.1215 0.0135
53916.3248 7.8709 0.0176
52792.4193 5.9198 0.0216
53117.4850 5.0221 0.0124
53766.6170 9.2156 0.0148
53495.4394 5.6073 0.0135
52815.2953 6.1218 0.0095
54176.5642 5.3807 0.0131
54124.6309 6.4312 0.0131
54205.4858 5.4476 0.0144
54594.4526 6.3874 0.0130
53165.4100 5.0763 0.0124
54618.4140 6.0951 0.0128
53527.3526 6.1381 0.0131
53122.4995 4.8805 0.0083
53195.3465 5.2396 0.0127
53743.6336 9.6414 0.0143
54229.4787 5.5102 0.0202
53500.3158 5.6947 0.0132
53518.4479 5.9940 0.0254
54538.5772 7.1449 0.0153
53083.6071 5.3422 0.0135
53855.4161 8.1760 0.0146
53502.3879 5.7070 0.0141
54597.4509 6.4286 0.0129
53892.3770 8.4195 0.0237
54120.6630 6.5351 0.0167
53879.3083 8.5527 0.0154
53888.4064 8.4242 0.0158
54528.5221 7.0549 0.0121
52791.4573 5.9159 0.0222
52721.6238 6.4097 0.0335
56801.3699 5.9814 0.0577
53463.5851 5.6001 0.0233
53523.4194 6.0978 0.0209
54620.3589 6.0519 0.0331
53563.3393 6.2586 0.0263
56833.3445 6.2412 0.0671
56783.3648 5.5374 0.0779
56744.5348 5.3630 0.0689
56723.5087 3.2558 0.0621
57123.5684 6.4269 0.0819
56715.5701 5.9979 0.0612
56780.3265 6.6209 0.0700
57185.4833 6.9070 0.0638
56781.3681 6.1584 0.0731
56741.6263 5.0986 0.0909
56811.4523 6.0217 0.0633
57160.5043 0.8284 0.0509
56803.4873 6.0458 0.0776
56831.3353 6.2873 0.0625
57191.4505 7.0533 0.0616
56835.3385 6.2620 0.0629
56841.3382 6.4338 0.0731
56839.3331 6.3056 0.0715
56809.4762 5.9326 0.0715
57134.4895 6.8313 0.0650
56807.3085 6.2795 0.0711
56778.3160 6.4221 0.0683
56837.3407 6.1930 0.0659
57492.5650 1.6997 0.0500
56805.4296 5.8896 0.0659
53890.4800 8.4432 0.0823
53198.3064 5.3451 0.0980
57105.5725 3.2821 0.0800
54619.3119 6.2152 0.0746
57078.4880 7.0587 0.0884
57508.4268 0.9516 0.0711
