56743.5069 28.9521 0.0479
52698.6084 31.5355 0.0208
57420.5495 25.7748 0.0482
53467.4922 31.7429 0.0157
52816.2955 30.5007 0.0169
57508.4044 31.8255 0.0696
56776.4550 25.8748 0.0722
56780.3019 25.1711 0.0754
56803.4007 26.2797 0.0768
56831.3117 27.5298 0.0709
57567.2972 28.2976 0.0744
56778.2926 25.1761 0.0741
56835.3144 27.6093 0.0702
57542.3556 28.5609 0.0651
57547.3894 29.5425 0.0660
56723.4853 29.1819 0.0746
56741.5892 27.6633 0.0842
56805.4052 26.4766 0.0721
57433.5227 27.4270 0.0619
56839.3084 27.9301 0.0747
57459.5423 28.6992 0.0674
57160.3607 22.3841 0.0568
56712.4754 30.1639 0.0759
57133.4154 23.4630 0.0596
57194.4042 24.1905 0.0607
56715.5467 29.9534 0.0740
57157.4382 22.4308 0.0629
56744.5487 28.8344 0.0768
56781.3448 25.2170 0.0775
56841.3128 27.8156 0.0754
57216.2706 25.1360 0.0628
57223.3574 24.0515 0.0614
56751.3388 28.5905 0.0774
56837.3164 27.5664 0.0718
56833.3206 27.2945 0.0704
57479.5414 29.5494 0.0645
57213.2820 24.9498 0.0584
56722.4431 29.4089 0.0751
57078.4375 23.0137 0.0631
57220.2575 24.4172 0.0613
56772.5313 27.1487 0.0762
56801.3407 26.4372 0.0734
57520.3067 30.1887 0.0654
56809.4513 26.9529 0.0742
56783.3361 25.0786 0.0769
56798.4174 25.9039 0.0672
56807.2850 26.8171 0.0736
56811.4286 26.6881 0.0688
57492.5382 30.9643 0.0870
57185.4561 23.6098 0.0766
57191.4231 23.7199 0.0751
57460.4772 28.7027 0.1422
57195.4008 23.9722 0.0948
57166.3209 23.2742 0.1058
57123.5324 23.4830 0.0980
57419.5298 43.2032 0.2609
57105.5603 23.8105 0.0941
57134.4685 23.2933 0.0998
56721.5940 29.3435 0.1937
57104.4590 23.8869 0.1225
54620.3656 21.3098 0.0842
53770.6182 24.5050 0.0472
