57420.5582 10.6319 0.0364
53472.4709 10.2592 0.0086
56743.5383 13.0177 0.0541
56744.5188 12.9913 0.0569
56780.3104 12.7795 0.0617
56833.3288 11.7529 0.0539
56807.2931 12.2886 0.0601
57479.5491 10.3351 0.0503
56712.4835 13.1872 0.0570
56778.3007 12.9274 0.0580
56837.3245 11.6438 0.0552
57220.2668 11.1112 0.0472
57567.2988 10.0304 0.0448
56776.4632 12.8820 0.0572
57191.4328 10.7982 0.0473
56831.3199 11.6472 0.0527
57216.2792 11.1275 0.0479
56839.3166 11.9171 0.0579
57223.3660 11.0280 0.0479
56841.3211 11.7783 0.0611
57194.4128 10.7789 0.0467
56722.4512 13.0573 0.0564
57542.3634 10.6170 0.0455
56723.4935 13.1338 0.0620
56805.4134 12.1794 0.0577
57508.4126 10.4932 0.0453
57185.4654 10.9013 0.0508
56781.3529 12.8389 0.0620
57433.5303 11.0610 0.0445
56801.3488 12.5168 0.0569
57492.5483 10.4088 0.0499
57520.3156 10.5149 0.0500
56811.4368 12.0312 0.0529
56772.5406 12.7646 0.0662
56809.4595 12.0980 0.0576
56803.4668 12.3572 0.0621
56798.4255 12.5456 0.0527
56783.3458 12.7254 0.0655
56715.5548 13.2117 0.0545
57160.3693 10.9381 0.0438
57547.3970 10.4514 0.0447
57213.2908 11.1509 0.0441
56835.3225 11.7146 0.0527
56751.3471 13.1518 0.0604
57157.4471 10.7544 0.0501
57123.5441 11.3129 0.0759
57104.4669 11.1083 0.0751
56741.6137 13.0172 0.1115
57133.6028 10.9261 0.0655
57459.5499 10.5718 0.0660
57134.4738 11.1731 0.0762
57166.3310 10.9349 0.0820
54620.3631 6.7508 0.0546
