57420.5474 15.2481 0.0343
57567.2954 16.4828 0.0397
57547.3913 16.7929 0.0373
57520.3089 16.7124 0.0386
57542.3576 16.7091 0.0369
57479.5434 16.1849 0.0400
57433.5246 16.0978 0.0355
57459.5445 15.9694 0.0385
57508.4065 16.5791 0.0375
56743.5233 15.7835 0.0496
57492.5408 16.1705 0.0445
56803.4428 15.9329 0.0570
53475.5639 19.0831 0.0134
56741.6039 15.8984 0.0701
57216.2749 15.3610 0.0512
57220.2624 15.3170 0.0528
56801.3447 15.8628 0.0589
57133.5964 15.5622 0.0573
56722.4472 15.9377 0.0572
56841.3171 16.2252 0.0625
56723.4894 15.8838 0.0592
57194.4085 15.5885 0.0502
56798.4214 16.1838 0.0555
57223.3617 15.3601 0.0510
56751.3430 16.0256 0.0619
56783.3403 15.7121 0.0666
56772.5360 15.8240 0.0625
57185.4684 15.4403 0.0610
57160.3650 15.4991 0.0479
56837.3204 16.2271 0.0581
57157.4427 15.5562 0.0526
56712.4795 15.8143 0.0585
56811.4327 15.8965 0.0557
56778.2967 15.7412 0.0604
56715.5507 15.8672 0.0565
56839.3125 16.1815 0.0619
56780.3062 15.6566 0.0635
56805.4093 15.7378 0.0586
56835.3184 16.1782 0.0563
56744.5528 16.0075 0.0611
56781.3489 15.9232 0.0633
56776.4591 15.8307 0.0572
57213.2865 15.3384 0.0475
56831.3158 16.1421 0.0567
56833.3247 16.1918 0.0559
56807.2890 15.8108 0.0593
56809.4559 15.7880 0.0666
57078.4450 14.8307 0.0637
57134.4710 15.6097 0.0624
57460.4772 16.1562 0.1167
53884.4341 18.3995 0.0197
57195.4028 15.4210 0.0797
57166.3243 13.3757 0.1402
57123.5397 15.9835 0.1510
57104.4634 15.6848 0.1030
57191.4276 15.8153 0.0907
57419.5304 15.6052 0.1333
53467.5113 19.1468 0.0283
57105.5621 15.6479 0.1109
