57420.5763 2.2269 0.0297
56801.3688 2.4205 0.0411
53147.4525 3.6248 0.0080
56833.3478 2.3542 0.0395
56723.5097 2.8892 0.0439
56831.3363 2.4188 0.0384
56798.4422 2.5139 0.0417
56809.4772 2.4707 0.0480
57547.4125 2.3545 0.0318
56741.6278 2.7473 0.0626
57213.3079 1.9046 0.0307
56807.3096 2.4476 0.0431
56780.3275 2.5842 0.0455
56778.3170 2.6007 0.0443
56776.4795 2.6728 0.0421
56781.3691 2.7265 0.0504
57123.5698 2.1498 0.0561
57223.3832 2.0111 0.0350
57134.4907 2.0476 0.0388
56751.3634 2.9812 0.0436
56805.4306 2.3398 0.0421
57433.5460 2.2788 0.0304
56835.3395 2.4456 0.0391
57508.4284 2.2677 0.0327
57216.2975 2.0880 0.0336
56744.5358 2.7973 0.0455
56772.5585 2.5863 0.0503
56722.4684 2.8517 0.0409
57160.5054 2.0390 0.0376
57542.3791 2.3064 0.0305
56715.5711 2.9831 0.0389
56712.4997 3.0001 0.0420
57220.2845 2.0508 0.0354
56841.3393 2.5586 0.0460
56839.3341 2.3892 0.0449
57520.3333 2.4246 0.0383
57479.5663 2.2397 0.0381
56803.4885 2.4466 0.0542
56837.3417 2.3996 0.0411
57492.5660 2.2499 0.0359
57191.4517 1.9504 0.0363
57157.4650 2.1025 0.0383
56811.4533 2.3527 0.0392
56783.3659 2.5998 0.0535
57166.3513 2.0131 0.0438
57185.4838 1.9496 0.0532
54531.5865 3.2064 0.0175
57105.5730 2.0549 0.0548
53462.5043 0.7925 0.0363
53586.3006 3.3477 0.0236
53583.3112 3.2425 0.0215
57078.4898 2.0352 0.0473
53911.3432 2.6959 0.0274
54570.4347 2.3866 0.0354
53390.6553 0.7973 0.0219
57104.5182 2.0226 0.0525
54563.5010 3.0292 0.0263
53578.3495 3.3484 0.0336
54600.4522 3.0088 0.0635
53500.3222 3.2257 0.0264
53146.4983 3.4643 0.0280
53551.3354 3.2073 0.0254
53175.3909 3.5308 0.0265
54535.5140 3.2072 0.0238
53769.6130 3.4626 0.0249
53772.6330 3.4286 0.0272
53943.3091 2.2250 0.0255
54179.5284 1.2752 0.0222
53121.5197 3.8510 0.0256
53446.5389 2.8380 0.0249
54594.4590 2.9588 0.0245
54561.4302 3.3355 0.0272
54176.5705 2.9170 0.0255
53939.3131 2.2315 0.0253
54538.5835 3.0942 0.0284
54588.5585 2.9282 0.0341
53165.4164 3.5673 0.0257
53195.3552 3.7057 0.0266
54620.3618 2.9548 0.0456
53495.4458 3.1920 0.0270
53502.3944 3.1474 0.0287
53553.4206 3.3082 0.0274
54528.5284 3.2364 0.0223
54597.4575 2.9659 0.0237
53117.4928 3.9715 0.0266
54524.5330 3.1643 0.0363
54186.5147 2.6635 0.0450
54557.5518 3.0768 0.0255
53411.6304 2.9411 0.0243
54591.3926 2.9748 0.0238
53766.6236 3.4640 0.0251
53178.3815 3.5230 0.0255
