57420.5540 1.2726 0.0278
56743.5233 1.5736 0.0340
56803.4428 1.6835 0.0422
53475.5639 1.3206 0.0084
57216.2749 1.4453 0.0311
57220.2624 1.4596 0.0350
56801.3447 1.5714 0.0395
57133.5964 1.5275 0.0411
56722.4472 1.7911 0.0374
57547.3932 0.9274 0.0283
56723.4894 1.7526 0.0399
57194.4085 1.5146 0.0313
57433.5265 1.1521 0.0276
56798.4214 1.5959 0.0356
57223.3617 1.5999 0.0326
56751.3430 1.7411 0.0435
56783.3403 1.6631 0.0511
56772.5360 1.7334 0.0469
57185.4684 1.4420 0.0426
57160.3650 1.5089 0.0290
56841.3171 1.7803 0.0458
57542.3595 0.9827 0.0277
57157.4427 1.5341 0.0351
56712.4795 1.7314 0.0394
57459.5467 1.0890 0.0326
57520.3112 0.9462 0.0375
56811.4327 1.6377 0.0353
57567.2949 0.9706 0.0319
56715.5507 1.8197 0.0367
56839.3125 1.6669 0.0418
56780.3062 1.6867 0.0460
57479.5453 1.0307 0.0404
56805.4093 1.6951 0.0388
56835.3184 1.7063 0.0356
56744.5528 1.6407 0.0419
57508.4085 1.0758 0.0290
56781.3489 1.7535 0.0456
56776.4591 1.7061 0.0378
56837.3204 1.6907 0.0381
57213.2865 1.4143 0.0285
56831.3158 1.7146 0.0358
56778.2967 1.7118 0.0412
56833.3247 1.6211 0.0355
56807.2890 1.6947 0.0377
57492.5435 0.9041 0.0338
56809.4559 1.6529 0.0437
57078.4450 1.4954 0.0456
57134.4710 1.4829 0.0413
56741.5962 1.6076 0.0470
53884.4341 1.5837 0.0122
57195.4028 1.4994 0.0507
53883.4566 1.5274 0.0115
57123.5397 1.5441 0.1220
57191.4276 1.4379 0.0581
53467.5113 1.3156 0.0159
57105.5621 1.7365 0.0706
57166.3288 1.5367 0.0788
57104.4634 1.4206 0.0613
