57420.5617 3.3863 0.0388
57479.5598 2.3502 0.0267
57547.4068 2.2301 0.0220
57433.5398 2.3973 0.0216
57508.4224 2.3155 0.0233
57492.5594 2.3435 0.0246
57542.3732 2.2180 0.0215
57520.3267 2.2166 0.0269
57134.4875 9.2796 0.1089
57567.3077 2.1179 0.0328
56833.3442 2.0466 0.0362
57220.2795 3.8191 0.0569
57191.4457 3.1019 0.0741
56741.6247 1.8826 0.0605
56805.4265 1.9461 0.0425
56781.3651 2.0278 0.0474
56811.4492 1.9953 0.0388
56778.3129 1.9795 0.0441
56798.4382 2.0029 0.0392
56841.3344 1.9601 0.0467
57157.4605 2.4079 0.0379
57160.4410 2.9873 0.0595
56801.3611 1.9234 0.0435
56776.4755 1.9529 0.0407
56809.4728 2.0020 0.0444
56839.3294 1.8731 0.0433
52814.3088 2.1042 0.0097
56722.4643 1.7253 0.0398
56715.5670 1.8953 0.0371
56835.3351 2.0449 0.0383
57223.3789 2.6475 0.0357
57216.2922 2.6817 0.0355
56783.3617 1.9716 0.0537
56807.3055 1.9730 0.0399
56780.3231 1.9256 0.0444
56723.5056 1.8590 0.0424
56837.3376 1.9552 0.0408
56831.3322 1.9919 0.0373
56751.3593 1.8188 0.0429
56744.5318 1.8489 0.0432
56712.4957 1.8707 0.0408
56772.5541 1.9172 0.0503
57213.3036 2.6574 0.0321
57166.3455 2.5778 0.0493
56803.4819 2.0937 0.0617
57123.5604 1.9808 0.0847
57105.5706 3.7230 0.1133
57078.4859 2.4334 0.0386
57104.5060 2.5334 0.0450
57185.4795 2.7859 0.0653
