56743.5064 3.3104 0.0281
57420.5495 3.0992 0.0306
52698.6066 4.3747 0.0131
57567.2958 2.9692 0.0359
52816.2955 3.8296 0.0096
56776.4550 3.5224 0.0424
57547.3894 3.1527 0.0327
57459.5423 3.1934 0.0353
56811.4286 3.2159 0.0372
57213.2820 3.0475 0.0310
56841.3128 3.3195 0.0470
57216.2706 2.9958 0.0336
56772.5313 3.2980 0.0491
56783.3361 3.3586 0.0525
56780.3019 3.3284 0.0477
56778.2926 3.4205 0.0449
57433.5227 3.0951 0.0313
57160.3607 3.1694 0.0320
56744.5487 3.4013 0.0447
56781.3448 3.3801 0.0500
56837.3164 3.3332 0.0403
56722.4431 3.3126 0.0412
56809.4513 3.3458 0.0417
56798.4174 3.3798 0.0381
56741.5892 3.3145 0.0570
56835.3144 3.3270 0.0379
56803.4007 3.3787 0.0468
56831.3117 3.2397 0.0380
56712.4754 3.3012 0.0421
57520.3067 3.2723 0.0399
56805.4052 3.2583 0.0408
56807.2850 3.2177 0.0399
57078.4375 3.1653 0.0425
57479.5414 3.1548 0.0377
56801.3407 3.3227 0.0433
57508.4044 3.2806 0.0347
57194.4042 3.2406 0.0342
56751.3388 3.4016 0.0467
57133.4154 3.1345 0.0345
56715.5467 3.2812 0.0396
57157.4382 3.2473 0.0386
57223.3574 3.0681 0.0348
56833.3206 3.3902 0.0392
57220.2575 3.0167 0.0402
56839.3084 3.2130 0.0427
57542.3556 3.1236 0.0323
56723.4853 3.4820 0.0417
52815.2906 4.2378 0.0112
57185.4561 3.2326 0.0474
57492.5382 3.3583 0.0466
57191.4231 3.2767 0.0440
54186.5169 3.3961 0.0305
53586.2942 3.2113 0.0257
53524.3013 3.1017 0.0228
53466.6127 3.2533 0.0225
57166.3209 3.2435 0.0704
54531.5802 3.3649 0.0180
57460.4772 3.2671 0.0850
53462.4941 2.8836 0.0759
54624.3856 3.1838 0.0205
53847.5657 3.3371 0.0681
57134.4685 3.3085 0.0613
53853.4265 3.3740 0.0308
53851.4045 3.3871 0.0349
57123.5324 3.2621 0.0724
57195.4008 3.0449 0.0535
57105.5603 3.1563 0.0539
53936.3073 3.5817 0.0289
54151.6503 3.3823 0.0288
54153.5968 3.4339 0.0285
54179.5219 3.4236 0.0270
53892.3770 3.6251 0.0514
54524.5266 3.3578 0.0393
56721.5940 3.2862 0.1135
54511.5807 3.4528 0.0224
54563.4941 3.3314 0.0278
53195.3461 3.7141 0.0264
53502.3879 3.3340 0.0292
54620.3656 3.1496 0.0475
54621.4059 3.2889 0.0268
53117.4851 3.5536 0.0264
54124.6309 3.5819 0.0258
53578.3431 3.2351 0.0377
53883.3892 3.5729 0.0297
53859.3669 3.4461 0.0356
53769.6065 3.2968 0.0276
54614.3925 3.2434 0.0286
53743.6358 3.2484 0.0242
53121.5132 3.6460 0.0269
54255.3352 3.4537 0.0390
53138.4614 3.6610 0.0318
53553.4142 3.3177 0.0277
53799.4785 3.3136 0.0276
54570.4268 3.1363 0.0558
54266.2923 3.3904 0.0269
53505.3869 3.1406 0.0414
53175.3845 3.4991 0.0260
53411.6236 3.1910 0.0253
54234.4877 3.4726 0.0271
54557.5455 3.2736 0.0273
54183.5063 3.4212 0.0283
53939.3067 3.6010 0.0287
53875.3594 3.4980 0.0265
54262.3997 3.4863 0.0323
53855.4161 3.4988 0.0280
53911.3146 3.6434 0.0818
54201.4537 3.4718 0.0285
54535.5077 3.4047 0.0250
53200.2667 3.7089 0.0262
53943.3027 3.4811 0.0293
54259.3128 3.4012 0.0252
53523.4216 3.1434 0.0411
53551.3290 3.3678 0.0268
53469.5188 3.3133 0.0270
53178.3751 3.1796 0.0253
53149.3330 3.7788 0.0268
53906.3684 3.5220 0.0328
53390.6489 3.1684 0.0279
53527.3526 3.3046 0.0264
53916.3248 3.6235 0.0326
54213.5722 3.3230 0.0316
53766.6170 3.2929 0.0253
54209.4913 3.3825 0.0274
53495.4394 3.3513 0.0268
53146.4895 3.6651 0.0282
54176.5642 3.3850 0.0273
57104.4590 3.1790 0.0675
53531.3618 3.2317 0.0272
54205.4858 3.3648 0.0297
53165.4100 3.3632 0.0257
53446.5325 3.2541 0.0265
54561.4238 3.2687 0.0268
54618.4139 3.3261 0.0257
54229.4787 3.4422 0.0433
53888.4064 3.5533 0.0309
53583.3013 3.2202 0.0308
53772.6264 3.3081 0.0297
53518.4479 3.1057 0.0535
54538.5772 3.3730 0.0303
54113.6612 3.5339 0.0318
53563.3425 3.0885 0.0447
53473.5879 3.2902 0.0311
54117.6461 3.5078 0.0252
54120.6630 3.5107 0.0308
54144.5888 3.3921 0.0281
53500.3158 3.3003 0.0273
53879.3084 3.5553 0.0298
54528.5221 3.4565 0.0231
