52730.5705 6.3673 0.0276
53462.4917 5.7183 0.0348
53847.5741 5.8435 0.0413
53911.3302 6.4278 0.0190
56801.3716 5.1778 0.0291
53853.4352 5.9536 0.0163
53586.2942 5.9573 0.0121
54186.5147 5.6933 0.0172
52698.6084 6.6261 0.0119
53851.4142 6.2569 0.0178
54531.5740 5.2433 0.0096
57420.5763 5.9654 0.0321
53524.3021 4.9575 0.0113
53466.6127 5.7306 0.0119
56833.3480 5.1438 0.0346
52710.6200 6.6559 0.0146
53583.3046 6.0190 0.0127
56722.4695 5.3432 0.0361
56712.5007 5.2602 0.0360
56807.3106 5.3115 0.0373
54570.4284 5.1159 0.0226
56803.4899 5.1414 0.0466
53799.4817 6.4340 0.0185
52817.2960 6.1535 0.0262
54624.3824 4.4024 0.0114
56841.3403 5.1701 0.0395
54262.4012 5.4688 0.0135
54209.4929 5.5367 0.0121
56715.5721 5.3353 0.0339
56809.4784 5.3940 0.0417
56839.3351 5.1130 0.0394
56837.3427 5.1789 0.0363
56835.3405 5.1469 0.0346
56805.4316 5.2884 0.0373
56811.4543 5.3156 0.0352
53769.6082 5.9714 0.0123
54561.4254 5.0894 0.0119
56723.5107 5.3611 0.0378
56831.3373 5.1437 0.0342
53146.4901 5.5301 0.0135
54153.5968 5.8132 0.0136
54117.6461 5.8324 0.0124
54524.5266 5.2300 0.0183
53553.4142 5.9396 0.0137
54144.5888 5.8344 0.0135
53578.3431 6.0476 0.0177
53411.6236 5.8247 0.0127
54614.3924 4.5171 0.0128
52790.4028 6.0334 0.1332
54266.2923 5.2376 0.0129
54557.5455 4.8013 0.0125
53121.5132 5.7045 0.0128
54179.5219 5.5539 0.0129
54563.4941 5.0961 0.0133
52813.3474 6.2317 0.0164
54588.5522 5.1872 0.0163
53175.3845 5.3121 0.0128
53200.2667 5.2446 0.0130
54183.5063 5.7685 0.0138
53551.3290 6.1594 0.0131
53939.3067 5.5564 0.0135
52792.4193 6.2390 0.0217
53505.3901 5.8285 0.0199
54528.5221 5.3193 0.0111
54535.5077 5.1936 0.0119
53446.5324 5.4600 0.0128
53943.3027 6.0643 0.0140
54259.3128 5.2453 0.0121
53138.4614 5.6601 0.0139
53109.5778 5.7512 0.0175
53469.5188 5.5333 0.0132
53178.3751 4.5871 0.0122
53149.3330 5.4800 0.0127
53906.3684 5.5253 0.0152
52722.5967 6.6620 0.0251
53390.6489 6.0672 0.0137
53117.4850 5.7439 0.0128
53766.6170 5.4669 0.0126
53495.4394 5.9553 0.0137
53916.3248 4.1968 0.0156
52815.2953 6.2889 0.0096
54594.4526 4.5536 0.0119
54176.5642 5.5408 0.0131
54124.6309 5.8447 0.0127
53772.6264 6.2244 0.0144
53165.4100 5.4157 0.0126
54618.4140 5.0386 0.0121
54591.3863 5.2111 0.0120
53195.3465 5.5563 0.0128
53743.6336 6.1204 0.0124
53500.3158 5.9992 0.0134
54538.5772 5.1696 0.0141
54113.6612 5.9639 0.0161
53083.6071 5.8282 0.0138
53855.4161 5.8865 0.0134
53502.3879 5.9610 0.0142
54597.4509 5.2990 0.0122
54120.6630 5.5913 0.0162
54201.4537 5.5643 0.0136
53518.4487 6.0396 0.0284
53888.4072 6.1710 0.0163
54151.6503 5.9167 0.0162
52791.4573 6.2446 0.0224
53892.3778 6.2327 0.0256
52721.6238 6.4854 0.0334
56798.4422 5.2885 0.0442
54213.5730 5.4450 0.0173
53859.3678 6.3313 0.0189
54600.4459 5.2613 0.0314
57547.4125 5.8952 0.0372
56741.6278 5.3802 0.0627
56780.3275 5.3201 0.0477
54511.5815 5.3291 0.0121
56778.3170 5.1566 0.0464
56776.4795 5.4310 0.0447
56781.3691 5.2404 0.0520
53531.3625 5.8868 0.0151
57123.5698 6.0732 0.0568
57213.3079 5.8868 0.0355
53936.3082 5.6699 0.0152
57223.3832 5.8163 0.0393
56751.3634 5.5015 0.0456
57433.5460 6.0811 0.0362
57216.2975 5.9602 0.0385
56744.5358 5.5000 0.0478
56772.5585 5.3597 0.0517
53875.3602 6.4051 0.0149
57492.5660 6.2402 0.0414
57542.3791 6.0480 0.0363
53879.3092 6.3100 0.0158
53122.4979 5.8099 0.0097
53473.5879 6.0371 0.0165
54255.3360 5.4807 0.0201
57220.2845 5.8787 0.0399
54205.4866 5.4816 0.0161
54229.4794 4.9063 0.0221
54621.4067 5.2892 0.0142
57520.3333 6.1368 0.0420
57134.4907 5.9926 0.0422
54234.4885 5.4800 0.0145
57479.5663 6.2245 0.0420
53527.3534 5.7578 0.0144
53463.5851 4.6999 0.0228
53883.3901 6.2731 0.0160
57191.4517 5.7753 0.0403
57157.4650 5.8033 0.0419
57160.5054 5.8252 0.0413
57508.4284 6.1349 0.0383
56783.3659 5.2075 0.0546
57166.3513 5.8374 0.0474
53563.3393 4.8714 0.0253
57185.4838 5.7710 0.0564
54620.3589 5.3352 0.0314
53523.4201 6.0294 0.0246
57105.5730 6.0649 0.0618
57078.4898 5.2825 0.0521
53890.4800 6.2063 0.0741
57104.5182 5.8197 0.0602
53198.3064 5.5241 0.0974
54619.3119 5.5902 0.0702
