57420.5718 1.2328 0.0279
56833.3442 1.8293 0.0342
52814.3124 1.2764 0.0080
56805.4265 1.7391 0.0402
56781.3651 1.8334 0.0452
57492.5616 1.0573 0.0310
56798.4382 1.8039 0.0371
57542.3753 0.9660 0.0278
56841.3344 1.7978 0.0447
57157.4605 1.3837 0.0347
57520.3289 1.0544 0.0362
56741.6208 1.6481 0.0559
56801.3611 1.7960 0.0415
56776.4755 1.7462 0.0386
56809.4728 1.7685 0.0421
56839.3294 1.8326 0.0414
57508.4244 0.9788 0.0299
57191.4470 1.5883 0.0323
56722.4643 1.8122 0.0380
57134.4858 1.4761 0.0339
56835.3351 1.8473 0.0363
56723.5056 1.7668 0.0403
56811.4492 1.7881 0.0366
57223.3789 1.5403 0.0324
57216.2922 1.6016 0.0319
56778.3129 1.8973 0.0420
56783.3617 1.8498 0.0517
57220.2801 1.5525 0.0324
56772.5541 1.7756 0.0479
56807.3055 1.7666 0.0379
56780.3231 1.8793 0.0425
56837.3376 1.8210 0.0387
56831.3322 1.7470 0.0351
57547.4087 1.0829 0.0284
56751.3593 1.7326 0.0406
56744.5318 1.7842 0.0408
56712.4957 1.8152 0.0388
57479.5619 0.9728 0.0354
56715.5670 1.7089 0.0350
57213.3036 1.5726 0.0288
57433.5416 1.0956 0.0275
56803.4819 1.7006 0.0580
57160.4616 1.4229 0.0382
57078.4859 1.3883 0.0344
57166.3455 1.5294 0.0456
57105.5711 1.4419 0.0492
57104.5060 1.4340 0.0403
57185.4795 1.6456 0.0596
57123.5621 1.5541 0.0742
57567.3097 0.9835 0.0822
