57479.5240 2.8654 0.0232
56715.4984 5.2642 0.0371
57420.5453 2.6488 0.0311
56743.5101 5.8967 0.0386
56803.4138 6.1168 0.0422
56741.5899 6.0507 0.0544
56723.4803 5.3068 0.0400
56811.4234 6.0793 0.0372
56781.3397 6.1716 0.0495
56776.4499 6.1914 0.0402
56778.2875 5.9876 0.0434
56798.4117 6.0530 0.0370
56805.4000 6.0975 0.0385
57520.3008 3.2348 0.0433
57460.4734 2.7293 0.0292
56833.3155 5.9736 0.0377
56780.2967 6.2992 0.0465
56835.3093 5.9503 0.0370
56831.3066 5.9997 0.0375
56744.5344 5.8831 0.0402
56751.3336 5.7914 0.0462
56783.3308 6.0643 0.0497
56841.3074 6.0719 0.0451
56801.3352 5.9972 0.0423
56807.2799 6.0142 0.0410
56837.3096 6.0586 0.0389
56839.3033 6.0718 0.0412
57459.5373 2.6359 0.0295
56772.5257 5.9262 0.0480
56809.4459 6.1042 0.0466
56721.5898 5.2517 0.0471
56712.4708 5.1229 0.0435
57216.2664 4.2727 0.0367
56722.4392 5.1815 0.0513
56829.3208 6.1093 0.0544
56800.5027 5.8595 0.0758
57567.2964 3.5136 0.0458
52814.3146 4.9676 0.0127
57492.5351 3.0820 0.0498
57433.5198 2.6652 0.0443
57542.3528 3.5625 0.0470
57220.2523 4.1791 0.0902
57123.5278 4.8091 0.0931
57160.3575 4.8072 0.0498
57547.3866 3.5880 0.0474
57508.4013 3.2011 0.0476
56711.5225 5.3130 0.0889
57195.3988 4.3204 0.0586
57133.4122 4.9967 0.0544
57157.4348 4.7218 0.0566
57223.3541 4.2040 0.0521
57213.2788 4.3068 0.0472
57194.4010 4.3813 0.0515
57078.4234 4.2845 0.0560
57134.4671 5.0476 0.0897
57166.3176 4.7144 0.1000
57104.4558 4.4963 0.0536
57156.4557 4.7567 0.0473
57191.4194 4.5285 0.0895
