57420.5718 3.1297 0.0304
56833.3442 1.5563 0.0349
57134.4844 2.8295 0.0793
56741.6247 1.7530 0.0599
56805.4265 1.5878 0.0414
56781.3651 1.5492 0.0462
52814.3124 2.9644 0.0098
57492.5616 2.9491 0.0349
56798.4382 1.5370 0.0379
57542.3753 3.2017 0.0326
56841.3344 1.6853 0.0460
57157.4605 2.3566 0.0374
57520.3289 2.9843 0.0394
56801.3611 1.7578 0.0427
56776.4755 1.5276 0.0395
56809.4728 1.5390 0.0431
56839.3294 1.6035 0.0422
57508.4244 3.0545 0.0342
57191.4470 2.3507 0.0346
56722.4643 1.6898 0.0392
56835.3351 1.6818 0.0372
56723.5056 1.7705 0.0417
56811.4492 1.5959 0.0375
57223.3789 1.9784 0.0342
57216.2922 2.2241 0.0342
56778.3129 1.5691 0.0430
56783.3617 1.5103 0.0528
57220.2801 2.1148 0.0346
56772.5541 1.6451 0.0495
56807.3055 1.6177 0.0388
56780.3231 1.5207 0.0431
56837.3376 1.7250 0.0399
56831.3322 1.6620 0.0361
57547.4087 3.3183 0.0330
56751.3593 1.7834 0.0423
56744.5318 1.7927 0.0425
56712.4957 2.2763 0.0411
57479.5619 3.1406 0.0389
56715.5670 1.8012 0.0364
57213.3036 2.2603 0.0311
57433.5416 2.8857 0.0315
57160.4616 2.3142 0.0413
56803.4819 1.7373 0.0599
57078.4859 1.9300 0.0366
57166.3455 2.2258 0.0481
57105.5711 2.0858 0.0528
57104.5060 1.8878 0.0428
57185.4795 2.2236 0.0629
57123.5621 2.2098 0.0774
57567.3097 1.8806 0.0873
