57420.5472 1.5833 0.0238
57567.2954 1.7069 0.0240
57213.2842 1.2268 0.0418
57520.3089 2.0095 0.0274
57547.3913 1.9488 0.0215
57542.3576 1.9766 0.0213
57508.4065 2.0259 0.0225
57479.5434 1.8779 0.0277
57433.5246 1.7282 0.0205
57459.5445 1.7059 0.0236
57194.4069 1.2905 0.0440
56743.5233 1.3702 0.0337
57220.2611 1.0741 0.0370
56803.4428 1.4115 0.0417
53475.5639 2.4535 0.0085
57492.5408 1.9077 0.0284
57223.3605 1.1572 0.0407
57216.2736 1.1094 0.0391
57133.5061 1.1915 0.0519
57157.4421 1.2550 0.0430
57185.4663 1.2692 0.0421
56801.3447 1.3854 0.0391
56722.4472 1.3578 0.0365
56841.3171 1.4754 0.0453
56723.4894 1.3033 0.0389
56798.4214 1.4716 0.0353
56751.3430 1.4534 0.0428
56783.3403 1.8568 0.0512
56772.5360 1.4008 0.0463
57160.3650 1.3802 0.0288
56837.3204 1.4570 0.0377
56712.4795 1.3114 0.0385
56811.4327 1.3280 0.0347
56715.5507 1.3659 0.0358
56839.3125 1.4649 0.0415
56805.4093 1.3432 0.0382
56835.3184 1.4407 0.0351
56744.5528 1.3918 0.0414
56781.3489 1.8115 0.0456
56776.4591 1.4102 0.0372
56831.3158 1.4466 0.0351
56833.3247 1.4444 0.0352
56807.2890 1.3190 0.0370
57134.4705 1.3082 0.0623
56780.3063 1.1638 0.0552
56809.4559 1.3519 0.0430
57105.5609 1.4926 0.0962
57104.4612 1.2370 0.0915
57191.4254 1.2888 0.0811
57123.5365 1.1487 0.1004
56741.5962 1.3437 0.0465
53884.4341 1.1349 0.0117
56778.2977 1.4036 0.0571
57195.4028 1.1855 0.0500
57078.4382 1.2000 0.0373
57460.4767 1.6971 0.0985
53467.5113 2.3472 0.0163
57166.3288 1.3735 0.0784
