56743.5069 4.3000 0.0314
57420.5495 4.6567 0.0331
53467.4922 3.6555 0.0078
56781.3448 4.1173 0.0547
57508.4044 4.4860 0.0379
56776.4550 4.0280 0.0463
56780.3019 4.1917 0.0524
56803.4007 4.2033 0.0512
56831.3117 4.2382 0.0428
57567.2972 4.3903 0.0432
56778.2926 4.1203 0.0493
56835.3144 4.2264 0.0423
57542.3556 4.4369 0.0359
57547.3894 4.5314 0.0360
56723.4853 4.5507 0.0463
56805.4052 4.0720 0.0454
57433.5227 4.8271 0.0354
56839.3084 4.2065 0.0475
57459.5423 4.8957 0.0394
57160.3607 4.0518 0.0351
56712.4754 4.6577 0.0473
57133.4154 4.1371 0.0377
57194.4042 4.0681 0.0373
56715.5467 4.5824 0.0446
57157.4382 4.0203 0.0415
56744.5487 4.4520 0.0494
56841.3128 4.1332 0.0515
57216.2706 4.1240 0.0373
57223.3574 4.0540 0.0380
56751.3388 4.3723 0.0514
56837.3164 4.2108 0.0446
56833.3206 4.1611 0.0432
57479.5414 4.6950 0.0408
57213.2820 4.0669 0.0342
56722.4431 4.6129 0.0464
57078.4375 3.9598 0.0454
57220.2575 4.0969 0.0433
56772.5313 4.3907 0.0537
56801.3407 4.2801 0.0477
57520.3067 4.5165 0.0424
56809.4513 4.0565 0.0463
56783.3361 4.3083 0.0572
56798.4174 4.1251 0.0419
56807.2850 4.1691 0.0450
56811.4286 4.0478 0.0418
57492.5382 4.6676 0.0509
57185.4561 4.0916 0.0511
57191.4231 4.1432 0.0476
57460.4772 4.6815 0.0954
56741.5882 4.5015 0.1131
57195.4008 4.0970 0.0589
57166.3209 4.0405 0.0750
57123.5324 4.0903 0.0768
57105.5603 4.1780 0.0589
57134.4685 4.1414 0.0662
56721.5940 4.4757 0.1282
57419.5304 4.8977 0.1154
57104.4590 4.1549 0.0736
54620.3656 4.3287 0.0512
52816.2887 3.2949 0.0209
53770.6182 4.6776 0.0280
