57420.5582 5.7495 0.0319
56743.5383 4.5643 0.0436
53475.5639 2.9464 0.0087
56741.6094 6.0788 0.0622
53472.4612 3.1081 0.0083
56744.5188 6.2199 0.0469
56780.3104 6.0924 0.0520
56833.3288 4.9946 0.0434
56807.2931 4.1654 0.0464
57479.5491 5.9520 0.0447
56712.4835 6.2055 0.0469
56778.3007 6.1489 0.0480
56837.3245 5.6532 0.0460
57220.2668 5.1761 0.0385
57567.2988 5.3554 0.0379
56776.4632 6.1495 0.0471
57191.4328 4.8871 0.0389
56831.3199 5.0653 0.0424
57216.2792 5.1552 0.0388
56839.3166 4.1294 0.0459
57223.3660 5.1762 0.0392
56841.3211 5.5335 0.0520
57194.4128 4.8663 0.0379
56722.4512 6.2297 0.0462
57542.3634 5.2902 0.0376
56723.4935 6.2831 0.0515
56805.4134 5.8215 0.0480
57508.4126 5.8383 0.0388
57185.4654 4.8149 0.0424
56781.3529 6.0467 0.0522
57433.5303 5.9297 0.0371
56801.3488 5.7461 0.0468
57492.5483 5.7418 0.0433
57520.3156 5.5737 0.0444
56811.4368 5.8319 0.0435
56772.5406 6.2616 0.0568
56809.4595 5.7035 0.0477
56803.4668 5.8019 0.0523
56798.4255 5.9853 0.0432
56783.3458 6.0623 0.0563
56715.5548 6.2680 0.0442
57160.3693 4.6134 0.0346
57547.3970 5.2880 0.0371
57213.2908 5.0305 0.0353
56835.3225 5.5851 0.0432
56751.3471 6.0988 0.0499
57157.4471 4.6399 0.0412
57123.5441 4.8098 0.0669
57104.4669 4.8513 0.0640
57133.6028 4.6668 0.0549
53883.4566 2.7282 0.0117
57459.5499 5.9413 0.0566
57134.4738 4.5315 0.0617
57166.3310 4.9204 0.0696
54620.3631 3.9821 0.0483
53467.5113 2.9964 0.0171
