57420.5718 1.8368 0.0285
56833.3442 1.9448 0.0344
52814.3124 2.0523 0.0084
56805.4265 1.7722 0.0402
56781.3651 1.7237 0.0450
57492.5616 1.4183 0.0316
56798.4382 1.6952 0.0370
57542.3753 1.4243 0.0288
56841.3344 1.9689 0.0450
57157.4605 0.8750 0.0339
57520.3289 1.4382 0.0368
56801.3611 1.6855 0.0413
56776.4755 1.7490 0.0386
56809.4728 1.8672 0.0422
56839.3294 1.9822 0.0416
57508.4244 1.3816 0.0307
57191.4470 1.1492 0.0316
56722.4643 1.5094 0.0375
57134.4858 0.9246 0.0330
56835.3351 1.9553 0.0365
56723.5056 1.5546 0.0399
56811.4492 1.8065 0.0366
57223.3789 1.1599 0.0318
57216.2922 1.0949 0.0310
56778.3129 1.7275 0.0417
56783.3617 1.7259 0.0515
57220.2801 1.0846 0.0316
56772.5541 1.6736 0.0477
56807.3055 1.8313 0.0380
56780.3231 1.9435 0.0426
56837.3376 1.9354 0.0389
56831.3322 1.8997 0.0354
57547.4087 1.5896 0.0294
56751.3593 1.4737 0.0402
56744.5318 1.3853 0.0401
56712.4957 1.4814 0.0382
57479.5619 1.4783 0.0361
56715.5670 1.4394 0.0346
57213.3036 1.1331 0.0281
57433.5416 1.7442 0.0288
56803.4819 1.7124 0.0581
56741.6203 1.3485 0.0575
57160.4616 0.9694 0.0373
57078.4859 1.2477 0.0342
57166.3455 1.0527 0.0448
57105.5711 1.0325 0.0481
57104.5060 1.0324 0.0392
57185.4795 1.1667 0.0585
57123.5632 1.0017 0.0618
57567.3097 1.4633 0.0842
