57420.5601 2.6882 0.0331
52698.6084 1.5582 0.0093
56743.5065 1.6498 0.0278
57547.4029 1.5954 0.0212
57433.5366 1.8505 0.0206
57542.3692 1.5903 0.0205
57479.5560 1.5000 0.0256
57492.5565 1.4912 0.0269
57508.4140 1.5640 0.0256
57213.2917 2.3155 0.0433
57520.3174 1.5014 0.0304
57220.2637 1.9062 0.0418
57216.2769 1.9203 0.0387
57157.4443 1.7358 0.0421
52816.2955 1.5562 0.0086
57223.3633 1.6998 0.0402
56776.4550 1.7507 0.0395
57459.5423 1.6313 0.0324
56811.4286 1.6438 0.0345
56841.3128 1.7610 0.0449
56772.5313 1.8365 0.0473
56783.3361 1.7200 0.0506
57567.2972 1.5998 0.0361
56780.3019 1.7215 0.0454
56778.2926 1.6569 0.0420
57160.3607 1.8699 0.0298
56744.5487 1.6453 0.0420
56781.3448 1.6307 0.0475
56837.3164 1.8699 0.0379
56722.4431 1.6554 0.0385
56809.4513 1.6920 0.0388
56798.4174 1.7403 0.0354
56835.3144 1.9053 0.0355
56803.4007 1.7021 0.0441
56831.3117 1.8978 0.0356
56712.4754 1.8022 0.0397
56805.4052 1.6478 0.0380
56807.2850 1.5935 0.0368
56801.3407 1.7474 0.0408
57194.4042 1.7243 0.0317
56751.3388 1.6604 0.0442
57133.4154 1.6634 0.0321
56715.5467 1.9032 0.0372
56833.3206 2.0371 0.0368
52815.2914 1.6894 0.0086
56839.3084 1.8495 0.0405
56723.4853 1.7347 0.0389
57078.4405 1.4100 0.0348
53911.3294 1.3697 0.0346
57123.5470 2.5694 0.1244
57185.4561 1.9072 0.0451
57191.4231 1.8070 0.0411
54186.5169 1.4561 0.0288
53586.2942 1.2412 0.0231
53524.3013 1.2078 0.0204
53466.6127 1.1890 0.0200
57166.3209 1.8534 0.0676
54624.3856 1.4233 0.0178
57104.4912 1.3154 0.0967
57195.4008 1.7181 0.0501
57134.4685 1.5614 0.0571
53853.4265 1.3664 0.0280
53851.4045 1.3557 0.0321
53462.4694 1.2240 0.0513
56741.5902 1.6333 0.0466
57105.5603 1.4596 0.0495
53936.3073 1.3558 0.0247
54151.6503 1.4649 0.0248
54153.5968 1.4398 0.0243
54179.5219 1.5263 0.0234
53892.3770 1.5244 0.0490
54524.5266 1.3838 0.0366
54511.5807 0.9075 0.0176
54563.4941 1.2715 0.0240
53195.3461 1.5642 0.0227
53502.3879 1.3324 0.0259
54620.3656 1.3548 0.0421
54621.4059 1.4475 0.0230
53117.4851 1.6183 0.0230
53578.3431 1.1365 0.0336
53859.3669 1.4088 0.0328
53769.6065 1.5254 0.0238
54614.3925 1.4975 0.0252
53743.6358 1.4996 0.0206
53121.5132 1.5157 0.0232
54557.5455 1.2144 0.0235
54255.3352 1.2909 0.0363
53138.4614 1.5672 0.0282
53553.4142 1.2294 0.0236
53799.4785 1.3296 0.0234
54266.2923 1.2844 0.0231
57460.4767 1.7212 0.0986
53505.3869 1.2472 0.0387
54588.5522 1.5177 0.0339
53175.3845 1.5284 0.0225
53411.6236 1.3569 0.0219
54234.4877 1.3392 0.0232
53883.3892 1.4808 0.0259
54183.5063 1.3856 0.0245
53939.3067 1.3626 0.0246
54262.3997 1.2493 0.0285
53770.6182 1.6045 0.0230
53855.4161 1.3812 0.0241
53847.5754 1.3720 0.0613
54201.4537 1.3871 0.0247
54535.5077 1.3423 0.0210
53200.2667 1.5688 0.0225
53943.3027 1.3306 0.0249
54259.3128 1.3367 0.0212
54597.4508 1.6312 0.0221
53523.4216 1.2172 0.0376
53551.3290 0.7874 0.0222
53469.5188 1.3178 0.0235
53178.3751 1.5874 0.0225
53149.3330 1.6251 0.0234
53906.3684 1.3836 0.0286
53390.6489 1.2548 0.0244
53916.3248 1.4538 0.0288
54213.5722 1.4339 0.0280
53766.6170 1.5585 0.0217
54209.4913 1.3375 0.0235
53495.4394 1.3493 0.0233
53146.4895 0.9820 0.0240
54176.5642 1.4835 0.0237
54124.6309 1.0024 0.0209
53531.3618 1.2290 0.0235
53875.3594 1.5298 0.0226
54205.4858 1.3987 0.0262
54594.4526 1.5731 0.0226
53165.4100 1.5832 0.0226
53446.5325 1.1990 0.0228
53527.3526 1.2480 0.0229
54561.4238 1.2275 0.0228
54591.3863 1.6898 0.0220
54618.4139 1.4800 0.0223
54229.4787 1.3060 0.0407
53888.4064 1.5292 0.0274
53583.3013 1.2430 0.0271
54600.4459 1.7159 0.0596
53772.6264 1.4891 0.0261
53518.4479 1.1758 0.0512
54538.5772 0.9473 0.0256
54113.6612 1.4597 0.0288
53473.5879 1.3127 0.0276
54117.6461 1.4589 0.0211
54120.6630 1.0458 0.0266
54144.5888 1.4552 0.0244
53500.3158 1.2716 0.0239
54531.6096 1.2997 0.0218
53879.3084 1.5815 0.0261
54528.5221 1.3143 0.0193
