56743.5069 42.5169 0.0552
52698.6084 31.0705 0.0200
57420.5495 40.7380 0.0573
57567.2958 43.3753 0.0820
52816.2955 27.8762 0.0165
56781.3448 46.8088 0.0959
57508.4044 41.1767 0.0787
56776.4550 46.7249 0.0909
56780.3019 46.2430 0.0934
56803.4007 46.1284 0.0950
56831.3117 46.0006 0.0876
56778.2926 46.4540 0.0933
56835.3144 45.7145 0.0865
57542.3556 41.3058 0.0772
57547.3894 42.1080 0.0779
56723.4853 40.4321 0.0850
56741.5892 42.1887 0.0950
56805.4052 46.0309 0.0899
57433.5227 40.7705 0.0742
56839.3084 46.0195 0.0909
57459.5423 40.3467 0.0787
57160.3607 40.4259 0.0726
56712.4754 40.4348 0.0854
57133.4154 40.4697 0.0744
57194.4042 39.7092 0.0743
56715.5467 40.7294 0.0840
57157.4382 40.3822 0.0789
56744.5487 43.0535 0.0896
56841.3128 45.8164 0.0901
57216.2706 39.1728 0.0756
57223.3574 39.5363 0.0751
56751.3388 43.9492 0.0908
56837.3164 45.7603 0.0881
56833.3206 45.7465 0.0870
57479.5414 40.6835 0.0737
57213.2820 39.1534 0.0706
56722.4431 40.1555 0.0852
57078.4375 40.4110 0.0763
57220.2575 39.3550 0.0723
56772.5313 46.5462 0.0918
56801.3407 46.4374 0.0914
57520.3067 41.1395 0.0741
56809.4513 46.0645 0.0920
56783.3361 46.4302 0.0934
56798.4174 46.4260 0.0852
56807.2850 45.8162 0.0916
56811.4286 45.9505 0.0860
57185.4561 40.2348 0.0938
57492.5382 41.8668 0.0995
57191.4231 39.8784 0.0924
57460.4772 40.2204 0.1618
57195.4008 39.4752 0.1162
57166.3209 40.4614 0.1282
57123.5324 40.3349 0.1144
57105.5603 40.0417 0.1165
57134.4685 40.5934 0.1237
56721.5940 40.7436 0.2177
57419.5304 40.5082 0.1740
57104.4590 39.7331 0.1529
54620.3656 31.3755 0.0996
53770.6182 29.5456 0.0513
