52730.5708 5.6356 0.0292
53462.4875 4.7272 0.0381
53847.5700 4.3006 0.0284
56801.3749 6.5286 0.0319
53851.4197 4.3418 0.0176
53911.3265 4.4825 0.0220
52698.6084 5.5744 0.0117
53524.2997 4.8002 0.0118
54186.5147 4.9701 0.0188
57420.5809 7.6526 0.0350
53586.2926 5.0245 0.0136
53853.4234 4.2836 0.0161
52710.6200 5.7256 0.0146
52817.2960 6.3941 0.0284
53466.6105 4.5595 0.0135
54531.5699 5.1805 0.0114
57191.4580 7.1783 0.0395
56833.3526 6.5190 0.0398
53109.5778 5.1459 0.0176
53583.3020 4.9524 0.0149
52790.4028 5.8946 0.1377
54209.4920 4.9869 0.0133
54561.4245 5.3538 0.0136
53505.3877 4.6669 0.0200
52813.3474 6.3226 0.0170
54624.3814 5.6170 0.0138
52792.4193 6.0627 0.0223
52722.5967 5.5831 0.0256
52815.2953 6.3443 0.0098
53769.6072 4.6153 0.0131
53083.6071 5.2111 0.0139
54262.4003 5.9404 0.0156
54205.4842 4.9461 0.0164
56712.5038 6.1660 0.0480
53939.3051 4.5323 0.0150
52791.4573 6.0248 0.0230
56751.3675 6.7183 0.0503
53875.3578 4.1901 0.0137
52721.6238 5.6522 0.0341
57433.5504 7.7866 0.0410
54179.5203 4.9389 0.0144
54266.2907 6.0531 0.0155
56744.5399 6.5302 0.0523
56837.3458 6.9036 0.0493
57134.4954 7.6345 0.0454
54557.5439 5.2846 0.0148
53888.4048 4.1695 0.0160
56772.5627 6.5243 0.0574
54234.4861 5.5531 0.0149
54591.3847 5.3308 0.0139
57220.2890 8.0310 0.0432
53943.3011 4.4921 0.0151
53799.4769 4.6699 0.0148
57520.3376 7.3031 0.0448
54621.4043 5.5954 0.0145
54183.5047 4.9895 0.0155
53883.3877 4.1643 0.0152
54600.4443 5.3675 0.0321
53175.3829 5.0061 0.0143
56715.5752 6.3515 0.0457
53766.6154 4.6311 0.0140
53502.3863 4.6281 0.0155
53772.6248 4.5425 0.0156
56839.3381 6.5347 0.0537
53473.5863 4.5048 0.0161
54113.6596 4.7263 0.0168
53138.4597 5.0574 0.0157
54117.6445 4.7525 0.0136
56811.4574 6.4803 0.0469
56741.6340 6.3175 0.0682
56809.4820 6.6651 0.0531
56783.3699 6.3661 0.0589
56723.5137 6.5573 0.0498
54535.5061 5.3255 0.0139
56798.4478 6.7064 0.0514
53195.3443 4.9106 0.0141
57547.4163 7.0029 0.0417
53495.4378 4.5695 0.0149
54570.4252 5.2923 0.0294
53411.6219 4.5628 0.0138
53469.5172 4.5515 0.0145
53553.4126 4.7804 0.0149
57213.3122 7.7481 0.0402
54176.5626 4.9935 0.0148
56831.3404 6.4570 0.0457
53146.4880 4.9018 0.0150
53117.4831 5.0970 0.0142
53518.4463 4.7589 0.0285
54594.4510 5.3097 0.0143
56778.3210 6.5580 0.0514
54618.4124 5.5901 0.0143
56807.3136 6.6854 0.0475
57216.3027 7.8675 0.0445
56780.3316 6.5834 0.0513
54124.6293 4.8858 0.0140
56841.3435 6.4955 0.0525
57542.3828 7.0438 0.0399
56781.3732 6.5262 0.0538
54229.4771 5.5322 0.0231
57123.5755 7.6301 0.0593
53165.4084 5.1613 0.0141
53936.3058 4.5382 0.0149
54563.4924 4.5215 0.0150
53446.5307 4.4350 0.0141
54588.5506 5.2826 0.0189
54213.5706 5.0742 0.0174
53121.5116 5.0372 0.0144
57479.5706 7.5032 0.0453
53892.3754 4.2222 0.0258
54120.6614 4.7984 0.0165
53500.3142 4.6369 0.0146
53879.3067 4.1739 0.0149
54144.5872 5.0988 0.0150
54538.5756 5.3665 0.0165
56722.4730 6.5268 0.0498
57508.4323 7.4156 0.0426
54528.5205 5.2165 0.0128
57492.5703 7.6397 0.0459
54151.6487 5.1149 0.0159
53200.2651 4.9406 0.0150
53551.3274 4.7519 0.0141
53906.3668 4.4885 0.0167
57223.3876 8.0337 0.0446
54201.4521 4.8948 0.0152
53149.3314 5.1095 0.0144
53855.4144 4.3056 0.0144
56835.3435 6.5439 0.0464
54153.5952 5.0584 0.0152
54259.3113 5.7994 0.0143
53463.5851 4.5335 0.0234
54597.4492 5.3336 0.0142
56805.4347 6.5622 0.0504
54255.3336 5.7832 0.0200
53531.3598 4.7245 0.0147
54524.5250 5.1409 0.0215
53178.3735 4.9459 0.0141
53578.3415 4.8195 0.0199
53390.6473 4.7934 0.0149
53859.3653 4.3179 0.0184
53916.3232 4.5359 0.0181
53743.6315 4.6859 0.0134
54511.5791 5.1558 0.0123
54614.3908 5.5734 0.0156
53527.3510 4.8242 0.0142
53523.4194 4.7828 0.0207
56776.4836 6.5180 0.0479
56803.4932 6.5954 0.0777
53563.3393 4.7177 0.0261
57157.4700 7.2326 0.0504
57166.3553 6.9342 0.0554
54620.3574 5.8091 0.0419
57078.4942 7.9115 0.0635
57160.5099 7.1213 0.0631
57185.4913 7.1819 0.0662
53890.4800 4.0864 0.0719
57104.5235 8.0437 0.0920
53198.3064 4.9410 0.0997
57105.5754 7.8218 0.1007
54619.3119 4.9815 0.0720
