53475.5620 5.2225 0.0108
56743.5259 4.3329 0.0454
56715.5518 4.5989 0.0585
57223.3628 3.8668 0.0512
56744.5538 4.3900 0.0656
57508.4095 3.7117 0.0486
57542.3605 3.6144 0.0480
56776.4601 4.3627 0.0599
57185.4773 3.9476 0.0734
57157.4438 4.1210 0.0564
57134.4715 4.2546 0.0547
57547.3942 3.6013 0.0472
56778.2977 4.1714 0.0637
57420.5762 2.1567 0.0585
57160.3661 4.1312 0.0472
57459.5477 1.6121 0.0490
56811.4337 4.2289 0.0571
57213.2876 3.3378 0.0449
53883.4566 5.0121 0.0133
57133.5978 4.2550 0.0686
56723.4904 4.3838 0.0609
57567.2959 3.5487 0.0499
56807.2900 4.2727 0.0623
56809.4564 3.9724 0.0621
56803.4635 4.1271 0.0680
56780.3072 4.3324 0.0714
57520.3123 3.5698 0.0578
56741.5967 4.3470 0.0827
56835.3194 4.2514 0.0566
56751.3440 4.4380 0.0671
56798.4224 4.1643 0.0564
56781.3499 4.2383 0.0692
56772.5372 4.3343 0.0708
56831.3168 4.1823 0.0569
56833.3258 4.0779 0.0564
56837.3214 4.2481 0.0603
57078.4520 4.0579 0.0569
56712.4805 4.5617 0.0621
56841.3181 4.2791 0.0700
56801.3458 4.3952 0.0619
56722.4482 4.2921 0.0591
57433.5275 2.6718 0.0435
56839.3135 4.0644 0.0655
57479.5463 3.6225 0.0625
56805.4104 4.2616 0.0616
53884.4341 5.1864 0.0136
57216.2759 3.6237 0.0496
57194.4096 3.9544 0.0506
56783.3413 4.1086 0.0764
57220.2635 2.9034 0.0503
57166.3288 4.0181 0.0846
57492.5456 3.8936 0.0576
57195.4033 3.8997 0.0810
57104.4634 4.0075 0.0707
57123.5397 4.1257 0.1268
53467.5113 5.3907 0.0196
