52730.5734 8.0254 0.0321
53847.5675 9.3356 0.0534
53851.4210 10.4152 0.0195
53462.4895 7.7510 0.0344
53911.3285 10.1677 0.0228
57420.5763 7.2237 0.0344
53586.2934 9.8666 0.0150
53853.4283 9.7569 0.0239
54531.5773 11.4068 0.0130
53799.4817 10.1414 0.0201
53524.3002 9.0559 0.0147
54186.5120 11.2499 0.0228
56801.3688 7.6932 0.0480
53769.6082 10.3259 0.0144
53466.6126 8.5554 0.0149
53146.4901 5.5465 0.0134
53411.6236 7.5603 0.0136
54557.5455 10.0707 0.0153
54591.3863 11.4708 0.0151
54179.5219 11.2004 0.0157
52813.3474 7.9993 0.0173
54570.4287 11.7125 0.0264
54183.5063 11.0120 0.0165
56833.3478 7.2908 0.0471
52792.4193 7.8631 0.0224
53149.3330 5.6315 0.0126
52817.2982 8.0001 0.0162
53766.6170 9.5622 0.0149
54561.4251 11.9421 0.0168
53583.3033 9.8407 0.0168
54594.4526 10.5973 0.0151
54209.4932 11.0898 0.0162
53772.6264 9.7743 0.0162
53743.6336 10.4644 0.0146
54600.4459 11.3757 0.0293
54597.4509 9.9489 0.0147
54151.6503 11.7663 0.0196
52791.4573 7.9807 0.0231
53175.3837 6.2387 0.0147
56831.3363 7.4311 0.0469
54117.6461 12.1701 0.0174
56798.4422 7.6842 0.0496
53936.3074 10.0394 0.0177
53390.6481 6.2354 0.0150
54524.5266 12.0727 0.0234
54511.5807 12.1865 0.0159
56723.5097 8.4350 0.0527
56809.4772 7.5610 0.0566
57547.4125 7.5024 0.0407
54621.4059 11.3117 0.0175
56741.6278 8.2019 0.0687
53531.3614 7.9354 0.0161
57213.3079 6.4577 0.0381
56807.3096 7.8153 0.0524
56780.3275 7.9907 0.0536
56778.3170 7.9144 0.0527
56776.4795 8.0866 0.0506
53121.5124 5.2883 0.0140
53446.5315 8.0941 0.0157
56781.3691 7.9308 0.0582
54213.5722 10.7759 0.0206
53138.4605 5.4440 0.0153
53939.3059 10.0241 0.0177
57223.3832 6.3188 0.0418
53551.3282 9.3048 0.0162
56751.3634 8.1810 0.0517
56805.4306 7.6138 0.0506
54588.5522 11.7212 0.0215
53109.5768 5.2619 0.0189
54624.3808 11.1336 0.0177
57433.5460 7.8909 0.0399
53200.2659 6.8767 0.0156
53943.3019 10.0943 0.0180
54563.4934 11.8244 0.0186
56835.3395 7.3239 0.0473
53553.4134 9.3676 0.0171
57216.2975 6.4583 0.0410
54535.5077 12.1926 0.0173
56744.5358 8.1733 0.0539
56772.5585 8.1167 0.0574
53495.4386 8.6985 0.0169
54259.3128 12.0546 0.0175
53083.6063 5.0835 0.0148
54262.4012 11.9190 0.0199
56722.4684 8.3928 0.0497
54176.5634 11.1718 0.0178
57160.5054 6.6288 0.0444
53469.5188 8.1391 0.0163
57542.3791 7.4272 0.0394
53165.4092 5.9609 0.0141
57220.2845 6.3954 0.0426
56715.5711 8.2858 0.0474
53473.5879 6.8851 0.0170
53195.3454 6.7310 0.0148
54124.6309 12.2092 0.0179
56712.4997 8.2405 0.0501
53505.3888 8.8609 0.0233
57123.5698 6.6314 0.0598
56841.3393 7.2654 0.0526
54205.4858 11.0484 0.0193
54618.4140 11.3733 0.0171
53502.3871 8.7989 0.0172
56839.3341 7.1852 0.0528
57520.3333 7.5940 0.0449
57134.4907 6.6985 0.0452
53500.3150 8.8012 0.0164
54528.5221 12.2265 0.0162
53117.4842 5.2354 0.0138
54538.5772 12.2953 0.0200
57479.5663 7.6758 0.0449
54113.6612 12.1636 0.0210
56803.4885 7.6345 0.0615
56837.3417 7.1596 0.0489
54614.3924 11.5170 0.0183
57492.5660 7.6677 0.0448
57191.4517 6.5845 0.0434
54120.6630 12.1832 0.0217
54201.4537 10.9896 0.0183
53178.3743 6.2254 0.0145
57157.4650 6.7276 0.0452
54144.5880 10.9420 0.0178
53578.3423 9.7432 0.0218
56811.4533 7.6958 0.0481
57508.4284 7.6237 0.0414
56783.3659 7.7584 0.0600
53916.3237 10.0098 0.0239
52790.4027 8.1117 0.0530
54266.2912 11.8598 0.0211
53855.4150 10.3093 0.0200
53859.3659 10.2847 0.0236
53527.3515 9.0127 0.0186
53883.3882 10.2453 0.0212
54234.4867 11.4358 0.0205
57166.3513 6.4633 0.0504
53888.4054 10.1547 0.0215
53906.3674 10.0517 0.0226
53518.4468 8.8463 0.0336
53563.3393 9.5170 0.0279
57185.4838 6.7587 0.0611
54229.4776 11.3369 0.0286
53892.3759 10.1320 0.0309
53879.3073 10.2383 0.0207
53463.5877 8.3492 0.0278
54153.5957 11.6565 0.0216
53875.3584 10.3201 0.0198
52710.6206 8.4836 0.0234
54255.3373 12.0540 0.0266
52721.6238 8.5637 0.0473
57105.5730 6.6686 0.0661
53523.4156 8.9249 0.0289
52722.5967 8.6675 0.0403
57078.4898 6.9348 0.0578
53890.4800 10.0906 0.0832
53198.3064 6.8555 0.0980
54619.3119 11.9740 0.0859
57104.5182 6.7026 0.0653
53122.4995 5.2693 0.0184
