53472.5316 2.4511 0.0094
57420.5641 1.8258 0.0395
52813.3181 2.4114 0.0084
56833.3407 2.6533 0.0381
56831.3281 2.6079 0.0394
56783.3558 2.2398 0.0576
56723.5016 1.7737 0.0419
56805.4223 2.4731 0.0441
57479.5576 1.9766 0.0376
57160.3779 2.0748 0.0313
57157.4560 2.1677 0.0380
56835.3306 2.6287 0.0399
56803.4771 2.4456 0.0520
56837.3334 2.6938 0.0426
57492.5572 1.9726 0.0355
56809.4686 2.4158 0.0445
56839.3248 2.7184 0.0452
56778.3088 1.5341 0.0426
56801.3570 2.3670 0.0431
56744.5276 1.9970 0.0434
56751.3553 2.1532 0.0441
56715.5630 1.8850 0.0383
56781.3610 1.9176 0.0488
56722.4603 1.9146 0.0401
56811.4451 2.4510 0.0400
56807.3013 2.3973 0.0398
56841.3295 2.3838 0.0485
56712.4916 1.7610 0.0412
57191.4488 1.9412 0.0460
56780.3189 1.7941 0.0537
57134.4881 2.2304 0.0501
57542.3721 1.9026 0.0421
57220.2765 1.9892 0.0517
57567.3083 2.1187 0.0537
56741.6130 2.2837 0.1085
53474.4540 2.4725 0.0126
56829.3180 2.4551 0.0516
57520.3257 1.8940 0.0536
53496.3612 2.5609 0.0120
52814.3229 2.1232 0.0132
57216.2889 2.0190 0.0462
57123.5590 2.2268 0.0779
56798.4351 6.7062 0.0667
57223.3757 1.9514 0.0493
57547.4059 1.9107 0.0438
57166.3406 1.9669 0.0642
57433.5388 2.0369 0.0419
56772.5509 2.1269 0.0698
57078.4806 2.2839 0.0492
56776.4725 2.2913 0.0579
56865.2991 2.4411 0.0534
57508.4214 1.9810 0.0473
57105.5696 2.4347 0.0784
57185.4767 2.1879 0.0603
57213.2999 2.0046 0.0705
57104.4950 2.2296 0.0521
53770.6220 2.5125 0.0266
54620.3581 2.8206 0.0467
