52730.5705 12.2551 0.0350
53462.4908 12.9553 0.0350
53847.5732 12.7787 0.0774
53911.3288 12.0385 0.0207
53851.4182 12.8168 0.0185
53853.4352 12.7791 0.0186
53586.2942 12.8272 0.0144
53524.3013 13.2979 0.0131
54186.5147 10.6451 0.0188
52698.6084 12.4398 0.0143
54531.5740 11.7187 0.0123
57420.5763 10.6354 0.0364
53466.6127 12.9417 0.0145
52710.6200 12.6429 0.0173
53583.3046 12.8656 0.0156
54570.4284 11.8287 0.0245
53799.4817 13.4194 0.0221
52817.2960 12.2174 0.0332
54262.4012 10.6391 0.0159
54209.4929 10.9774 0.0148
54624.3824 11.6111 0.0151
53505.3888 13.2680 0.0206
53769.6082 13.2322 0.0158
54561.4254 11.8142 0.0153
53146.4901 11.2404 0.0163
54535.5077 11.8073 0.0154
54151.6503 10.6476 0.0170
54153.5968 10.5954 0.0164
54524.5266 11.4953 0.0208
53553.4142 12.9128 0.0172
54144.5888 10.5420 0.0160
53578.3431 12.9656 0.0212
53411.6236 12.8453 0.0163
54511.5807 11.5387 0.0140
54213.5722 10.8912 0.0185
54614.3924 11.9223 0.0168
53936.3074 11.6376 0.0168
54255.3352 10.5662 0.0197
54600.4459 12.0220 0.0298
53200.2667 11.9252 0.0163
54621.4059 11.6736 0.0160
52790.4028 12.6153 0.1351
54266.2923 10.6958 0.0157
54557.5455 11.9113 0.0162
54234.4877 10.5621 0.0156
53121.5132 10.6636 0.0154
54591.3863 11.7873 0.0153
54179.5219 10.7078 0.0156
54563.4941 11.8434 0.0167
52813.3474 12.2347 0.0198
54117.6461 10.7621 0.0150
54588.5522 11.7345 0.0196
53175.3845 11.8452 0.0163
53883.3893 12.2594 0.0174
54183.5063 10.7169 0.0165
53859.3669 12.7615 0.0194
53551.3290 12.8910 0.0163
53939.3067 11.5304 0.0167
53875.3594 12.4373 0.0164
53772.6264 13.2914 0.0181
54201.4537 10.8725 0.0164
53446.5324 12.7487 0.0164
53943.3027 11.5338 0.0170
54259.3128 10.5692 0.0150
53138.4614 10.9910 0.0165
53109.5778 10.8213 0.0199
53469.5188 13.2980 0.0170
53178.3751 11.8458 0.0159
53149.3330 11.1248 0.0153
53906.3684 12.0029 0.0188
52722.5967 12.7312 0.0276
53390.6489 12.4254 0.0167
53531.3615 13.1997 0.0170
53916.3248 11.9074 0.0195
52792.4193 12.7561 0.0254
53117.4850 10.6564 0.0153
53766.6170 13.2215 0.0168
53495.4394 13.2548 0.0172
52815.2953 12.2233 0.0115
53473.5879 13.1167 0.0182
54176.5642 10.7563 0.0159
54124.6309 10.6093 0.0153
54205.4858 10.9357 0.0172
54594.4526 11.8357 0.0158
53165.4100 11.4177 0.0156
54618.4140 11.8095 0.0156
53527.3526 13.2180 0.0164
53122.4995 10.6658 0.0104
53195.3465 12.0196 0.0160
53743.6336 12.4526 0.0157
54229.4787 10.6221 0.0221
53518.4479 13.2521 0.0275
54538.5772 11.8596 0.0178
54113.6612 10.7700 0.0181
53083.6071 10.8587 0.0164
53855.4161 12.8170 0.0168
53502.3879 13.2297 0.0174
54597.4509 11.8926 0.0157
53892.3770 12.2370 0.0248
54120.6630 10.7011 0.0186
53879.3083 12.3714 0.0173
53500.3158 13.3003 0.0167
53888.4064 12.2143 0.0176
54528.5221 11.8301 0.0144
52791.4573 12.7136 0.0261
52721.6238 12.6420 0.0359
56809.4772 7.1992 0.0550
56780.3275 8.4622 0.0525
56778.3170 8.3513 0.0516
56776.4795 8.5083 0.0496
56781.3691 8.3944 0.0569
56801.3699 8.7569 0.0618
56805.4306 6.8736 0.0486
57433.5460 11.4554 0.0446
56772.5585 8.3618 0.0558
53463.5851 12.8044 0.0269
53523.4194 13.2861 0.0248
56783.3659 8.4193 0.0588
54620.3589 11.6401 0.0400
53563.3393 12.8583 0.0302
57185.4838 6.8586 0.0579
56833.3445 8.7971 0.0725
57508.4274 11.7023 0.0665
56744.5348 8.1875 0.0745
56723.5087 7.7378 0.0716
57213.3068 9.8433 0.0595
57157.4639 9.7999 0.0679
57123.5684 9.4024 0.0851
56715.5701 7.7639 0.0649
57220.2834 9.8029 0.0661
56741.6263 7.9562 0.0952
57542.3781 11.5955 0.0641
57160.5043 9.8480 0.0688
56811.4523 8.7194 0.0687
56831.3353 8.7083 0.0676
57191.4505 9.8862 0.0668
56835.3385 8.5350 0.0677
57547.4116 11.5680 0.0667
56722.4674 7.6386 0.0666
56841.3382 8.8451 0.0773
57223.3821 9.7293 0.0642
57520.3322 11.7454 0.0691
56798.4412 8.7572 0.0699
56712.4987 7.5769 0.0684
57479.5652 11.6924 0.0700
57078.4898 9.0265 0.0603
57134.4895 9.5856 0.0699
56839.3331 8.8167 0.0765
56807.3085 8.7673 0.0766
56837.3407 8.6113 0.0708
57492.5650 11.6036 0.0699
56751.3624 8.1498 0.0720
56803.4898 6.5349 0.0861
57216.2954 9.7718 0.0628
53890.4800 12.4244 0.0913
53198.3064 12.0803 0.1074
57105.5725 9.2171 0.0987
54619.3119 11.8280 0.0882
57104.5182 9.3433 0.0702
57166.3502 10.0799 0.0846
