57420.5603 1.8081 0.0315
56743.5064 2.7597 0.0276
52698.6084 2.5020 0.0098
57213.2971 2.3789 0.0433
57547.4029 1.4969 0.0211
57542.3692 1.7111 0.0208
57433.5366 1.8423 0.0206
57220.2733 2.3453 0.0486
57479.5560 1.5633 0.0257
57508.4183 1.5650 0.0222
57520.3222 1.5013 0.0262
57216.2843 2.2699 0.0466
57492.5565 1.5447 0.0271
57134.4864 3.1340 0.0675
57191.4401 2.5400 0.0539
57123.5612 3.1393 0.0911
57223.3677 2.2982 0.0417
57160.4104 2.8550 0.0498
57078.4564 3.2894 0.0315
57157.4488 2.9109 0.0437
53851.4200 3.4808 0.0253
57567.2958 1.3962 0.0333
57185.4702 2.8210 0.0650
56776.4550 3.1324 0.0418
53524.2997 2.2936 0.0151
57459.5423 1.6746 0.0328
56811.4286 3.5218 0.0380
53911.3249 3.5185 0.0344
56841.3128 4.0599 0.0480
56772.5313 3.1360 0.0486
56783.3361 3.2413 0.0521
56780.3019 3.2327 0.0474
56744.5487 2.7420 0.0437
56781.3448 3.1648 0.0496
56837.3164 4.0587 0.0416
56722.4431 2.7363 0.0404
56809.4513 3.6024 0.0423
56798.4174 3.5505 0.0384
56741.5892 2.8640 0.0564
56835.3144 3.8549 0.0390
56803.4007 3.4202 0.0469
56831.3117 3.8228 0.0391
56712.4754 2.6997 0.0410
56805.4052 3.5129 0.0415
56807.2850 3.4248 0.0405
56801.3407 3.4639 0.0436
57194.4042 2.4279 0.0330
56778.2926 3.2805 0.0446
56751.3388 2.9556 0.0460
57133.4154 2.9809 0.0342
56715.5467 2.6660 0.0385
56833.3206 3.8368 0.0401
52815.2914 2.5452 0.0090
56839.3084 4.0522 0.0440
56723.4853 2.8228 0.0405
53462.4830 2.1402 0.0537
57166.3329 2.8436 0.0735
52816.3001 2.4146 0.0112
54186.5169 3.2399 0.0298
53939.3051 2.8664 0.0187
53743.6315 2.2791 0.0151
53466.6127 2.2020 0.0210
54234.4862 2.4469 0.0170
53943.3011 2.4030 0.0183
53502.3863 1.7055 0.0183
53799.4769 3.5695 0.0193
53586.2942 2.4863 0.0243
53500.3142 2.0013 0.0177
54183.5047 2.8139 0.0186
57460.4772 1.8213 0.0815
54531.5802 1.5823 0.0157
53495.4378 1.4285 0.0168
53200.2651 2.4466 0.0175
54624.3856 1.6255 0.0181
53195.3443 2.3927 0.0167
53847.5657 3.4652 0.0673
57195.4008 2.3176 0.0519
53505.3848 2.0348 0.0278
53518.4463 2.3683 0.0372
53146.4877 2.4677 0.0184
53390.6473 1.4103 0.0169
53138.4595 2.4395 0.0203
53853.4265 3.4007 0.0301
53936.3057 3.6468 0.0200
53551.3274 2.1572 0.0168
53531.3598 2.3412 0.0177
54511.5791 1.5261 0.0131
57105.5603 3.0066 0.0538
53527.3510 2.4254 0.0174
53523.4194 2.3337 0.0260
54535.5077 1.5990 0.0214
54151.6503 3.2507 0.0277
54153.5968 3.2437 0.0273
53892.3770 3.5428 0.0506
54524.5266 1.5546 0.0368
54563.4941 1.5067 0.0244
54179.5219 3.3126 0.0261
54621.4059 1.6675 0.0234
53117.4851 2.5671 0.0244
54124.6309 3.4521 0.0248
53578.3431 2.4806 0.0356
54557.5455 1.5482 0.0240
53859.3669 3.4433 0.0350
53772.6264 3.6627 0.0295
53769.6065 3.5978 0.0273
54614.3925 1.6839 0.0255
53121.5132 2.5906 0.0248
54255.3352 3.1863 0.0381
54591.3863 1.7147 0.0221
53553.4142 2.4992 0.0257
53473.5879 2.2235 0.0289
54570.4268 1.5232 0.0537
54266.2923 3.1894 0.0259
54588.5522 1.6469 0.0341
53175.3845 2.4875 0.0240
53411.6236 1.8480 0.0227
53883.3892 3.5645 0.0289
53855.4161 3.4800 0.0273
53875.3594 3.5628 0.0259
54262.3997 3.0907 0.0310
53770.6182 3.7188 0.0260
54259.3128 3.1133 0.0240
54597.4508 1.8029 0.0223
53469.5188 2.2127 0.0248
53178.3751 2.4543 0.0238
53149.3330 2.5083 0.0246
53906.3684 3.4115 0.0319
53916.3248 3.4913 0.0316
54213.5722 3.1848 0.0307
53766.6170 3.5300 0.0250
54209.4913 3.2387 0.0265
56721.5940 2.9038 0.1119
54176.5642 3.2727 0.0264
57104.4590 3.1538 0.0672
54205.4858 3.3067 0.0289
54594.4526 1.7302 0.0229
53165.4100 2.4763 0.0239
53446.5325 1.9820 0.0240
54561.4238 1.4806 0.0232
54618.4139 1.7643 0.0228
54229.4787 3.2284 0.0425
53888.4064 3.5043 0.0301
53583.3013 2.4946 0.0289
57419.5304 1.9429 0.1060
54600.4459 1.8571 0.0598
54538.5772 1.5546 0.0267
54113.6612 3.3761 0.0310
53563.3425 2.4984 0.0431
54117.6461 3.4092 0.0243
54120.6630 3.3954 0.0299
54201.4537 3.2117 0.0274
54144.5888 3.4024 0.0274
53879.3084 3.5470 0.0291
54528.5221 1.5603 0.0197
