52730.5705 16.6025 0.0378
53847.5775 14.7892 0.0943
53462.4934 18.1059 0.0436
53911.3288 17.2845 0.0223
53851.4120 13.9110 0.0194
53853.4397 14.9463 0.0208
54531.5740 24.2135 0.0162
53586.2950 16.1176 0.0174
54186.5159 22.4396 0.0236
57420.5763 26.8444 0.0478
53524.3021 18.1751 0.0161
53466.6138 18.0849 0.0174
52710.6200 16.6708 0.0188
54570.4284 24.5969 0.0276
52817.2960 17.1704 0.0366
54209.4929 22.7530 0.0193
54624.3824 22.7378 0.0195
53583.3057 16.1630 0.0183
54151.6503 20.6334 0.0214
54117.6461 21.3621 0.0195
54524.5266 23.7246 0.0248
54144.5888 18.0523 0.0193
54511.5807 23.1864 0.0185
54255.3352 24.0277 0.0239
54621.4059 25.1595 0.0214
52790.4028 17.6335 0.1376
54563.4941 20.7529 0.0201
52813.3474 17.1954 0.0222
54588.5522 24.8438 0.0247
54262.4022 23.8066 0.0226
54176.5470 22.4577 0.0225
52792.4193 17.3877 0.0278
53505.3901 18.3942 0.0244
54535.5077 24.3165 0.0203
53149.3330 15.4447 0.0170
52722.5967 16.9106 0.0291
54528.5221 24.1967 0.0190
54124.6309 21.5498 0.0199
54205.4858 20.8691 0.0214
54618.4140 24.5104 0.0205
54561.4238 23.1363 0.0214
53122.4995 15.7678 0.0119
53083.6071 13.4256 0.0175
54538.5772 24.3126 0.0231
54113.6612 21.4716 0.0218
54597.4509 20.3170 0.0191
54120.6630 21.4871 0.0227
53518.4487 18.1263 0.0324
53888.4072 15.9633 0.0212
52791.4573 17.3926 0.0285
52721.6238 16.8399 0.0374
54179.5203 22.6425 0.0228
53502.3887 18.4181 0.0216
53138.4623 15.6138 0.0204
54213.5730 22.7635 0.0263
56833.3480 13.0311 0.0591
53799.4769 14.3109 0.0201
57547.4125 29.2813 0.0660
54183.5047 22.5440 0.0239
56741.6278 24.1008 0.0826
53469.5196 18.2031 0.0213
53892.3778 16.2092 0.0290
57213.3079 26.2954 0.0598
56780.3275 25.3298 0.0724
53855.4169 14.9648 0.0198
56778.3170 25.1677 0.0722
53766.6179 14.1672 0.0192
56776.4795 25.1420 0.0697
54153.5976 22.2157 0.0241
56781.3691 25.0954 0.0771
53531.3625 18.0749 0.0213
57123.5698 25.3921 0.0723
57223.3832 26.4265 0.0637
57134.4907 26.0831 0.0647
56801.3699 24.5959 0.0811
53109.5789 15.9917 0.0249
56751.3634 24.7399 0.0702
53553.4150 17.6189 0.0215
54557.5463 24.4274 0.0236
53165.4108 15.3548 0.0193
54614.3932 25.1858 0.0247
56798.4422 24.9888 0.0684
57433.5460 27.5782 0.0628
53772.6273 14.2990 0.0206
53939.3075 18.0734 0.0217
53117.4860 15.9766 0.0196
53473.5887 18.3822 0.0228
53146.4880 15.5330 0.0200
57216.2975 26.3131 0.0643
56744.5358 24.5636 0.0723
53769.6073 14.2279 0.0197
56772.5585 24.7916 0.0739
54591.3871 24.9914 0.0228
53121.5140 15.8121 0.0195
53943.3035 18.3369 0.0223
53875.3602 15.5597 0.0200
53500.3166 18.4487 0.0209
53743.6315 14.3963 0.0186
53879.3092 15.6776 0.0209
53195.3475 15.7967 0.0198
53446.5332 17.5054 0.0205
54259.3136 23.8917 0.0229
54594.4534 25.0197 0.0236
53200.2675 16.0261 0.0201
53551.3298 17.6860 0.0203
53178.3759 15.4368 0.0195
53906.3692 16.9118 0.0233
57220.2845 26.3001 0.0653
53411.6245 17.1497 0.0201
53390.6497 16.9651 0.0209
53936.3058 18.1807 0.0219
53495.4402 18.2642 0.0214
57542.3791 29.5070 0.0647
54266.2931 23.7880 0.0234
57520.3333 29.8158 0.0651
54201.4521 22.4174 0.0236
53578.3439 16.4438 0.0252
54234.4885 23.3625 0.0233
53859.3678 15.1123 0.0226
53916.3256 17.6718 0.0248
57479.5663 28.5935 0.0642
53527.3534 18.1546 0.0205
53175.3853 15.5253 0.0201
57492.5660 28.9493 0.0683
53883.3901 15.7462 0.0211
57191.4517 26.6460 0.0649
54229.4794 23.2366 0.0293
57157.4650 26.6207 0.0662
57160.5054 27.0735 0.0659
54600.4467 25.1659 0.0370
57508.4284 29.6215 0.0661
56783.3659 25.2450 0.0766
57166.3513 26.8905 0.0727
57185.4838 26.7860 0.0848
54620.3589 25.0616 0.0531
53463.5896 18.1376 0.0341
53523.4201 18.1035 0.0319
56723.5087 22.8149 0.0971
57105.5730 25.0161 0.0976
56715.5701 22.4281 0.0901
56811.4523 24.6891 0.0953
56803.4873 24.7521 0.1090
56831.3353 24.5242 0.0945
56835.3385 24.5576 0.0948
56722.4674 22.7390 0.0919
56841.3382 24.3872 0.1006
53563.3392 17.0467 0.0389
56712.4987 22.2024 0.0930
56839.3331 24.4714 0.1027
57078.4898 24.1225 0.0845
56809.4762 24.5423 0.1042
56807.3085 24.6897 0.1053
56837.3407 24.4952 0.0971
56805.4296 24.7893 0.0980
53890.4800 16.4172 0.0995
54619.3119 26.0352 0.1155
53198.3064 15.8356 0.1123
57104.5182 24.7714 0.0988
