57420.5648 2.5394 0.0289
53472.5316 3.2420 0.0098
57191.4456 2.0962 0.0330
53496.3516 3.3682 0.0081
56783.3558 1.7459 0.0559
57520.3246 2.6799 0.0384
56805.4223 2.2237 0.0427
57157.4560 2.1042 0.0370
57123.5575 2.1831 0.0539
57542.3711 2.5728 0.0303
57160.3779 2.1084 0.0304
57479.5576 2.4949 0.0378
56776.4714 1.7849 0.0392
56798.4341 1.8116 0.0374
57492.5572 2.5932 0.0361
56809.4686 2.1059 0.0430
57216.2878 2.1777 0.0335
57134.4855 2.0527 0.0367
56778.3088 1.7757 0.0418
56780.3187 1.8657 0.0437
56744.5276 1.6748 0.0419
57433.5379 2.5538 0.0302
57223.3746 2.0696 0.0342
56781.3610 1.9073 0.0476
57220.2754 2.1795 0.0343
56811.4451 2.1100 0.0384
57508.4204 2.7740 0.0336
56751.3553 1.7129 0.0423
56807.3013 2.1819 0.0384
57567.3072 2.6400 0.0353
57547.4049 2.5972 0.0313
56772.5497 1.7865 0.0480
56803.4765 2.0266 0.0611
57213.2988 2.1572 0.0369
56741.6138 1.5484 0.0608
52793.2667 2.6700 0.0282
57104.4873 1.9362 0.0416
56801.3564 2.0996 0.0505
56841.3285 1.8515 0.0664
56722.4592 1.7353 0.0555
56839.3237 1.9551 0.0609
53388.6201 1.8487 0.0139
53474.4540 3.2980 0.0133
56833.3360 1.8945 0.0558
56723.5006 1.6217 0.0564
56835.3296 1.9183 0.0532
56837.3324 1.6821 0.0565
57166.3406 2.0151 0.0627
56831.3270 1.9292 0.0526
57185.4755 2.1466 0.0417
57078.4806 2.2682 0.0475
56712.4906 1.6601 0.0569
56715.5619 1.5702 0.0523
57105.5696 2.1816 0.0753
54620.3581 2.0262 0.0433
