52730.5705 1.3101 0.0236
53462.4908 1.8150 0.0328
53911.3288 1.0998 0.0170
53851.4182 1.0215 0.0147
53847.5750 1.0186 0.0230
56801.3749 1.4762 0.0269
53853.4352 1.0016 0.0148
53586.2942 1.3199 0.0104
53524.3013 1.6411 0.0089
54186.5147 1.7200 0.0161
52698.6084 1.1660 0.0093
54531.5740 2.4383 0.0084
57420.5809 1.0608 0.0284
53466.6127 1.7830 0.0103
52710.6200 1.1822 0.0118
53583.3046 1.3632 0.0106
54570.4284 2.3934 0.0220
53799.4817 1.1111 0.0159
52817.2960 1.5069 0.0227
54262.4012 1.8652 0.0119
54209.4929 1.9003 0.0101
54624.3824 2.4184 0.0104
57191.4580 1.6564 0.0314
53505.3888 1.5961 0.0167
56833.3526 1.4518 0.0320
53769.6082 1.3913 0.0095
54561.4254 2.3724 0.0104
53146.4901 1.6305 0.0114
54151.6503 1.6334 0.0118
54153.5968 1.6278 0.0109
54117.6461 1.4719 0.0096
54524.5266 2.3883 0.0173
53553.4142 1.5134 0.0111
54144.5888 1.5606 0.0109
53578.3431 1.3714 0.0152
53411.6236 1.5116 0.0101
54511.5807 2.3976 0.0090
54213.5722 1.8692 0.0135
54614.3924 2.4149 0.0116
53936.3074 1.1303 0.0109
54255.3352 1.8781 0.0164
54600.4459 2.3825 0.0276
53446.5324 1.6622 0.0106
54621.4059 2.3812 0.0108
54266.2923 1.8930 0.0110
54557.5455 2.3710 0.0112
54234.4877 1.9181 0.0108
53859.3669 1.0206 0.0146
53200.2667 1.6352 0.0109
53473.5879 1.7869 0.0127
53121.5132 1.7511 0.0106
54591.3863 2.4166 0.0104
54179.5219 1.6546 0.0106
54563.4941 2.3865 0.0118
52813.3474 1.4656 0.0134
54588.5522 2.3712 0.0150
53175.3845 1.6680 0.0104
53883.3893 1.1397 0.0115
53109.5778 1.6896 0.0154
54183.5063 1.6708 0.0114
53551.3290 1.5306 0.0105
53939.3067 1.1118 0.0110
53875.3594 1.1285 0.0100
53772.6264 1.3610 0.0114
52792.4193 1.4340 0.0189
54201.4537 1.8968 0.0115
53527.3526 1.6372 0.0106
54535.5077 2.4689 0.0103
53943.3027 1.1494 0.0110
54259.3128 1.8710 0.0101
53138.4614 1.6743 0.0116
53469.5188 1.8094 0.0112
53178.3751 1.6390 0.0103
53149.3330 1.6189 0.0106
53906.3684 1.0595 0.0125
52722.5967 1.2199 0.0230
53390.6489 1.5575 0.0112
53531.3615 1.5869 0.0110
53916.3248 1.1512 0.0141
53117.4850 1.7340 0.0104
53766.6170 1.3929 0.0099
53495.4394 1.6471 0.0113
52815.2953 1.5212 0.0079
54176.5642 1.6738 0.0108
54124.6309 1.4871 0.0100
54205.4858 1.9239 0.0124
54594.4526 2.3927 0.0107
53165.4100 1.6604 0.0102
54618.4140 2.4492 0.0107
53195.3465 1.6727 0.0104
53743.6336 1.5544 0.0095
54229.4787 1.8872 0.0188
53518.4479 1.6448 0.0241
54538.5772 2.4377 0.0125
54113.6612 1.4512 0.0141
53083.6071 1.7340 0.0113
53855.4161 1.0050 0.0105
53502.3879 1.6433 0.0121
54597.4509 2.3977 0.0106
53892.3770 1.1028 0.0217
54120.6630 1.4624 0.0141
53879.3083 1.0803 0.0111
53500.3158 1.6559 0.0111
53888.4064 1.1141 0.0121
54528.5221 2.4109 0.0095
56712.5038 1.3079 0.0387
52791.4573 1.4341 0.0194
56751.3675 1.4486 0.0404
52721.6238 1.1812 0.0314
57433.5504 1.2068 0.0273
56744.5399 1.4929 0.0430
56837.3458 1.4843 0.0396
56772.5627 1.4982 0.0498
57220.2890 1.7430 0.0320
57542.3828 1.0194 0.0272
57520.3376 1.1216 0.0359
57216.3027 1.6907 0.0325
56715.5752 1.3474 0.0356
56839.3381 1.3720 0.0443
56811.4574 1.5999 0.0378
56783.3699 1.6474 0.0527
56723.5137 1.4290 0.0400
56798.4478 1.6111 0.0436
57547.4163 1.0551 0.0288
57213.3122 1.7028 0.0295
56805.4347 1.5373 0.0413
56831.3404 1.5358 0.0361
57134.4954 1.3294 0.0357
56807.3136 1.6134 0.0373
56778.3210 1.5360 0.0424
56780.3316 1.6908 0.0430
52790.4020 1.4945 0.0385
56841.3435 1.3415 0.0447
56781.3732 1.6316 0.0455
57123.5755 1.3946 0.0542
56776.4836 1.5236 0.0387
56722.4730 1.3792 0.0398
57508.4323 1.1846 0.0300
56809.4820 1.5627 0.0438
57492.5703 1.1848 0.0339
57479.5706 1.1189 0.0362
57223.3876 1.6133 0.0339
56835.3435 1.4754 0.0366
53463.5851 1.7658 0.0214
53523.4194 1.6730 0.0184
56803.4932 1.5359 0.0676
53563.3393 1.4513 0.0234
56741.6338 1.5271 0.0628
57157.4700 1.4754 0.0401
57166.3553 1.5910 0.0461
54620.3574 2.3322 0.0344
57160.5099 1.3994 0.0497
57078.4942 1.0441 0.0465
57185.4913 1.6018 0.0549
53890.4800 1.1536 0.0612
53198.3064 1.8100 0.0936
57105.5754 1.3410 0.0747
57104.5235 1.2190 0.0658
