57420.5729 3.6455 0.0255
56801.3657 4.4804 0.0326
56723.5077 4.2159 0.0329
56715.5691 4.3884 0.0295
56811.4513 4.3776 0.0303
56805.4285 4.3979 0.0326
56807.3075 4.4583 0.0324
56803.4857 4.2832 0.0426
56833.3443 4.3261 0.0336
56741.6252 4.1163 0.0510
57547.4097 4.0296 0.0294
57542.3762 4.1372 0.0288
57157.4616 4.6999 0.0338
56776.4765 4.5367 0.0367
57216.2933 4.1860 0.0307
56831.3332 4.4193 0.0339
57508.4254 4.2626 0.0305
56837.3386 4.2105 0.0361
56841.3356 4.1214 0.0402
57220.2812 4.3822 0.0319
57479.5630 4.3405 0.0337
56839.3306 4.2552 0.0386
56722.4654 4.3079 0.0357
56835.3362 4.2286 0.0342
56809.4753 4.5219 0.0417
57223.3800 4.2631 0.0313
57492.5628 4.1873 0.0314
57520.3300 4.2475 0.0339
57213.3047 4.3258 0.0284
56744.5328 4.3604 0.0386
57134.4871 4.5396 0.0335
57433.5426 3.9784 0.0283
56798.4392 4.4908 0.0353
56781.3661 4.5933 0.0417
57191.4482 4.5149 0.0318
56751.3604 4.3972 0.0381
56772.5552 4.6156 0.0432
56712.4967 4.4034 0.0366
56778.3139 4.6250 0.0391
57160.4787 4.7217 0.0366
52814.3124 4.0636 0.0094
56780.3241 4.5540 0.0484
57166.3467 4.9280 0.0435
56783.3627 4.5488 0.0564
57123.5653 4.3973 0.0564
57185.4814 4.5916 0.0455
57078.4864 4.0757 0.0371
53147.4503 4.7050 0.0109
57104.5101 4.1528 0.0375
57105.5716 4.1470 0.0481
57567.3097 3.8674 0.0989
54620.3618 4.9589 0.0508
