56743.5121 4.1483 0.0237
57420.5518 3.9289 0.0219
56803.4260 4.3163 0.0338
57567.2954 3.4032 0.0265
56741.5973 4.1107 0.0424
56722.4451 4.0605 0.0302
56805.4073 4.2791 0.0310
56715.5487 4.0207 0.0293
57213.2842 4.5580 0.0241
57547.3913 3.4971 0.0238
56751.3409 4.1591 0.0340
56783.3382 4.3617 0.0388
57520.3089 3.6796 0.0289
56811.4307 4.3016 0.0286
57194.4064 4.4658 0.0260
56833.3227 4.4527 0.0293
56712.4774 4.1037 0.0312
57133.5059 3.5352 0.0283
56801.3427 4.3068 0.0320
56807.2870 4.1775 0.0304
57542.3576 3.6266 0.0237
56780.3040 4.3336 0.0356
57223.3595 4.6252 0.0268
56723.4874 4.0372 0.0310
57508.4065 3.7889 0.0250
57157.4404 3.8786 0.0280
56839.3104 4.2127 0.0327
56772.5336 4.3836 0.0362
56744.5508 4.1665 0.0331
56781.3469 4.3385 0.0362
57160.3629 4.0561 0.0239
57479.5434 3.7926 0.0296
57433.5246 3.9846 0.0236
57459.5445 3.9911 0.0267
56841.3149 4.2532 0.0351
56835.3164 4.4273 0.0290
56776.4570 4.3272 0.0309
56778.2946 4.3411 0.0330
56837.3184 4.3196 0.0304
56831.3137 4.3082 0.0289
57216.2727 4.4720 0.0260
57220.2599 4.6094 0.0292
56798.4194 4.3314 0.0288
57078.4407 3.0509 0.0321
56809.4533 4.3157 0.0334
57185.4632 4.4370 0.0347
53475.5639 3.5997 0.0092
57492.5408 3.8273 0.0312
53467.4960 3.6929 0.0080
57134.4700 3.5379 0.0372
57191.4242 4.5302 0.0395
57195.4018 4.5168 0.0416
57123.5349 3.3492 0.0642
57166.3236 4.1166 0.0565
57105.5609 3.3600 0.0452
57460.4772 4.1630 0.0890
53883.4566 3.8194 0.0130
57104.4612 3.4095 0.0490
56721.5940 4.0784 0.1212
57419.5304 4.0556 0.1106
54620.3656 3.4723 0.0487
53770.6182 3.6508 0.0257
