57420.5582 2.2538 0.0294
56743.5383 3.0496 0.0429
56741.6094 3.0431 0.0620
53472.4612 2.5942 0.0079
56744.5188 3.0201 0.0435
56780.3104 2.8934 0.0494
56833.3288 2.6919 0.0406
56807.2931 2.8290 0.0452
57479.5491 2.5528 0.0407
56712.4835 3.1908 0.0434
56778.3007 2.9926 0.0445
56837.3245 2.8252 0.0427
57220.2668 3.0655 0.0358
57567.2988 3.0119 0.0338
56776.4632 3.1508 0.0437
57191.4328 2.7884 0.0367
56831.3199 2.7958 0.0394
57216.2792 2.9553 0.0355
56839.3166 2.8270 0.0452
57223.3660 3.0862 0.0368
56841.3211 2.7323 0.0504
57194.4128 2.8323 0.0356
56722.4512 3.1786 0.0426
57542.3634 2.8633 0.0334
56723.4935 3.1214 0.0481
56805.4134 2.7350 0.0443
57508.4126 2.6361 0.0334
57185.4654 2.7891 0.0409
56781.3529 2.9736 0.0497
57433.5303 2.3676 0.0309
56801.3488 2.8071 0.0436
57492.5483 2.5930 0.0387
57520.3156 2.7351 0.0415
56811.4368 2.6947 0.0393
56772.5406 2.9993 0.0550
56809.4595 2.8046 0.0441
56803.4668 2.7859 0.0498
56798.4255 2.7968 0.0392
56783.3458 2.9093 0.0547
56715.5548 3.1290 0.0403
57160.3693 2.8198 0.0321
57547.3970 2.9738 0.0331
57213.2908 3.0894 0.0327
56835.3225 2.8213 0.0396
56751.3471 3.1450 0.0473
57157.4471 2.8523 0.0394
57123.5441 2.8035 0.0671
57104.4669 2.8067 0.0616
57133.6028 2.8021 0.0534
57459.5499 2.5438 0.0490
57134.4738 2.7313 0.0590
57166.3310 2.8486 0.0674
54620.3631 2.7030 0.0442
