56743.5069 4.9897 0.0317
57420.5495 5.0149 0.0329
57567.2958 4.2998 0.0395
57508.4044 4.6270 0.0375
57194.4042 5.7885 0.0391
56803.4007 4.3771 0.0505
56831.3117 4.6243 0.0426
56835.3144 4.6799 0.0423
57547.3894 4.4186 0.0352
56723.4853 4.5071 0.0456
56741.5892 4.4919 0.0617
56805.4052 4.3755 0.0450
57433.5227 4.9619 0.0351
57459.5423 5.3240 0.0395
57133.4154 5.2989 0.0387
56712.4754 4.6102 0.0463
56715.5467 4.6046 0.0439
56751.3388 4.7462 0.0511
56744.5487 4.7006 0.0490
56841.3128 4.8408 0.0515
57216.2706 5.6510 0.0389
57223.3574 5.6549 0.0397
56837.3164 4.6967 0.0445
56833.3206 4.7242 0.0433
57213.2820 5.6221 0.0358
56722.4431 4.4908 0.0453
57078.4375 5.8113 0.0462
57220.2575 5.5119 0.0440
56839.3084 4.6941 0.0474
56801.3407 4.2531 0.0468
57520.3067 4.6965 0.0421
56809.4513 4.2963 0.0460
57542.3556 4.3836 0.0352
56798.4174 4.3182 0.0415
56807.2850 4.4439 0.0445
56811.4286 4.5135 0.0418
57185.4561 5.9835 0.0533
53467.4922 5.1788 0.0111
57191.4231 5.7337 0.0496
57460.4772 5.3609 0.0978
57160.3618 5.5066 0.0511
56772.5301 4.1521 0.0766
56783.3350 4.4201 0.0822
56780.3008 4.5331 0.0761
57195.4008 5.5606 0.0611
56778.2915 4.3497 0.0712
57479.5424 4.8546 0.0566
57157.4393 5.6218 0.0615
57123.5324 5.2451 0.0774
53883.4566 5.2129 0.0134
56776.4540 4.5347 0.0687
57105.5603 5.4493 0.0607
56781.3438 4.3722 0.0788
57134.4685 5.1498 0.0674
56721.5940 4.5349 0.1271
57492.5393 4.9294 0.0957
57419.5304 5.6638 0.1156
57104.4590 5.6514 0.0763
54620.3656 5.8456 0.0549
53770.6182 6.8551 0.0306
57166.3221 5.6888 0.1140
