57420.5718 2.9387 0.0296
56833.3442 2.8342 0.0358
52814.3124 1.6262 0.0082
56741.6247 2.4098 0.0587
56805.4265 3.0879 0.0424
56781.3651 2.7034 0.0465
57492.5616 3.0479 0.0343
56798.4382 2.9948 0.0391
57542.3753 3.2087 0.0322
56841.3344 2.8105 0.0461
57157.4605 2.9337 0.0371
57520.3289 3.1029 0.0389
56801.3611 3.0289 0.0435
56776.4755 2.5785 0.0400
56809.4728 2.8813 0.0440
56839.3294 2.7625 0.0429
57508.4244 3.1598 0.0339
57191.4470 3.0849 0.0346
56722.4643 2.4242 0.0391
57134.4858 2.9734 0.0361
56835.3351 2.7855 0.0380
56723.5056 2.4411 0.0414
56811.4492 3.0168 0.0387
57223.3789 3.0455 0.0349
57216.2922 2.9216 0.0343
56778.3129 2.6666 0.0433
56783.3617 2.8333 0.0528
57220.2801 2.9576 0.0349
56772.5541 2.6232 0.0490
56807.3055 3.0055 0.0402
56780.3231 2.7189 0.0438
56837.3376 2.7732 0.0404
56831.3322 2.8611 0.0371
57547.4087 3.1811 0.0324
56751.3593 2.5457 0.0420
56744.5318 2.4842 0.0420
56712.4957 2.3828 0.0397
57479.5619 3.3087 0.0384
56715.5670 2.3555 0.0362
57213.3036 3.1098 0.0315
57433.5416 3.1368 0.0315
56803.4819 3.0467 0.0605
57160.4616 2.9969 0.0412
57078.4859 2.8338 0.0371
57166.3455 3.0407 0.0480
57105.5711 2.7994 0.0527
57104.5060 2.9917 0.0440
57185.4795 2.8764 0.0619
57123.5621 2.8074 0.0755
57567.3097 3.0397 0.0908
