57420.5518 10.2887 0.0396
57567.2954 10.4831 0.0343
57213.2842 9.1691 0.0500
57547.3913 10.3404 0.0315
57520.3089 10.3034 0.0342
57133.5059 9.4532 0.0563
57542.3576 10.1729 0.0311
57223.3595 10.0604 0.0561
57479.5434 9.1038 0.0345
57433.5246 9.5831 0.0298
57459.5445 8.9857 0.0322
57194.4064 9.5095 0.0539
57220.2599 9.9577 0.0594
57508.4065 9.6407 0.0314
57185.4632 9.8821 0.0659
57216.2730 9.6167 0.0540
57157.4408 9.8653 0.0626
56743.5233 7.7294 0.0416
56803.4428 7.0608 0.0482
53475.5639 5.5718 0.0096
57492.5408 8.8298 0.0372
57078.4428 5.9579 0.0317
57134.4700 9.5435 0.0781
57160.3642 9.7597 0.0540
56741.6039 8.0406 0.0628
56841.3171 6.1222 0.0514
56801.3447 6.9024 0.0476
56722.4472 8.2333 0.0474
56715.5507 8.7560 0.0476
56723.4894 8.4504 0.0499
56751.3430 7.3265 0.0513
56783.3403 6.7901 0.0570
56772.5360 6.8470 0.0528
56837.3204 5.7289 0.0446
56712.4795 8.9996 0.0501
56778.2967 6.9081 0.0492
56805.4093 6.8219 0.0472
56839.3125 5.8032 0.0485
56811.4327 6.8330 0.0439
56780.3062 6.7524 0.0529
56835.3184 5.8600 0.0427
56744.5528 7.5955 0.0507
56781.3489 6.8193 0.0525
56776.4591 6.9435 0.0460
56798.4214 7.2377 0.0444
56831.3158 5.7062 0.0426
56833.3247 5.7922 0.0425
57195.4018 9.5647 0.0862
56807.2890 6.8064 0.0469
56809.4559 6.7992 0.0532
57123.5349 9.2301 0.1313
57166.3236 1173.5122 0.7906
57105.5609 9.1138 0.1108
57191.4242 9.6427 0.1031
57460.4772 9.0570 0.1005
53467.5081 5.3382 0.0139
57104.4612 9.2182 0.1101
57419.5304 10.3473 0.1236
