57420.5644 7.2050 0.0412
57479.5555 6.2653 0.0303
57520.3223 6.1197 0.0307
57508.4185 6.1597 0.0282
57492.5551 6.3155 0.0292
57542.3692 5.8852 0.0260
57547.4029 5.7136 0.0265
57567.3062 5.5729 0.0330
57433.5369 6.4670 0.0306
57220.2742 6.4571 0.0712
57191.4456 5.6584 0.0384
53496.3516 5.1468 0.0090
56833.3407 6.3639 0.0431
57134.4846 6.3084 0.0423
56839.3248 6.3218 0.0501
56831.3281 6.4873 0.0451
56783.3558 7.1588 0.0621
56805.4223 6.6365 0.0500
56723.5016 8.2072 0.0512
57123.5575 6.5499 0.0578
57160.3779 6.1491 0.0374
57157.4560 6.3678 0.0438
56776.4714 7.3933 0.0485
56798.4341 6.7805 0.0457
56835.3306 6.3954 0.0454
56803.4771 6.5341 0.0571
56837.3334 6.3277 0.0475
56809.4686 6.5349 0.0504
56741.6140 8.0088 0.0659
57216.2878 5.2035 0.0392
56778.3088 7.2749 0.0508
53472.5284 4.8898 0.0116
56801.3570 6.8862 0.0493
56780.3187 7.2533 0.0521
56744.5276 8.1408 0.0522
56751.3553 8.0814 0.0525
57223.3746 5.2019 0.0395
56715.5630 8.3021 0.0479
56781.3610 7.2891 0.0557
56811.4451 6.5964 0.0459
56722.4603 8.3598 0.0495
56807.3013 6.6645 0.0464
56841.3295 6.2522 0.0529
56712.4916 8.2216 0.0505
56772.5497 7.2995 0.0556
57213.2988 5.3968 0.0438
52793.2667 5.0119 0.0311
57104.4873 6.0467 0.0499
53474.4540 4.9881 0.0142
57166.3406 6.1097 0.0716
57185.4755 5.5987 0.0474
57078.4806 6.0855 0.0569
57105.5696 6.4321 0.0913
53388.6169 5.0012 0.0222
53770.6220 4.9834 0.0299
54620.3581 6.4721 0.0558
