52730.5705 6.2543 0.0267
53462.4908 10.8585 0.0342
53847.5741 12.0673 0.0420
53911.3288 11.6124 0.0205
53851.4182 11.9286 0.0181
56801.3749 12.9798 0.0362
53853.4352 11.8066 0.0182
53586.2942 11.4041 0.0139
53524.3013 10.9660 0.0122
54186.5147 10.8692 0.0185
54531.5740 13.7361 0.0129
57420.5809 11.7138 0.0375
53466.6127 10.8514 0.0137
52710.6200 6.3205 0.0141
53583.3046 11.2233 0.0149
54570.4284 12.5967 0.0244
53799.4817 12.2373 0.0214
52817.2960 5.9128 0.0261
54262.4012 13.0635 0.0167
54209.4929 11.7610 0.0150
54624.3824 12.2545 0.0153
53769.6082 12.0644 0.0152
54176.5493 10.3895 0.0153
57191.4580 11.8458 0.0433
53505.3888 10.9892 0.0197
56833.3526 11.3617 0.0444
54561.4254 12.9123 0.0155
53146.4901 8.6024 0.0148
54151.6503 10.0279 0.0164
54153.5968 10.0731 0.0158
54117.6461 9.4000 0.0141
54524.5266 13.7815 0.0213
53553.4142 10.5200 0.0160
54144.5888 9.4859 0.0153
53578.3431 11.1355 0.0202
53411.6236 10.7843 0.0151
54511.5807 13.8561 0.0149
54213.5722 11.7042 0.0186
54614.3924 12.1728 0.0167
53936.3074 11.7672 0.0168
54255.3352 12.8352 0.0202
54600.4459 11.9749 0.0295
53446.5324 10.9383 0.0154
54621.4059 12.2798 0.0161
52790.4028 5.9848 0.1313
54266.2923 13.3138 0.0167
54557.5455 12.9802 0.0166
54234.4877 12.1624 0.0162
53859.3669 11.8314 0.0188
53200.2667 9.5458 0.0148
53473.5879 10.8066 0.0170
53121.5132 8.2090 0.0140
54591.3863 12.2289 0.0154
54179.5219 10.4393 0.0152
54563.4941 12.8752 0.0170
52813.3474 5.9833 0.0160
54588.5522 12.3485 0.0196
53175.3845 9.2904 0.0146
53883.3893 11.8865 0.0172
53109.5778 8.0809 0.0183
54183.5063 10.6763 0.0162
53551.3290 10.5443 0.0151
53939.3067 11.7954 0.0168
53875.3594 11.8460 0.0160
53772.6264 11.9579 0.0173
52792.4193 5.9962 0.0212
54201.4537 11.7038 0.0166
53527.3526 10.9760 0.0153
54535.5077 13.6868 0.0160
53943.3027 11.8374 0.0170
54259.3128 13.0197 0.0160
53138.4614 8.4234 0.0150
53469.5188 10.8739 0.0158
53178.3751 9.3988 0.0143
53149.3330 8.6393 0.0139
53906.3684 11.0952 0.0183
52722.5967 6.3551 0.0244
53390.6489 10.7922 0.0158
53531.3615 10.8819 0.0158
53916.3248 10.9915 0.0191
53117.4850 8.0299 0.0137
53766.6170 12.0235 0.0161
53495.4394 10.4146 0.0158
53855.4161 11.8490 0.0162
54124.6309 9.5597 0.0145
54205.4858 11.8479 0.0174
54594.4526 12.0968 0.0158
53165.4100 9.0536 0.0141
54618.4140 12.2868 0.0157
53195.3465 9.5023 0.0145
53743.6336 11.2267 0.0150
54229.4787 11.9835 0.0223
53518.4479 11.0692 0.0265
54538.5772 13.6004 0.0184
54113.6612 9.2530 0.0172
53083.6071 7.5105 0.0144
53502.3879 10.7307 0.0162
54597.4509 12.0123 0.0156
53892.3770 11.7475 0.0246
54120.6630 9.4903 0.0177
53879.3083 11.9150 0.0170
53500.3158 10.6587 0.0155
53888.4064 11.8169 0.0173
54528.5221 13.9475 0.0151
56712.5038 11.0566 0.0531
52791.4573 6.0127 0.0218
56751.3675 11.9767 0.0558
52721.6238 6.3164 0.0325
57433.5504 11.8283 0.0452
56744.5399 12.6643 0.0592
56837.3458 11.3020 0.0544
56772.5627 12.5576 0.0636
57220.2890 11.0198 0.0460
57542.3828 12.6017 0.0463
57520.3376 12.1224 0.0491
57216.3027 11.0382 0.0475
56715.5752 10.9213 0.0508
56839.3381 11.1002 0.0589
56811.4574 12.1989 0.0538
56741.6340 12.3037 0.0731
56783.3699 12.8013 0.0654
56723.5137 10.9308 0.0544
56798.4478 13.0963 0.0585
57547.4163 12.3923 0.0478
57213.3122 11.0817 0.0434
56805.4347 12.8389 0.0579
56831.3404 11.4925 0.0519
57134.4954 12.6199 0.0503
56807.3136 12.4046 0.0546
56778.3210 12.7485 0.0588
56780.3316 12.7331 0.0584
56841.3435 10.9657 0.0574
56781.3732 12.8399 0.0610
57123.5755 12.6806 0.0627
56776.4836 12.7731 0.0549
52698.6091 6.6326 0.0182
56722.4730 10.9982 0.0546
57508.4323 12.4915 0.0483
56809.4820 12.5665 0.0597
57492.5703 12.5436 0.0508
57479.5706 12.4376 0.0495
57223.3876 10.7543 0.0469
56835.3435 11.2770 0.0521
53463.5851 10.8237 0.0257
52815.2957 5.9925 0.0107
53523.4194 11.0541 0.0235
56803.4932 13.0527 0.0862
53563.3393 10.5772 0.0286
57157.4700 12.2501 0.0557
57166.3553 11.9128 0.0611
54620.3574 12.1837 0.0499
57160.5099 12.1604 0.0700
57078.4942 12.8013 0.0706
57185.4913 11.7692 0.0717
53890.4800 11.6836 0.0875
53198.3064 9.5174 0.1015
57105.5754 12.6326 0.1109
57104.5235 12.8192 0.1024
