57420.5622 7.9564 0.0277
57479.5555 8.6097 0.0330
57433.5360 8.5480 0.0297
57520.3223 8.2089 0.0332
56833.3388 6.7097 0.0335
57508.4185 8.4932 0.0316
57567.3051 7.7541 0.0326
57542.3692 8.1771 0.0294
57492.5551 8.4884 0.0324
57547.4029 8.1527 0.0300
57123.5539 7.0900 0.0458
57134.4814 7.1175 0.0389
57157.4526 7.0313 0.0369
56751.3522 7.3533 0.0425
57220.2722 7.2763 0.0347
56722.4572 7.7740 0.0401
56841.3264 6.9173 0.0441
57223.3714 7.4202 0.0350
56778.3058 7.1489 0.0415
56801.3539 6.8335 0.0407
56776.4683 7.3464 0.0404
57160.3746 7.0702 0.0320
56803.4735 6.9375 0.0451
57213.2962 7.2823 0.0322
56805.4192 6.9317 0.0414
56783.3510 7.0369 0.0483
56809.4654 6.8467 0.0422
56807.2983 6.9052 0.0392
56781.3580 6.9514 0.0445
56835.3276 6.8540 0.0377
56811.4420 6.9270 0.0382
56798.4311 7.0073 0.0375
56744.5245 7.3825 0.0408
56741.6096 7.3374 0.0527
56780.3156 7.1481 0.0430
56712.4886 7.7336 0.0407
57191.4386 7.0419 0.0359
56839.3217 6.8368 0.0413
56831.3250 6.7608 0.0374
56723.4985 7.6122 0.0413
56837.3301 6.7886 0.0397
56715.5599 7.6833 0.0386
57216.2845 7.2898 0.0352
56772.5463 7.4353 0.0465
53496.3516 7.6845 0.0097
57133.6087 7.0750 0.0536
57104.4838 6.9691 0.0576
57185.4728 7.1105 0.0554
57166.3377 6.8605 0.0463
52793.2667 7.8318 0.0330
57078.4761 6.7898 0.0519
53388.6201 6.3163 0.0174
53770.6220 7.7713 0.0340
