56743.5069 11.6433 0.0375
52698.6084 8.7262 0.0128
57420.5495 14.8193 0.0421
57567.2958 14.6929 0.0554
52816.2955 8.3485 0.0111
56781.3448 11.6030 0.0646
57508.4044 16.1992 0.0552
56776.4550 11.5190 0.0576
56780.3019 11.3329 0.0621
56803.4007 11.8510 0.0624
56831.3117 12.2394 0.0550
56778.2926 11.4869 0.0602
56835.3144 12.2466 0.0545
57542.3556 14.7624 0.0518
57547.3894 14.7265 0.0518
56723.4853 12.1265 0.0576
56741.5892 11.6682 0.0705
56805.4052 12.0122 0.0574
57433.5227 15.5204 0.0511
56839.3084 12.1044 0.0591
57459.5423 16.5672 0.0564
57160.3607 12.7409 0.0475
56712.4754 12.5557 0.0586
57133.4154 12.9081 0.0499
57194.4042 10.6869 0.0472
56715.5467 12.4434 0.0564
57157.4382 12.9425 0.0540
56744.5487 11.7161 0.0599
56841.3128 11.9142 0.0613
57216.2706 9.9197 0.0468
57223.3574 10.2491 0.0475
56751.3388 11.5710 0.0612
56837.3164 12.2098 0.0564
56833.3206 12.3183 0.0554
57479.5414 16.6260 0.0548
57213.2820 9.9355 0.0433
56722.4431 12.0960 0.0577
57078.4375 14.2187 0.0568
57220.2575 10.2118 0.0505
56772.5313 11.4470 0.0626
56801.3407 12.2094 0.0593
57520.3067 15.6462 0.0549
56809.4513 12.1688 0.0590
56783.3361 11.3923 0.0655
56798.4174 11.6296 0.0531
56807.2850 11.9631 0.0577
56811.4286 12.1187 0.0540
57185.4561 11.5419 0.0636
57492.5382 16.5941 0.0714
57191.4231 11.0141 0.0599
57460.4772 16.4859 0.1229
57195.4008 10.6045 0.0742
57166.3209 12.6353 0.0920
57123.5324 13.3147 0.0889
57105.5603 14.1815 0.0805
57134.4685 12.9975 0.0852
56721.5940 12.0171 0.1520
57419.5304 14.7922 0.1365
57104.4590 13.8377 0.1033
54620.3656 14.9066 0.0743
53770.6182 12.5158 0.0370
