56743.5381 1.5912 0.0418
57420.5572 1.2912 0.0405
57160.3682 1.4397 0.0419
56781.3519 1.5440 0.0670
57542.3624 1.4082 0.0417
57191.4316 1.4707 0.0495
57492.5472 1.3491 0.0462
57547.3961 1.2578 0.0418
56751.3461 1.5883 0.0633
56837.3235 1.5119 0.0567
56772.5395 1.4491 0.0782
57216.2781 1.4058 0.0480
57104.4664 1.4014 0.0410
57157.4460 1.5258 0.0533
56780.3093 1.7382 0.0666
56833.3278 1.5203 0.0535
57220.2657 1.4038 0.0463
57520.3145 1.3226 0.0543
56778.2997 1.6598 0.0598
56776.4622 1.4909 0.0563
57185.4642 1.2270 0.0545
57123.5435 1.3616 0.0727
56715.5538 1.7181 0.0537
56798.4244 1.5744 0.0521
57213.2898 1.5008 0.0424
56783.3448 1.6661 0.0755
57459.5499 1.4297 0.0459
56723.4924 1.6044 0.0614
57223.3649 1.5425 0.0488
56805.4124 1.2921 0.0582
53472.5031 1.5706 0.0130
56835.3214 1.4964 0.0523
57508.4116 1.3934 0.0427
56807.2921 1.5793 0.0623
56741.6003 1.5611 0.0855
57194.4118 1.4520 0.0473
56722.4502 1.4546 0.0561
56803.4657 1.5274 0.0671
57433.5294 1.3750 0.0410
57479.5481 1.2907 0.0580
56839.3155 1.4904 0.0595
56801.3478 1.6395 0.0586
57567.2978 1.3257 0.0426
56744.5177 1.5063 0.0576
56831.3189 1.6730 0.0531
56841.3201 1.5549 0.0688
56712.4825 1.5886 0.0574
56811.4358 1.4986 0.0523
56809.4585 1.4567 0.0588
57166.3297 1.6935 0.0917
57133.5998 1.2523 0.0958
54620.3631 1.5669 0.0433
57134.4730 1.5716 0.0787
