52730.5705 4.4078 0.0259
57420.5786 5.2352 0.0226
53462.4908 5.5083 0.0330
53847.5741 4.8454 0.0412
53911.3288 3.7317 0.0176
53851.4182 4.4035 0.0155
56801.3749 4.3709 0.0295
53853.4352 4.8655 0.0159
53586.2942 5.7529 0.0120
57191.4555 3.9740 0.0258
53524.3013 6.8980 0.0109
54186.5147 5.1445 0.0170
52698.6084 5.0084 0.0111
56833.3518 4.3176 0.0302
57547.4144 4.1753 0.0249
56798.4450 4.5459 0.0320
54531.5740 5.5965 0.0098
57508.4303 3.8530 0.0251
57213.3100 4.4833 0.0240
57220.2868 3.8584 0.0258
56741.6309 4.5620 0.0446
56772.5606 4.9094 0.0371
57520.3354 4.0979 0.0282
56744.5379 4.7103 0.0334
57433.5482 4.9941 0.0248
56751.3655 4.7003 0.0317
56783.3679 4.5476 0.0387
56781.3712 4.3898 0.0355
57216.3001 4.2249 0.0259
56780.3295 4.4509 0.0331
57492.5682 3.7008 0.0270
57223.3854 4.0330 0.0264
56778.3190 4.5285 0.0327
56776.4816 4.6099 0.0308
57479.5684 4.1243 0.0282
57123.5727 4.4728 0.0395
57134.4930 4.5022 0.0286
57542.3810 4.2560 0.0239
53466.6127 5.3321 0.0117
57157.4671 3.7282 0.0292
52710.6200 5.0272 0.0138
53583.3046 5.7265 0.0126
56712.5028 5.1264 0.0362
54570.4284 6.4442 0.0230
56837.3448 4.4070 0.0360
56722.4718 5.2020 0.0370
57166.3533 4.0456 0.0336
53799.4817 4.5612 0.0174
56831.3394 4.5625 0.0338
52817.2960 4.7342 0.0249
56839.3371 4.3433 0.0394
56723.5127 5.3431 0.0378
56809.4807 4.4471 0.0405
54262.4012 5.7518 0.0137
56841.3424 4.4521 0.0390
57160.5069 3.7431 0.0315
54209.4929 6.0697 0.0124
56807.3126 4.0245 0.0344
54624.3824 6.3131 0.0125
56715.5742 5.1417 0.0341
53505.3888 6.3177 0.0182
56805.4337 4.2636 0.0368
56835.3425 4.4352 0.0341
53769.6082 4.1249 0.0112
54561.4254 6.3831 0.0126
53146.4901 5.2425 0.0134
54151.6503 5.4697 0.0141
54153.5968 5.3978 0.0133
54117.6461 5.9151 0.0124
54524.5266 5.4274 0.0184
53553.4142 5.9614 0.0137
54144.5888 5.5403 0.0133
53578.3431 5.6461 0.0175
53411.6236 5.3869 0.0124
54511.5807 5.4268 0.0108
54213.5722 5.9889 0.0158
54614.3924 6.3896 0.0139
53936.3074 4.6262 0.0129
54255.3352 6.3664 0.0180
54600.4459 6.5197 0.0283
53200.2667 6.1018 0.0135
54621.4059 6.3025 0.0131
54266.2923 6.0925 0.0134
54557.5455 6.1890 0.0133
54234.4877 6.3153 0.0134
53859.3669 4.8081 0.0162
53473.5879 5.8735 0.0147
53121.5132 4.8845 0.0124
54591.3863 6.2889 0.0126
54179.5219 5.1810 0.0126
54563.4941 6.4659 0.0140
52813.3474 4.9321 0.0156
54588.5522 6.3415 0.0169
53175.3845 6.4703 0.0135
53883.3893 4.9104 0.0136
54183.5063 5.0363 0.0134
53551.3290 5.7430 0.0128
53939.3067 4.8288 0.0131
53875.3594 4.9939 0.0125
54205.4858 5.9385 0.0146
52792.4193 4.6832 0.0208
54201.4537 5.8603 0.0138
54535.5077 5.9384 0.0123
53446.5324 6.0275 0.0131
53943.3027 4.8680 0.0132
54259.3128 6.1127 0.0126
53138.4614 5.2177 0.0136
53109.5778 4.6349 0.0169
53469.5188 5.6086 0.0133
53178.3751 6.4082 0.0132
53149.3330 5.1971 0.0126
53906.3684 3.6877 0.0140
52722.5967 4.6611 0.0243
53390.6489 5.6359 0.0134
53531.3615 6.5074 0.0137
53916.3248 3.5792 0.0152
53117.4850 5.3490 0.0126
53766.6170 4.1675 0.0118
53495.4394 6.5537 0.0140
52815.2953 4.9556 0.0093
54176.5642 5.4488 0.0130
54124.6309 5.4607 0.0125
57185.4868 4.0911 0.0403
54594.4526 6.4132 0.0130
53165.4100 6.1471 0.0129
54618.4140 6.3053 0.0128
53527.3526 6.8112 0.0134
53122.4995 4.8066 0.0084
53772.6264 3.9458 0.0130
53195.3465 6.2186 0.0131
56803.4918 4.4258 0.0541
53743.6336 4.4973 0.0114
54229.4787 6.3147 0.0204
53500.3158 6.4292 0.0136
53518.4479 6.6760 0.0255
54538.5772 6.0179 0.0146
54113.6612 5.8631 0.0161
53083.6071 5.4180 0.0135
53855.4161 4.8511 0.0128
53502.3879 6.4800 0.0145
54597.4509 6.2012 0.0127
53892.3770 3.8649 0.0222
54120.6630 5.7823 0.0163
53879.3083 4.8648 0.0133
53888.4064 4.6335 0.0139
54528.5221 5.5095 0.0112
52791.4573 4.8128 0.0214
52721.6238 4.7071 0.0327
56811.4574 4.2970 0.0425
57078.4920 4.7298 0.0378
52790.4020 4.8240 0.0398
53463.5851 5.4257 0.0232
53523.4194 6.8877 0.0213
57105.5738 4.8850 0.0492
53563.3393 5.8677 0.0259
54620.3574 6.2510 0.0410
57104.5208 4.8325 0.0491
53890.4800 4.5362 0.0695
53198.3064 6.2215 0.0983
54619.3119 6.0409 0.0714
