56743.5069 2.5112 0.0294
57420.5495 1.6448 0.0298
53467.4922 3.2422 0.0078
56781.3448 2.5365 0.0518
57508.4044 1.6394 0.0322
56776.4550 2.6480 0.0435
56780.3019 1.8283 0.0482
56803.4007 2.4675 0.0477
56831.3117 2.0828 0.0384
57567.2972 1.4127 0.0371
56778.2926 1.7845 0.0447
56835.3144 2.1200 0.0381
57542.3556 1.6556 0.0301
57547.3894 1.6278 0.0301
56723.4853 2.7292 0.0428
56741.5892 2.3748 0.0591
56805.4052 2.4258 0.0419
57433.5227 1.7687 0.0295
56839.3084 2.2630 0.0437
57459.5423 1.6428 0.0332
57160.3607 2.3897 0.0317
56712.4754 2.6124 0.0432
57133.4154 2.6875 0.0348
57194.4042 2.3282 0.0339
56715.5467 2.7577 0.0410
57157.4382 2.3364 0.0382
56744.5487 2.5226 0.0458
56841.3128 2.3793 0.0484
57216.2706 2.2101 0.0333
57223.3574 2.3184 0.0346
56751.3388 2.4418 0.0478
56837.3164 2.3541 0.0409
56833.3206 2.0917 0.0391
57479.5414 1.6774 0.0365
57213.2820 2.2038 0.0305
56722.4431 2.6926 0.0425
57078.4375 2.2120 0.0421
57220.2575 2.1443 0.0403
56772.5313 2.5327 0.0505
56801.3407 2.4880 0.0441
57520.3067 1.6793 0.0385
56809.4513 2.5526 0.0432
56783.3361 2.5069 0.0542
56798.4174 2.5486 0.0387
56807.2850 2.4153 0.0411
56811.4286 2.5417 0.0386
57492.5382 1.6465 0.0442
57185.4561 2.3408 0.0474
57191.4231 2.3005 0.0434
57460.4772 1.7395 0.0891
57195.4008 2.2109 0.0532
57166.3209 2.3358 0.0703
57123.5324 2.9002 0.0745
53883.4566 9.7352 0.0161
57105.5603 2.0689 0.0527
53884.4341 10.1799 0.0167
57134.4685 2.7893 0.0621
56721.5940 2.6438 0.1207
57419.5304 1.4543 0.1071
57104.4590 2.1719 0.0644
54620.3656 5.4896 0.0537
53770.6182 6.7233 0.0304
