57420.5637 8.3447 0.0245
56833.3401 8.9460 0.0311
57134.4835 9.5156 0.0353
57191.4420 9.4195 0.0324
57220.2733 8.7866 0.0321
56831.3260 9.0132 0.0349
56772.5475 9.2316 0.0417
57160.3757 9.6117 0.0303
57492.5551 8.9990 0.0325
56805.4202 9.0476 0.0380
56723.4995 9.2964 0.0377
56715.5609 9.3080 0.0352
57479.5555 9.0517 0.0330
56807.2993 9.0610 0.0364
56781.3590 9.2189 0.0410
57216.2856 9.0957 0.0321
57433.5360 8.9572 0.0297
56811.4430 9.0687 0.0354
56741.6111 9.2030 0.0472
57520.3223 8.9538 0.0334
56839.3227 8.9777 0.0382
57508.4185 9.0224 0.0317
57547.4029 9.1419 0.0306
56780.3166 9.1378 0.0391
56751.3532 9.3465 0.0387
57157.4538 9.5870 0.0340
56835.3286 8.9810 0.0351
57223.3725 8.9376 0.0319
56837.3312 8.9742 0.0367
57567.3051 8.7518 0.0333
56722.4582 9.3461 0.0364
56798.4321 9.1596 0.0348
56809.4665 9.0845 0.0389
57542.3692 8.9831 0.0298
57123.5544 9.5829 0.0419
56783.3528 9.1438 0.0445
56841.3274 9.0174 0.0400
56712.4896 9.4115 0.0370
56778.3068 9.2485 0.0382
56744.5255 9.2265 0.0376
56803.4747 9.1254 0.0419
56801.3549 9.0025 0.0373
56776.4694 9.2997 0.0369
57213.2967 9.1919 0.0325
57078.4779 10.0588 0.0430
53496.3516 10.3776 0.0106
57166.3385 9.6112 0.0453
57133.6087 9.6616 0.0566
57104.4838 9.4285 0.0482
57185.4728 9.2812 0.0435
52793.2667 8.4889 0.0336
53388.6201 8.9611 0.0190
57105.5696 9.8383 0.1034
53770.6220 8.7397 0.0352
54620.3581 9.0770 0.0630
