53851.4197 18.6423 0.0219
53911.3271 18.1649 0.0261
52698.6084 19.7455 0.0171
53462.4794 15.9309 0.0932
57479.5189 20.8205 0.0422
53524.2997 15.7301 0.0155
54186.5147 18.2457 0.0220
57420.5453 17.3976 0.0430
56743.5101 20.3104 0.0526
56803.4112 20.0217 0.0525
56741.5899 19.7041 0.0652
56811.4234 20.2027 0.0525
56778.2875 19.3045 0.0567
57520.3008 22.8249 0.0591
56831.3066 20.2010 0.0533
56837.3096 20.1478 0.0540
56723.4803 12.4332 0.0479
56835.3093 19.9599 0.0525
52817.2960 18.0577 0.0365
57567.2855 22.0624 0.0522
57542.3509 22.5851 0.0484
56744.5344 20.2176 0.0546
56841.3074 19.9007 0.0577
56801.3352 20.2566 0.0572
57508.3994 22.6000 0.0500
56839.3033 20.0243 0.0557
57459.5373 8.6585 0.0369
56715.5416 19.1106 0.0538
56807.2799 20.3247 0.0577
56809.4460 20.0807 0.0568
56721.5901 20.4157 0.0604
57492.5332 23.6331 0.0551
53847.5602 17.6691 0.0325
57460.4734 23.5261 0.0529
56798.4117 20.0495 0.0516
56780.2967 16.3934 0.0555
56805.4000 20.0772 0.0536
56833.3155 20.1769 0.0530
53586.2910 15.6990 0.0201
56751.3336 9.2745 0.0492
52813.3474 17.9656 0.0223
52792.4193 17.6715 0.0276
53109.5778 17.4391 0.0226
54176.5450 16.9055 0.0202
52815.2953 18.6303 0.0134
52710.6166 19.2904 0.0232
53083.6071 17.8739 0.0193
53505.3877 16.2448 0.0233
53466.6077 14.9506 0.0213
52791.4573 17.4236 0.0281
53943.3011 18.5406 0.0225
53799.4769 18.3274 0.0222
54591.3855 18.4719 0.0203
57220.2508 20.6641 0.0993
57160.3564 19.0060 0.0525
54588.5514 18.3567 0.0250
54600.4451 18.5169 0.0346
53138.4597 17.3462 0.0214
53175.3837 11.8836 0.0178
53853.4076 18.6530 0.0265
53195.3443 17.6632 0.0202
54624.3808 18.2689 0.0222
57194.3999 20.1378 0.0561
54262.3996 18.3371 0.0231
53463.5851 16.3226 0.0281
57157.4336 19.0467 0.0550
53518.4463 16.9170 0.0312
57433.5183 23.1612 0.0521
57223.3531 20.7209 0.0571
56829.3208 20.2813 0.0749
54531.5631 18.7581 0.0206
53165.4092 16.5886 0.0196
56800.5027 19.9936 0.0952
57213.2777 20.3217 0.0533
57133.4106 18.8956 0.0511
57547.3854 22.4922 0.0533
53936.3058 18.3726 0.0221
54594.4518 18.1053 0.0208
53769.6066 17.9863 0.0222
53200.2651 17.4201 0.0206
53551.3274 13.1535 0.0182
54561.4238 18.5039 0.0221
54597.4501 18.3395 0.0207
53939.3051 18.4804 0.0220
52722.5953 15.3099 0.0305
53531.3598 16.3149 0.0204
53178.3743 17.4531 0.0202
54511.5791 18.9678 0.0191
53527.3510 16.8207 0.0199
53523.4194 16.5755 0.0262
53553.4110 15.6247 0.0235
54144.5856 18.7232 0.0252
53883.3861 17.9389 0.0256
53859.3637 18.1982 0.0271
54528.5189 18.8626 0.0221
53146.4857 18.9322 0.0248
53446.5291 17.2364 0.0235
54213.5690 18.4516 0.0278
54151.6471 18.9241 0.0263
53411.6201 16.1631 0.0229
54153.5936 16.8444 0.0250
54524.5235 18.6838 0.0301
57191.4184 20.0578 0.0713
54614.3892 18.2306 0.0255
54535.5045 18.8036 0.0237
53121.5100 18.2643 0.0242
54179.5187 18.5180 0.0243
57419.5251 23.1085 0.0862
54557.5423 14.5333 0.0228
54618.4108 18.3907 0.0235
53855.4128 18.7087 0.0248
54255.3320 19.0917 0.0276
53879.3051 18.1663 0.0254
53875.3562 18.1481 0.0242
53743.6289 17.1594 0.0231
53500.3126 16.7681 0.0232
53772.6232 17.9015 0.0264
54183.5032 18.4365 0.0254
53473.5847 16.2170 0.0248
53149.3298 19.3762 0.0239
53906.3652 17.3708 0.0271
53916.3216 15.9540 0.0265
54201.4505 18.3971 0.0251
53563.3393 15.5482 0.0314
53495.4362 16.5577 0.0241
54259.3097 19.0409 0.0240
53469.5156 14.9849 0.0226
53583.2980 15.2357 0.0246
53390.6457 16.8555 0.0237
53117.4813 18.5591 0.0239
53578.3399 15.2556 0.0290
54209.4881 18.5671 0.0251
53502.3846 15.5444 0.0233
54124.6277 19.4895 0.0248
54266.2891 18.9610 0.0250
53766.6138 17.8085 0.0245
54205.4826 18.5038 0.0264
54113.6580 19.7263 0.0260
54563.4908 18.5791 0.0255
53892.3738 15.6494 0.0327
54117.6429 19.4550 0.0242
54621.4027 18.2857 0.0241
54120.6598 19.3967 0.0265
54229.4755 14.9062 0.0299
53888.4032 17.7755 0.0259
54234.4846 15.3805 0.0228
54538.5740 18.6475 0.0269
54570.4236 18.3477 0.0375
54620.3574 18.4935 0.0590
56776.4519 20.3872 0.0920
56783.3329 20.4183 0.0997
52721.6212 10.3884 0.0480
57216.2674 20.4889 0.0792
57185.4502 19.7842 0.0870
57134.4666 18.9210 0.0881
57195.3988 19.4772 0.0875
56772.5279 20.5232 0.0952
56711.5225 15.9000 0.1071
57155.3464 11.1867 0.2589
56781.3417 20.3288 0.1017
57104.4484 18.6705 0.0756
56712.4724 19.9620 0.0910
52790.4061 16.5752 0.6542
57078.4234 17.5402 0.0703
53890.4800 17.6574 0.1012
56722.4406 20.2664 0.1433
53198.3064 17.4668 0.1117
54619.3119 18.7726 0.1019
57166.3176 19.1478 0.1332
57105.5577 18.6326 0.1213
57123.5290 19.0699 0.1595
