57420.5582 4.8246 0.0317
53472.4709 3.7522 0.0068
56743.5383 5.1672 0.0454
56744.5188 5.2023 0.0467
56780.3104 5.7526 0.0532
56833.3288 5.7593 0.0455
56807.2931 5.8777 0.0505
57479.5491 4.8435 0.0436
56712.4835 4.5540 0.0454
56778.3007 5.8240 0.0487
56837.3245 5.7136 0.0471
57220.2668 5.0463 0.0389
57567.2988 4.1395 0.0357
56776.4632 5.6348 0.0475
57191.4328 5.9542 0.0413
56831.3199 5.8420 0.0444
57216.2792 5.2090 0.0394
56839.3166 5.7211 0.0495
57223.3660 4.9701 0.0397
56841.3211 5.5994 0.0540
57194.4128 5.8695 0.0402
56722.4512 4.7496 0.0449
57542.3634 4.2602 0.0358
56723.4935 4.9527 0.0509
56805.4134 5.8666 0.0492
57508.4126 4.5228 0.0365
57185.4654 6.0340 0.0451
56781.3529 5.7728 0.0535
57433.5303 4.8901 0.0354
56801.3488 5.8786 0.0481
57492.5483 4.7680 0.0421
57520.3156 4.3186 0.0433
56811.4368 5.8230 0.0443
56772.5406 5.5421 0.0581
56809.4595 5.8251 0.0487
56803.4668 5.8040 0.0539
56798.4255 5.8491 0.0439
56783.3458 5.8489 0.0580
56715.5548 4.6120 0.0426
57160.3693 6.7481 0.0382
57547.3970 4.1831 0.0351
57213.2908 5.2546 0.0362
56835.3225 5.6799 0.0442
56751.3471 5.4367 0.0505
57157.4471 6.7522 0.0450
57123.5441 7.0130 0.0716
57104.4669 6.7329 0.0684
56741.6137 5.5020 0.1010
57133.6028 6.9284 0.0599
57459.5499 4.8532 0.0543
57134.4738 6.9656 0.0682
57166.3310 6.4762 0.0743
54620.3631 6.3997 0.0538
