57420.5582 18.9806 0.0419
56743.5383 15.4617 0.0557
56741.6094 15.6556 0.0715
53472.4934 13.1566 0.0123
56780.3104 15.6354 0.0636
56833.3288 16.2517 0.0589
56807.2931 16.0749 0.0645
57479.5491 18.9661 0.0589
56712.4835 15.5746 0.0590
56778.3007 15.7964 0.0606
56837.3245 16.2425 0.0601
57220.2668 18.8908 0.0554
57567.2988 18.8305 0.0561
56776.4632 15.7984 0.0598
57191.4328 18.6118 0.0552
56831.3199 16.3850 0.0578
57216.2792 18.9739 0.0565
56839.3166 16.1553 0.0623
57223.3660 18.8134 0.0560
56841.3211 15.9765 0.0641
57194.4128 18.6528 0.0550
56744.5188 15.6602 0.0591
57542.3634 19.0495 0.0560
56723.4935 15.4837 0.0640
56805.4134 16.0754 0.0614
57508.4126 18.8544 0.0552
57185.4654 18.4093 0.0575
56781.3529 15.8217 0.0640
57433.5303 19.1789 0.0542
56801.3488 16.0331 0.0599
57492.5483 18.1342 0.0590
57520.3156 18.8731 0.0575
56811.4368 16.1119 0.0574
56772.5406 15.5735 0.0675
56809.4595 15.9341 0.0616
56803.4668 15.7486 0.0650
56798.4255 15.8689 0.0560
56783.3458 15.8049 0.0669
56715.5548 15.6761 0.0570
57160.3693 18.5903 0.0517
57547.3970 19.0008 0.0552
57213.2908 18.7654 0.0521
56722.4512 15.5869 0.0586
56835.3225 16.2959 0.0577
56751.3471 15.6579 0.0623
57157.4471 18.6437 0.0578
57133.6028 18.3647 0.0739
57123.5441 18.2257 0.0807
57104.4669 18.9844 0.0870
57459.5499 19.1029 0.0795
57134.4738 18.6036 0.0878
57166.3310 18.6795 0.0926
54620.3631 12.5413 0.0688
53496.3452 13.5801 0.0266
