56743.5383 1.5268 0.0410
53472.4902 1.3636 0.0072
56744.5188 1.6098 0.0410
56780.3104 1.4934 0.0471
56833.3288 1.1501 0.0378
57479.5491 0.7533 0.0379
56712.4835 1.3225 0.0402
56778.3007 1.4215 0.0418
56837.3245 1.1762 0.0398
57220.2668 0.9059 0.0320
56776.4632 1.5632 0.0410
57191.4328 0.7549 0.0335
56831.3199 1.1512 0.0364
57216.2792 0.7781 0.0317
56839.3166 1.0852 0.0421
57223.3660 0.7751 0.0329
56841.3211 1.1327 0.0482
57194.4128 0.7988 0.0321
57508.4126 0.6793 0.0295
56722.4512 1.3573 0.0392
56807.2931 1.3897 0.0425
56723.4935 1.2752 0.0448
56805.4134 1.3768 0.0417
57185.4654 0.8554 0.0383
56781.3529 1.4939 0.0474
56801.3488 1.3388 0.0410
57520.3156 0.7409 0.0389
56811.4368 1.2497 0.0365
56772.5406 1.5175 0.0532
56809.4595 1.2876 0.0411
56803.4668 1.4289 0.0477
56798.4255 1.2519 0.0365
56783.3458 1.2568 0.0524
56715.5548 1.2037 0.0368
57213.2908 0.8280 0.0289
56835.3225 1.1581 0.0365
56751.3471 1.5377 0.0445
57157.4471 0.7764 0.0363
57160.3691 0.7565 0.0313
57547.3975 0.6914 0.0324
56741.6137 1.5862 0.0951
57104.4669 0.7823 0.0578
57542.3643 0.7231 0.0424
57123.5435 0.8018 0.0721
57134.4738 3.0064 0.0599
57166.3310 0.7889 0.0630
57433.5298 0.7043 0.0403
57492.5483 0.7395 0.0484
57459.5493 0.6502 0.0724
57420.5388 0.7115 0.0652
57567.2973 0.7595 0.0629
57133.5998 0.8152 0.0942
54620.3631 0.8317 0.0410
