53524.3013 0.7807 0.0081
53911.3319 0.7512 0.0142
54186.5147 0.8726 0.0153
53853.4348 0.8108 0.0133
53851.4201 0.8100 0.0117
52730.5789 0.7110 0.0158
57420.5763 0.8346 0.0286
53466.6127 0.7550 0.0093
53586.2934 0.8310 0.0109
54531.5690 0.8429 0.0077
53583.3046 0.8526 0.0098
54570.4284 0.7890 0.0209
53799.4817 0.7825 0.0147
54624.3824 0.8094 0.0089
53505.3888 0.7766 0.0156
54561.4254 0.8574 0.0091
53146.4901 0.7043 0.0103
54151.6503 0.9129 0.0108
54153.5968 0.9155 0.0099
54117.6461 0.9315 0.0088
54524.5266 0.8339 0.0161
54144.5888 0.8853 0.0101
53578.3431 0.8325 0.0141
53411.6236 0.7768 0.0092
54511.5807 0.8648 0.0075
54614.3924 0.8096 0.0101
53936.3074 0.7598 0.0100
54621.4059 0.7836 0.0093
54557.5455 0.8689 0.0098
54234.4877 0.9122 0.0097
53859.3669 0.8044 0.0140
53769.6085 0.8027 0.0095
54179.5219 0.9148 0.0096
54563.4941 0.8215 0.0104
52813.3474 0.7353 0.0122
54262.4009 0.8670 0.0118
54588.5522 0.8249 0.0136
53175.3845 0.8275 0.0094
54183.5063 0.9098 0.0104
53551.3290 0.8244 0.0095
53939.3067 0.7772 0.0102
53847.5673 0.8488 0.0216
54535.5077 0.8716 0.0088
53446.5324 0.8292 0.0097
53943.3027 0.7785 0.0101
54259.3128 0.8949 0.0089
53138.4614 0.7188 0.0106
53109.5778 0.7187 0.0145
53178.3751 0.7852 0.0093
53149.3330 0.7319 0.0098
53906.3684 0.7821 0.0116
53916.3248 0.7386 0.0131
52817.2982 0.7203 0.0112
53117.4850 0.7033 0.0094
53495.4394 0.7605 0.0102
54528.5221 0.8611 0.0081
54176.5642 0.9141 0.0099
54205.4858 0.9034 0.0112
54618.4140 0.7969 0.0092
53527.3526 0.7827 0.0096
53122.4995 0.6804 0.0063
53195.3465 0.8138 0.0094
53743.6336 0.8217 0.0086
54229.4787 0.9028 0.0178
53855.4161 0.8284 0.0099
53518.4479 0.7767 0.0230
54538.5772 0.8768 0.0109
54113.6612 0.8978 0.0135
52710.6171 0.6811 0.0131
53502.3879 0.7515 0.0110
54597.4509 0.8203 0.0091
53892.3770 0.7279 0.0207
54201.4537 0.9341 0.0103
53500.3158 0.7619 0.0101
57547.4125 0.7439 0.0288
54213.5722 0.9456 0.0140
54255.3352 0.8857 0.0172
54600.4459 0.8301 0.0295
54266.2915 0.8957 0.0111
53462.4832 0.7623 0.0228
53531.3614 0.7750 0.0111
57213.3079 0.7811 0.0287
53888.4056 0.7424 0.0127
53883.3885 0.7622 0.0119
53121.5124 0.7119 0.0107
53473.5879 0.7474 0.0128
54591.3863 0.8106 0.0100
57223.3832 0.7596 0.0330
57433.5460 0.8324 0.0276
53200.2659 0.8365 0.0115
56835.3395 0.7771 0.0363
53390.6481 0.8023 0.0114
53875.3594 0.7786 0.0104
53553.4134 0.8116 0.0112
53772.6264 0.8254 0.0118
57216.2975 0.8363 0.0312
53083.6063 0.7293 0.0116
57492.5660 0.7815 0.0338
53469.5188 0.7349 0.0112
57542.3791 0.7574 0.0277
53165.4092 0.7725 0.0104
53766.6170 0.9293 0.0103
54209.4905 0.9486 0.0111
56715.5711 0.7367 0.0351
57220.2845 0.8232 0.0331
54594.4526 0.8114 0.0102
57520.3333 0.8060 0.0365
56833.3455 0.7794 0.0407
57479.5663 0.8223 0.0364
52792.4185 0.7558 0.0201
57191.4517 0.7421 0.0345
54120.6630 0.9144 0.0155
53879.3083 0.7673 0.0115
57160.5054 0.7460 0.0356
57508.4284 0.8490 0.0302
53523.4194 0.7763 0.0168
56783.3659 0.7589 0.0515
56809.4767 0.7281 0.0536
57157.4644 0.8283 0.0437
57166.3513 0.7006 0.0420
56831.3358 0.6969 0.0428
56801.3702 0.7714 0.0458
56722.4679 0.8036 0.0454
54124.6330 0.8998 0.0118
56712.4992 0.7879 0.0466
53563.3393 0.8188 0.0218
57185.4838 0.9422 0.0517
56781.3690 0.7353 0.0513
52791.4612 0.6776 0.0211
56798.4424 0.7522 0.0475
53463.5877 0.7826 0.0227
57123.5706 0.7908 0.0568
52790.3981 0.6995 0.0216
57134.4906 0.7074 0.0530
57105.5730 0.6596 0.0512
56807.3096 0.7622 0.0572
54620.3530 0.7903 0.0272
56776.4795 0.8185 0.0555
56772.5574 0.8082 0.0677
56811.4528 0.8259 0.0587
56780.3281 0.7246 0.0516
56744.5368 0.6935 0.0605
52722.5967 0.7551 0.0343
56751.3640 0.7109 0.0488
57078.4898 0.7989 0.0443
56839.3346 0.6994 0.0512
56837.3427 0.6905 0.0544
56841.3393 0.7051 0.0605
56778.3174 0.7951 0.0924
53890.4800 0.7288 0.0561
56741.6273 0.6646 0.0773
54619.3119 0.9099 0.0538
56803.4907 0.7973 0.0656
56805.4322 0.7930 0.0698
57104.5182 0.7939 0.0488
52721.6251 0.7676 0.0646
