57420.5718 3.3455 0.0306
56833.3442 4.5185 0.0396
56741.6247 5.0088 0.0632
56805.4265 4.5496 0.0462
56781.3651 4.8015 0.0510
57492.5616 5.0796 0.0382
56798.4382 4.7404 0.0431
57542.3753 4.8178 0.0354
56841.3344 4.6937 0.0501
57157.4605 4.1302 0.0400
57520.3289 4.8214 0.0416
56801.3611 4.6563 0.0472
56776.4755 4.6925 0.0447
56809.4728 4.5795 0.0482
56839.3294 4.7409 0.0474
57508.4244 5.1834 0.0378
57191.4470 4.2891 0.0375
56722.4643 4.8299 0.0443
57134.4858 4.1098 0.0389
56835.3351 4.6957 0.0424
56723.5056 4.8783 0.0468
56811.4492 4.5821 0.0425
57223.3789 4.1635 0.0377
57216.2922 4.2104 0.0377
56778.3129 4.6959 0.0479
56783.3617 4.6789 0.0566
57220.2801 4.1678 0.0381
56772.5541 4.7368 0.0536
56807.3055 4.3676 0.0438
56780.3231 4.8180 0.0482
56837.3376 4.6104 0.0446
56831.3322 4.5328 0.0411
57547.4087 4.7485 0.0356
56751.3593 4.9298 0.0472
56744.5318 4.6379 0.0469
56712.4957 4.7235 0.0449
57479.5619 5.0128 0.0412
56715.5670 4.8515 0.0416
57213.3036 4.2658 0.0344
57433.5416 3.7185 0.0331
56803.4819 4.6626 0.0650
52814.3148 4.1447 0.0118
57160.4616 4.1917 0.0446
57078.4859 4.2687 0.0408
57166.3455 4.2102 0.0512
57105.5711 4.1957 0.0580
57104.5060 4.1964 0.0481
57185.4795 4.1797 0.0667
57123.5621 3.8935 0.0793
57567.3097 5.2429 0.1009
