57420.5763 2.1946 0.0295
56801.3688 2.3701 0.0412
56833.3478 1.9127 0.0388
56744.5358 1.7825 0.0441
56776.4795 2.5827 0.0421
56772.5585 2.5623 0.0496
56723.5097 2.5736 0.0437
56781.3691 2.7398 0.0503
57123.5698 2.4588 0.0551
56831.3363 1.9859 0.0381
57213.3079 2.0957 0.0309
57134.4907 2.3607 0.0391
56798.4422 2.6816 0.0419
56722.4684 2.6760 0.0410
53147.4493 2.2646 0.0082
56839.3341 2.0360 0.0442
56751.3634 2.6253 0.0429
56805.4306 2.3471 0.0420
57520.3333 2.7327 0.0387
57542.3791 2.5396 0.0314
57223.3832 2.0259 0.0347
56809.4772 2.3297 0.0483
57479.5663 3.1725 0.0393
56803.4885 2.1211 0.0534
56837.3417 2.0299 0.0408
57433.5460 2.5722 0.0314
56835.3395 2.0286 0.0387
57547.4125 2.5635 0.0331
57492.5660 3.1030 0.0376
56715.5711 2.4799 0.0385
57191.4517 2.3443 0.0367
56712.4997 2.4921 0.0412
56778.3170 2.5694 0.0444
57220.2845 2.0946 0.0357
57157.4650 2.3291 0.0386
56807.3096 2.3075 0.0434
57160.5054 2.3004 0.0381
56780.3275 2.5458 0.0451
56811.4533 2.3348 0.0396
56841.3393 1.9332 0.0447
57508.4284 2.9552 0.0346
57216.2975 2.0589 0.0337
56783.3659 2.5772 0.0524
57185.4838 2.4158 0.0535
57166.3513 2.2996 0.0435
56741.6293 2.9157 0.0861
57078.4898 2.2507 0.0475
57105.5730 2.5124 0.0557
57104.5182 2.4403 0.0530
