57420.5729 4.1711 0.0259
56801.3655 3.4829 0.0359
56833.3443 3.4486 0.0325
56741.6252 2.8394 0.0502
56783.3628 3.2863 0.0445
57547.4097 4.2486 0.0297
57220.2812 3.5161 0.0307
57157.4616 2.8962 0.0316
56776.4765 3.2191 0.0350
57216.2933 3.4212 0.0297
56811.4502 3.5129 0.0337
56831.3332 3.4247 0.0326
57508.4254 3.8104 0.0299
56723.5066 3.0566 0.0362
56715.5680 3.0969 0.0321
56837.3386 3.3902 0.0351
56841.3356 3.2730 0.0392
56809.4739 3.4936 0.0383
57479.5630 4.2097 0.0335
56839.3306 3.3396 0.0374
56805.4275 3.4297 0.0362
56722.4654 3.0365 0.0340
56807.3065 3.4862 0.0359
56835.3362 3.3843 0.0331
57223.3800 3.5458 0.0303
57492.5628 4.0587 0.0313
57520.3300 3.7948 0.0334
57213.3047 3.2901 0.0270
56744.5328 2.8583 0.0367
57134.4871 3.0460 0.0318
57433.5426 4.1664 0.0286
56780.3242 3.2463 0.0376
56798.4392 3.5039 0.0341
56781.3661 3.2565 0.0401
57542.3762 4.1384 0.0288
57191.4482 2.9584 0.0299
56751.3604 2.8500 0.0361
56772.5552 3.1096 0.0416
56712.4967 3.1921 0.0350
56778.3139 3.2240 0.0374
57160.4787 2.8989 0.0342
53147.4525 2.9517 0.0077
52814.3124 3.6011 0.0092
56803.4840 3.5192 0.0485
57166.3467 2.8322 0.0408
57123.5653 3.0583 0.0554
57185.4814 2.9433 0.0433
57078.4864 3.4056 0.0360
57105.5716 3.3039 0.0464
57104.5101 3.2227 0.0359
57567.3097 4.2817 0.1005
54620.3618 2.7360 0.0449
