57420.5718 7.9089 0.0349
56833.3442 5.3832 0.0414
52814.3124 7.0290 0.0104
56741.6247 5.2650 0.0637
56805.4265 5.5205 0.0483
56781.3651 5.4941 0.0525
57492.5616 7.5581 0.0418
56798.4382 5.7063 0.0450
57542.3753 7.0896 0.0396
56841.3344 5.3501 0.0514
57157.4605 7.9745 0.0458
57520.3289 7.2944 0.0448
56801.3611 5.6646 0.0493
56776.4755 5.5166 0.0464
56809.4728 4.9582 0.0493
56839.3294 5.3245 0.0488
57508.4244 7.4191 0.0416
57191.4470 7.8636 0.0428
56722.4643 6.0201 0.0468
57134.4858 8.2177 0.0447
56835.3351 5.2241 0.0436
56723.5056 5.9349 0.0489
56811.4492 5.5124 0.0446
57223.3789 7.4941 0.0429
57216.2922 7.5025 0.0432
56778.3129 5.5622 0.0497
56783.3617 5.5012 0.0579
57220.2801 7.6119 0.0438
56772.5541 5.5489 0.0552
56807.3055 5.4676 0.0461
56780.3231 5.5597 0.0498
56837.3376 5.2634 0.0461
56831.3322 5.3350 0.0430
57547.4087 7.0501 0.0399
56751.3593 5.8193 0.0491
56744.5318 6.2097 0.0498
56712.4957 6.1926 0.0476
57479.5619 7.9738 0.0449
56715.5670 6.1087 0.0441
57213.3036 7.5809 0.0396
57433.5416 8.1605 0.0408
56803.4819 4.6877 0.0663
57160.4616 8.0286 0.0515
57078.4859 7.9513 0.0475
57166.3455 4.7546 0.0530
57105.5711 8.2289 0.0675
57104.5060 8.3154 0.0571
57185.4795 7.9499 0.0745
57123.5621 9.1626 0.0859
57567.3097 6.3472 0.1054
