57420.5763 2.5772 0.0298
56833.3478 1.2101 0.0377
56801.3680 1.3006 0.0408
56744.5358 1.4336 0.0436
56776.4795 1.6400 0.0405
56772.5585 1.3931 0.0481
56723.5097 1.2799 0.0417
56805.4306 1.2815 0.0401
56781.3691 1.3463 0.0482
57123.5698 1.7926 0.0545
56831.3363 1.2135 0.0367
57213.3079 1.9495 0.0306
57223.3832 1.9176 0.0346
57134.4907 1.9406 0.0386
56722.4684 1.3822 0.0388
56839.3341 1.1550 0.0427
57160.5054 1.8970 0.0374
56751.3634 1.4391 0.0410
53147.4540 1.6625 0.0080
57520.3333 2.9880 0.0390
57542.3791 3.2063 0.0326
56809.4772 1.3068 0.0465
57479.5663 2.5801 0.0386
56798.4422 1.3699 0.0398
56837.3417 1.2722 0.0395
57433.5460 2.4430 0.0311
56835.3395 1.1684 0.0372
57547.4125 3.2583 0.0343
57492.5660 2.7238 0.0370
56715.5711 1.3798 0.0367
57191.4517 1.8174 0.0358
56712.4997 1.3687 0.0394
56778.3170 1.3099 0.0423
57220.2845 1.9657 0.0355
57157.4650 1.8422 0.0378
56807.3096 1.2553 0.0414
56780.3275 1.1992 0.0429
56811.4533 1.1483 0.0376
56841.3393 1.3092 0.0438
57508.4284 2.9768 0.0346
57216.2975 1.8749 0.0334
56783.3659 1.2512 0.0508
56741.6277 1.3101 0.0604
57185.4838 1.7994 0.0525
56803.4884 1.1050 0.0514
57166.3513 1.9626 0.0429
57078.4898 2.0323 0.0471
57105.5730 1.6592 0.0536
57104.5182 1.9242 0.0515
54620.3618 1.9281 0.0425
