52730.5705 6.4802 0.0254
53462.4908 5.1930 0.0327
53847.5741 6.0968 0.0410
57420.5649 7.4641 0.0443
53911.3288 6.8733 0.0189
53851.4182 6.1837 0.0161
56801.3749 6.1541 0.0310
53853.4352 6.1959 0.0163
53586.2942 5.7154 0.0119
53524.3013 5.1434 0.0101
54186.5147 6.9185 0.0173
52698.6084 7.9322 0.0124
54531.5740 6.4985 0.0101
57433.5366 5.8881 0.0259
57542.3692 6.1759 0.0267
57479.5560 6.2762 0.0300
57508.4183 6.2044 0.0282
53466.6127 5.1605 0.0115
57547.4029 6.1009 0.0273
57520.3222 6.0582 0.0303
52710.6200 8.1701 0.0149
53583.3046 5.6625 0.0125
57492.5565 6.2659 0.0332
54570.4284 6.7644 0.0228
53799.4817 5.5356 0.0180
52817.2960 7.2257 0.0270
54262.4012 7.1198 0.0142
54209.4929 6.6998 0.0126
54624.3824 6.7363 0.0126
53505.3888 5.3417 0.0177
56833.3526 5.7854 0.0380
53769.6082 5.4098 0.0118
54561.4254 6.7237 0.0126
53146.4901 5.0893 0.0131
54151.6503 6.9227 0.0148
54153.5968 6.9400 0.0141
54117.6461 6.3105 0.0125
57166.3415 11.5428 0.1359
54524.5266 6.3788 0.0186
53553.4142 5.2238 0.0132
54144.5888 6.7656 0.0138
53578.3431 5.5817 0.0173
53411.6236 5.0284 0.0121
54511.5807 6.3761 0.0113
54213.5722 6.6436 0.0160
54614.3924 6.6839 0.0139
53936.3074 6.8253 0.0142
54255.3352 7.3044 0.0182
54600.4459 6.8730 0.0282
53446.5324 5.0665 0.0125
54621.4059 6.6771 0.0132
52790.4028 7.5358 0.1317
54266.2923 7.1736 0.0138
54557.5455 6.7154 0.0135
54234.4877 6.9177 0.0136
53859.3669 6.2941 0.0166
53200.2667 5.4106 0.0128
53473.5879 5.2450 0.0143
53121.5132 5.1880 0.0125
54591.3863 6.9006 0.0128
54179.5219 6.9832 0.0135
54563.4941 6.7944 0.0140
52813.3474 7.3663 0.0168
54588.5522 6.8689 0.0171
53175.3845 5.3635 0.0125
53883.3893 6.3927 0.0144
53109.5778 5.2594 0.0169
54183.5063 6.9472 0.0143
53551.3290 5.1933 0.0124
53939.3067 6.8426 0.0143
57567.2958 5.9664 0.0418
53875.3594 6.4714 0.0132
53502.3879 5.3717 0.0137
53772.6264 5.3907 0.0138
52792.4193 7.7507 0.0222
54201.4537 6.8742 0.0142
53527.3526 5.1794 0.0124
54535.5077 6.5788 0.0126
53943.3027 6.8349 0.0144
54259.3128 7.2014 0.0131
53138.4614 5.0691 0.0133
53469.5188 5.1781 0.0129
53178.3751 5.4120 0.0123
53149.3330 5.1285 0.0123
53906.3684 6.6684 0.0159
52722.5967 8.0374 0.0250
53390.6489 5.1765 0.0130
53531.3615 5.1256 0.0129
53916.3248 6.7796 0.0170
53117.4850 5.1858 0.0123
53766.6170 5.4323 0.0125
57123.5671 5.2004 0.0669
53495.4394 5.3302 0.0132
52815.2953 7.4276 0.0100
54176.5642 6.9727 0.0138
54124.6309 6.3626 0.0128
54205.4858 6.8013 0.0149
54594.4526 6.8396 0.0131
53165.4100 5.2611 0.0121
54618.4140 6.7426 0.0130
53195.3465 5.5497 0.0125
53743.6336 5.4341 0.0119
54229.4787 6.7841 0.0204
53518.4479 5.1422 0.0247
54538.5772 6.5161 0.0147
54113.6612 6.3290 0.0160
53083.6071 5.4693 0.0133
53855.4161 6.2899 0.0135
54597.4509 6.8363 0.0130
53892.3770 6.5603 0.0230
54120.6630 6.3292 0.0163
53879.3083 6.4408 0.0142
53500.3158 5.3890 0.0129
53888.4064 6.3909 0.0148
54528.5221 6.5336 0.0117
56712.5038 7.2705 0.0480
52791.4573 7.8047 0.0229
56751.3675 7.2335 0.0495
52721.6238 7.9762 0.0332
56744.5399 7.3571 0.0520
56837.3458 5.6439 0.0465
56772.5627 6.5133 0.0566
57220.2890 5.2778 0.0380
57216.3027 5.4072 0.0394
56715.5752 7.3005 0.0457
56839.3381 5.6065 0.0512
56811.4574 6.0799 0.0453
56741.6340 7.3887 0.0681
56783.3699 6.2482 0.0582
56723.5137 7.2534 0.0493
57459.5423 6.2282 0.0411
56798.4478 6.1895 0.0500
57191.4582 5.5532 0.0470
57213.3122 5.3555 0.0356
56831.3404 5.7842 0.0437
57134.4954 5.9329 0.0423
56807.3136 6.0215 0.0454
56778.3210 6.4456 0.0503
56780.3316 6.4245 0.0503
56841.3435 5.7860 0.0509
56781.3732 6.3639 0.0526
56776.4836 6.5135 0.0467
56722.4730 7.2942 0.0495
56809.4820 6.0229 0.0510
57223.3876 5.3547 0.0398
56835.3435 5.7960 0.0443
53463.5851 5.0681 0.0227
56805.4347 6.0448 0.0486
53523.4194 5.1255 0.0202
56803.4932 6.0263 0.0754
53563.3393 5.2477 0.0253
57157.4700 5.8785 0.0471
54620.3574 6.7259 0.0415
57460.4772 6.1229 0.0939
57160.5099 6.0592 0.0593
57078.4942 5.8191 0.0574
57185.4913 2.8941 0.0570
53890.4800 6.6228 0.0753
57419.5304 5.7622 0.1141
53198.3064 5.6057 0.0960
57105.5754 5.4932 0.0899
57104.5235 5.9265 0.0828
52816.3092 6.9428 0.0232
