57420.5540 1.5366 0.0299
56743.5233 1.4216 0.0374
56803.4428 1.4918 0.0452
53475.5639 1.3998 0.0084
57216.2749 1.1994 0.0340
57220.2624 1.1056 0.0374
56801.3447 1.3786 0.0428
56722.4472 1.5706 0.0408
57547.3932 1.1656 0.0322
56723.4894 1.3996 0.0430
57194.4085 1.1875 0.0338
57433.5265 1.3020 0.0310
56798.4214 1.3571 0.0388
57223.3617 1.1933 0.0348
56751.3430 1.3889 0.0463
56783.3403 1.4307 0.0540
56772.5360 1.5294 0.0491
57185.4684 0.9653 0.0452
57160.3650 1.4411 0.0317
56841.3171 1.3381 0.0485
57542.3595 1.1099 0.0314
57157.4427 1.2327 0.0374
56712.4795 1.5541 0.0428
57459.5467 1.1222 0.0361
57520.3112 1.2383 0.0401
56811.4327 1.4294 0.0388
57567.2949 1.0216 0.0357
56715.5507 1.6012 0.0399
56839.3125 1.3670 0.0456
56780.3062 1.4899 0.0492
57479.5453 1.1415 0.0433
56805.4093 1.3846 0.0425
57508.4085 1.1528 0.0323
56835.3184 1.4418 0.0390
56744.5528 1.4365 0.0452
56781.3489 1.3558 0.0484
56776.4591 1.5311 0.0410
56837.3204 1.4450 0.0414
57213.2865 1.1149 0.0308
56831.3158 1.3627 0.0391
56778.2967 1.4854 0.0445
56833.3247 1.3653 0.0390
56807.2890 1.3273 0.0419
57492.5435 0.9736 0.0373
56809.4559 1.3317 0.0476
57133.5962 1.0902 0.0417
57078.4450 1.1961 0.0490
57134.4710 1.0730 0.0440
56741.5960 1.5337 0.0603
53883.4566 1.6049 0.0112
53884.4341 1.6647 0.0122
57195.4028 1.1182 0.0551
57123.5397 1.2775 0.1257
57191.4276 1.1955 0.0611
53467.5113 1.6982 0.0163
57105.5621 1.2126 0.0756
57166.3288 1.2526 0.0817
57104.4634 1.3000 0.0673
