52730.5711 1.5933 0.0246
57420.5763 1.9571 0.0296
53853.4510 1.5260 0.0203
52710.6200 1.4856 0.0116
52817.2960 1.3819 0.0221
53586.2952 1.0940 0.0126
56801.3688 1.5924 0.0401
53147.4525 1.3925 0.0069
53583.3066 1.2062 0.0119
52813.3474 1.3378 0.0127
54186.5153 1.5874 0.0208
56833.3478 1.7973 0.0386
52792.4193 1.4991 0.0182
52722.5967 1.5096 0.0224
54531.5768 1.0670 0.0093
53911.3378 1.2479 0.0210
56723.5097 1.5000 0.0417
52791.4573 1.4891 0.0186
56831.3363 1.8822 0.0375
56798.4422 1.5620 0.0402
53524.3061 1.3008 0.0128
56809.4772 1.5455 0.0466
53851.4093 1.5544 0.0283
57547.4125 2.0829 0.0314
56741.6278 1.9423 0.0614
57213.3079 1.4971 0.0299
56807.3096 1.6128 0.0415
56780.3275 1.7775 0.0443
56778.3170 1.6967 0.0429
56776.4795 1.4641 0.0400
56781.3691 1.6385 0.0487
57123.5698 1.6238 0.0555
57223.3832 1.5897 0.0343
57134.4907 1.3910 0.0377
56751.3634 1.5762 0.0413
56805.4306 1.5704 0.0408
56803.4885 2.0432 0.0537
57433.5460 1.9371 0.0298
56835.3395 1.6802 0.0376
53466.6176 1.2644 0.0138
57216.2975 1.5698 0.0326
56744.5358 1.5987 0.0437
56772.5585 1.6273 0.0490
52790.4020 1.5218 0.0368
53799.4841 1.4322 0.0212
57160.5054 1.5061 0.0367
56715.5711 1.5438 0.0364
56712.4997 1.5749 0.0397
57220.2845 1.5301 0.0344
56841.3393 1.8168 0.0450
56839.3341 1.8108 0.0440
57520.3333 2.1251 0.0383
56811.4533 1.6149 0.0379
57479.5663 1.9959 0.0380
56837.3417 1.8307 0.0401
56722.4684 1.5107 0.0388
57492.5660 1.9669 0.0356
57191.4517 1.5287 0.0357
57157.4650 1.3218 0.0370
57508.4284 2.1123 0.0325
56783.3659 1.5926 0.0522
53411.6247 1.4031 0.0123
54600.4469 1.1839 0.0346
54570.4331 1.1631 0.0285
54597.4520 1.1653 0.0121
54528.5232 1.1881 0.0108
54535.5087 1.0722 0.0115
54591.3874 1.2082 0.0119
53146.4917 1.3141 0.0140
54183.5074 1.5956 0.0143
53138.4626 1.4258 0.0137
53083.6082 1.5651 0.0139
53495.4405 1.2693 0.0136
54594.4537 1.1920 0.0122
53109.5792 1.3937 0.0192
53553.4153 1.3050 0.0136
53175.3856 1.0861 0.0125
54538.5782 1.0954 0.0143
53165.4111 1.1703 0.0124
54588.5532 1.2030 0.0176
53121.5143 1.5700 0.0130
53117.4862 1.5869 0.0129
53939.3077 1.1262 0.0135
53743.6351 1.4924 0.0118
54179.5230 1.6175 0.0131
57166.3513 1.4098 0.0428
57185.4838 1.4620 0.0523
53943.3038 1.1206 0.0134
54209.4977 1.5499 0.0136
53149.3340 1.3535 0.0131
53200.2678 1.0142 0.0133
53551.3301 1.3343 0.0128
54563.4953 1.1579 0.0133
54524.5277 1.0124 0.0209
53178.3762 1.0816 0.0123
53578.3442 1.1339 0.0180
54176.5652 1.6915 0.0136
53462.4909 1.2550 0.0307
53446.5334 1.1720 0.0129
52721.6252 1.4988 0.0352
54561.4249 1.1953 0.0132
53195.3479 1.0002 0.0124
57542.3789 2.0416 0.0345
53772.6275 1.2352 0.0138
54229.4834 1.4779 0.0289
53527.3574 1.3359 0.0157
53518.4527 1.3073 0.0376
54213.5770 1.5044 0.0207
53859.3718 1.5094 0.0228
54151.6551 1.3727 0.0190
53888.4112 1.3218 0.0175
57105.5730 1.7789 0.0540
53936.3122 1.2918 0.0164
54557.5502 1.1763 0.0156
54511.5854 1.3085 0.0125
54120.6678 1.5620 0.0269
54144.5936 1.4426 0.0168
54618.4187 1.0978 0.0152
54624.3855 1.1469 0.0154
54117.6509 1.5479 0.0149
53847.6051 1.5244 0.0387
54614.3972 1.1420 0.0160
53531.3668 1.3470 0.0164
53502.3928 1.3246 0.0183
53469.5236 1.1866 0.0166
54259.3176 1.4388 0.0150
53892.3819 1.2653 0.0330
54262.4044 1.3864 0.0190
53473.5927 1.2039 0.0191
54201.4585 1.5098 0.0173
54234.4925 1.5484 0.0162
53883.3941 1.2500 0.0176
54153.6016 1.3898 0.0163
53766.6219 1.4248 0.0151
54255.3399 1.4493 0.0276
53875.3642 1.3335 0.0156
53500.3206 1.3255 0.0165
54205.4906 1.5267 0.0182
54621.4106 1.1613 0.0156
53769.6113 1.4236 0.0150
54124.6357 1.5868 0.0153
53855.4209 1.4844 0.0164
53906.3733 1.1953 0.0192
53390.6537 1.2513 0.0169
53879.3132 1.3627 0.0171
54113.6660 1.5832 0.0252
53916.3296 1.2508 0.0227
53505.3926 1.3375 0.0272
54266.2971 1.4172 0.0158
57104.5182 1.8373 0.0516
57078.4915 1.9783 0.0567
53523.4248 1.2912 0.0389
54620.3618 1.2541 0.0410
53563.3360 1.3002 0.0343
