53462.4908 5.8084 0.0330
53847.5741 5.9395 0.0413
53911.3302 5.5278 0.0187
53851.4182 5.8263 0.0161
52730.5766 5.7076 0.0221
53853.4352 5.7420 0.0163
53586.2942 5.4031 0.0119
53524.3013 4.5360 0.0100
54186.5147 6.2217 0.0175
57420.5763 6.6118 0.0337
54531.5740 4.3840 0.0093
53466.6127 5.5161 0.0118
52710.6200 5.3537 0.0141
54570.4284 4.2463 0.0224
52817.2960 7.4970 0.0295
54624.3824 4.3247 0.0114
53583.3057 5.3986 0.0135
53505.3888 5.0361 0.0177
56801.3688 6.8825 0.0461
53769.6082 6.3316 0.0125
54151.6503 6.4513 0.0148
54153.5968 6.4639 0.0141
54117.6461 6.0788 0.0125
54213.5722 6.1964 0.0160
54524.5266 4.2531 0.0180
53553.4142 4.3768 0.0128
53411.6236 6.4023 0.0131
54511.5807 4.3155 0.0102
54614.3924 4.3158 0.0127
54255.3352 5.1894 0.0176
54600.4459 4.1667 0.0278
54621.4059 4.3057 0.0120
52790.4028 7.2165 0.1330
54557.5455 4.2517 0.0123
54234.4877 5.5454 0.0130
54561.4264 4.3339 0.0126
53121.5132 5.2393 0.0126
52813.3474 7.4746 0.0172
54209.4939 6.2260 0.0138
53109.5778 6.1930 0.0178
54588.5522 4.2548 0.0159
53175.3845 6.3159 0.0134
53200.2667 6.6891 0.0138
53799.4830 5.9690 0.0211
53551.3290 4.3553 0.0121
53939.3067 6.8855 0.0143
56833.3478 6.0751 0.0445
52792.4193 7.3918 0.0224
54535.5077 4.2523 0.0114
53446.5324 6.2193 0.0133
53943.3027 7.2564 0.0147
53138.4614 6.0202 0.0141
53469.5188 5.4479 0.0132
53178.3751 6.2436 0.0131
53906.3684 5.1844 0.0150
52722.5967 5.7538 0.0250
53390.6489 6.3926 0.0139
53531.3615 4.3429 0.0125
53916.3248 5.8071 0.0165
53766.6170 6.3348 0.0132
53083.6071 6.1630 0.0140
54528.5221 4.3705 0.0106
53473.5879 5.3636 0.0145
54176.5642 6.1006 0.0135
54124.6309 6.1683 0.0130
53875.3594 5.0391 0.0125
54205.4858 6.2005 0.0148
54594.4526 4.2122 0.0117
54262.4022 5.0109 0.0146
54618.4140 4.3272 0.0118
53527.3526 4.4340 0.0121
53122.4995 5.8237 0.0087
54591.3863 4.3034 0.0115
54229.4787 5.9028 0.0203
53195.3465 6.5864 0.0134
53500.3158 4.9133 0.0128
53518.4479 4.7191 0.0250
54538.5772 4.1747 0.0135
54113.6612 6.0753 0.0162
53502.3879 5.0857 0.0138
54597.4509 4.1858 0.0116
54120.6630 6.1850 0.0165
53879.3083 5.1980 0.0135
54201.4537 5.3839 0.0135
53772.6264 6.3505 0.0145
52791.4573 7.3716 0.0231
56831.3363 6.3163 0.0443
52721.6238 5.7462 0.0333
56798.4422 6.8431 0.0475
53859.3678 5.7816 0.0186
56723.5097 5.9247 0.0481
54144.5896 6.5643 0.0156
56809.4772 7.1507 0.0550
57547.4125 5.9397 0.0389
53743.6353 5.9782 0.0138
56741.6278 5.4125 0.0642
53892.3778 5.0483 0.0253
53146.4912 6.2711 0.0156
57213.3079 4.6631 0.0346
56807.3096 7.0099 0.0501
56780.3275 5.9047 0.0496
56776.4795 5.7308 0.0463
56781.3691 5.9405 0.0542
57123.5698 3.5354 0.0558
53936.3082 6.6434 0.0158
57223.3832 5.0223 0.0391
57134.4907 3.7659 0.0403
54179.5227 6.2129 0.0148
56751.3634 5.2873 0.0465
56805.4306 7.0128 0.0488
53165.4108 6.5200 0.0148
57433.5460 6.4288 0.0382
56835.3395 6.0052 0.0443
53117.4860 5.9975 0.0145
56778.3170 5.8367 0.0487
53883.3901 5.0733 0.0153
57216.2975 4.8594 0.0378
56744.5358 5.4133 0.0489
56772.5585 5.5321 0.0531
54563.4950 4.3239 0.0140
56722.4684 5.8367 0.0450
54183.5071 6.2863 0.0159
57542.3791 6.1882 0.0380
54259.3136 5.0427 0.0135
53855.4169 5.7409 0.0149
56715.5711 5.9345 0.0430
56712.4997 5.8337 0.0458
57220.2845 4.9278 0.0395
56841.3393 6.0333 0.0500
53495.4402 5.0362 0.0146
56839.3341 6.0241 0.0501
54266.2931 4.9737 0.0142
57520.3333 5.6746 0.0429
53578.3439 5.1284 0.0190
57479.5663 5.6757 0.0428
56803.4885 6.9473 0.0593
56837.3417 6.0288 0.0463
53463.5851 5.6502 0.0233
57492.5660 5.6267 0.0422
57191.4517 4.0709 0.0389
57157.4650 3.4539 0.0396
57160.5054 3.6060 0.0393
56811.4533 6.9816 0.0462
57508.4284 5.8100 0.0394
53523.4194 4.5545 0.0200
56783.3659 6.1894 0.0570
54620.3589 4.4009 0.0308
53888.4054 5.0406 0.0184
57166.3513 3.5748 0.0454
53149.3330 6.3969 0.0170
53563.3393 4.4393 0.0251
57185.4838 3.7745 0.0550
57105.5730 3.2693 0.0567
57078.4898 3.1109 0.0489
53890.4800 5.0953 0.0738
53198.3064 6.7267 0.0999
54619.3119 4.0848 0.0688
57104.5182 3.1281 0.0546
