57420.5606 17.9872 0.0413
57479.5555 3.4583 0.0287
57433.5360 3.3352 0.0237
57520.3223 3.4461 0.0294
57508.4185 3.3862 0.0258
57567.3051 2.8874 0.0267
57542.3692 3.2685 0.0237
57123.5544 8.3412 0.0813
57492.5551 3.3614 0.0270
57547.4029 3.1516 0.0242
56833.3397 3.0159 0.0338
57160.3748 4.5608 0.0588
57216.2846 3.9776 0.0457
57191.4380 4.8249 0.0640
53496.3516 2.4103 0.0078
57134.4819 2.9446 0.0756
56712.4876 2.6431 0.0419
56783.3499 2.6631 0.0539
56715.5589 2.4871 0.0386
57157.4515 2.9561 0.0384
56722.4562 2.4468 0.0405
56809.4644 2.9972 0.0460
56839.3207 2.9426 0.0444
56841.3254 3.0038 0.0493
56781.3570 2.3744 0.0478
56835.3266 2.9420 0.0398
56811.4410 3.0545 0.0407
56751.3512 2.4666 0.0448
56837.3290 3.0566 0.0430
57133.6087 2.9593 0.0486
56780.3146 2.5150 0.0463
56772.5452 2.5789 0.0518
56805.4182 2.8572 0.0443
57223.3703 3.3907 0.0368
57220.2711 3.4168 0.0369
56741.6082 2.0139 0.0585
56803.4723 2.6769 0.0485
56744.5234 2.2515 0.0419
56778.3048 2.4611 0.0438
56798.4301 2.8905 0.0394
56723.4975 2.2572 0.0427
56801.3529 3.0213 0.0440
57213.2951 3.3572 0.0333
56776.4673 2.4774 0.0425
56807.2972 2.9419 0.0421
56831.3240 2.9135 0.0396
52793.2667 2.6552 0.0284
57078.4761 2.4744 0.0444
57166.3371 2.8781 0.0459
57185.4715 3.4059 0.0656
53388.6169 2.2838 0.0193
57104.4732 3.1009 0.0735
