57420.5625 1.4532 0.0285
56833.3397 1.3602 0.0310
56805.4163 1.3484 0.0333
56801.3512 1.3483 0.0329
56811.4393 1.4614 0.0300
53496.3516 2.0886 0.0076
53472.4934 2.0471 0.0083
56807.2963 1.3610 0.0337
56783.3499 1.4894 0.0520
56715.5589 1.5118 0.0364
57157.4515 1.5391 0.0357
56722.4562 1.4259 0.0382
56809.4644 1.3804 0.0426
56839.3207 1.3337 0.0412
56841.3254 1.2730 0.0465
56781.3570 1.4344 0.0460
56835.3266 1.4084 0.0364
57492.5529 1.4292 0.0336
56751.3512 1.4765 0.0427
56837.3290 1.3995 0.0396
56803.4723 1.4089 0.0460
56712.4876 1.5080 0.0394
57213.2951 1.3015 0.0292
56780.3146 1.4332 0.0442
57160.3736 1.4918 0.0297
57123.5514 1.5096 0.0516
57191.4374 1.3321 0.0360
56772.5452 1.4428 0.0494
56744.5234 1.4706 0.0402
57223.3703 1.5293 0.0333
57547.4010 1.6147 0.0310
57220.2711 1.4246 0.0328
57508.4165 1.5971 0.0329
56831.3240 1.3523 0.0360
57134.4821 1.5079 0.0417
57433.5341 1.5099 0.0297
56778.3048 1.3767 0.0416
56798.4301 1.3794 0.0363
57567.3029 1.4236 0.0346
56776.4673 1.4865 0.0404
57542.3673 1.6446 0.0302
57216.2834 1.4687 0.0318
57479.5533 1.4124 0.0374
57520.3201 1.4607 0.0394
56723.4975 1.5031 0.0409
57133.6095 1.3994 0.0454
52793.2667 2.5428 0.0276
57078.4761 1.7874 0.0421
57166.3371 1.4014 0.0434
56741.6092 1.3527 0.0486
57185.4701 1.3001 0.0536
53388.6169 2.0238 0.0188
57104.4732 1.6879 0.0670
54620.3631 1.5272 0.0416
