57420.5582 1.5889 0.0288
56811.4368 1.1845 0.0367
57216.2792 0.9650 0.0317
56833.3288 1.2388 0.0381
56807.2931 0.9658 0.0416
57479.5491 1.6600 0.0394
56712.4835 0.9689 0.0396
56778.3007 1.0681 0.0413
56837.3245 1.2126 0.0399
57567.2988 1.2343 0.0302
56776.4632 1.0741 0.0402
57191.4328 1.0272 0.0338
56831.3199 1.2952 0.0366
56839.3166 1.0408 0.0422
57223.3660 1.0248 0.0333
56841.3211 1.3580 0.0486
57194.4128 1.0424 0.0325
56722.4512 1.0008 0.0388
56744.5188 0.9477 0.0401
57542.3634 1.3321 0.0304
56805.4134 1.0532 0.0414
57508.4126 1.6882 0.0316
57185.4654 1.0882 0.0385
56781.3529 1.1672 0.0471
53472.4596 1.3404 0.0083
57433.5303 1.6553 0.0295
56835.3225 1.1783 0.0366
56801.3488 1.0982 0.0408
57492.5483 1.6305 0.0371
57520.3156 1.4975 0.0400
57220.2668 1.0967 0.0323
56809.4595 0.9669 0.0408
56803.4668 1.0722 0.0472
56798.4255 0.9594 0.0361
56783.3458 0.9331 0.0523
56715.5548 0.9806 0.0364
57160.3693 1.1822 0.0292
57547.3970 1.4356 0.0301
57213.2908 1.0345 0.0290
56751.3471 0.9929 0.0439
57157.4471 1.1714 0.0368
56723.4933 0.9617 0.0458
57123.5441 1.2361 0.0653
56743.5344 0.9355 0.0496
57104.4669 1.2471 0.0588
56780.3110 0.9320 0.0500
57133.6028 1.4985 0.0512
56741.6030 0.8214 0.0488
57459.5499 1.5584 0.0465
57134.4738 1.2717 0.0554
57166.3310 1.1274 0.0638
56772.5413 0.9813 0.0552
