57223.3660 1.3914 0.0350
56780.3104 1.3916 0.0484
57420.5593 1.0797 0.0405
57479.5491 1.2551 0.0400
56778.3007 1.3665 0.0431
57220.2668 1.3815 0.0339
57567.2988 1.2309 0.0314
56776.4632 1.4842 0.0423
57191.4328 1.2703 0.0354
57216.2792 1.3234 0.0336
56841.3211 1.2871 0.0497
56811.4368 1.0885 0.0377
57542.3634 1.3199 0.0315
57508.4126 1.1698 0.0316
56781.3529 1.4613 0.0488
53472.4902 1.5879 0.0091
57492.5483 1.1199 0.0375
57520.3156 1.3471 0.0410
56772.5406 1.7033 0.0550
57194.4128 1.3730 0.0342
56809.4595 1.4546 0.0429
56803.4668 1.5491 0.0492
56798.4255 1.3806 0.0380
56783.3458 1.3804 0.0540
57160.3693 1.4751 0.0307
57547.3970 1.2020 0.0307
57213.2908 1.4228 0.0308
56741.6019 1.4837 0.0619
57157.4471 1.4807 0.0385
57123.5441 1.3511 0.0671
56833.3299 1.4881 0.0572
56722.4523 1.4824 0.0574
56805.4144 1.3528 0.0617
56839.3176 1.4311 0.0637
57133.6043 1.2329 0.0615
56751.3481 1.4366 0.0643
56807.2941 1.3928 0.0603
56712.4845 4.5439 0.0677
56837.3256 1.3305 0.0587
56801.3498 1.3808 0.0602
57185.4666 1.3585 0.0567
57459.5499 0.9481 0.0461
57433.5312 1.1816 0.0417
56715.5558 1.3552 0.0539
56744.5199 1.3922 0.0596
56723.4945 1.3291 0.0686
57166.3310 1.6415 0.0665
56835.3235 1.2255 0.0537
56831.3209 1.3237 0.0535
57134.4745 1.3140 0.0824
57104.4680 1.2850 0.1630
54620.3631 1.1923 0.0422
