57420.5763 2.1169 0.0295
56801.3688 1.8359 0.0404
56833.3478 1.6405 0.0384
56744.5358 1.7206 0.0439
56776.4795 1.8609 0.0409
56772.5585 1.8862 0.0491
56723.5097 2.0695 0.0428
56781.3691 1.8463 0.0490
57123.5698 2.3039 0.0555
56831.3363 1.7300 0.0374
57213.3079 2.6148 0.0318
57223.3832 2.8858 0.0363
57134.4907 2.3830 0.0393
56798.4422 1.8841 0.0407
56722.4684 2.0819 0.0399
56839.3341 1.7277 0.0438
57160.5054 2.2577 0.0380
56751.3634 1.7978 0.0417
56805.4306 1.8358 0.0412
57520.3333 1.9965 0.0378
57542.3791 1.9554 0.0301
56809.4772 1.8971 0.0474
57479.5663 2.2108 0.0381
56803.4885 1.8885 0.0533
56837.3417 1.7171 0.0401
57433.5460 2.0884 0.0302
56835.3395 1.6794 0.0380
57547.4125 1.8855 0.0314
57492.5660 2.1086 0.0358
56715.5711 2.1216 0.0377
57191.4517 2.2145 0.0366
56741.6278 1.7685 0.0607
56712.4997 2.0570 0.0405
56778.3170 1.8526 0.0432
57220.2845 2.7560 0.0367
57157.4650 2.1826 0.0384
56807.3096 1.8190 0.0422
56780.3275 1.9050 0.0443
56811.4533 1.9798 0.0388
56841.3393 1.6801 0.0446
57508.4284 2.0235 0.0326
57216.2975 2.7133 0.0348
56783.3659 1.9689 0.0523
53147.4461 2.8061 0.0098
57185.4838 2.1828 0.0536
57166.3513 2.1108 0.0434
57078.4898 2.0550 0.0474
57105.5730 2.1687 0.0550
57104.5182 2.2023 0.0529
54620.3618 2.1887 0.0439
