56833.3397 3.3911 0.0337
53496.3516 2.9849 0.0080
56712.4876 3.4808 0.0425
57420.5636 2.8648 0.0413
56772.5452 4.0772 0.0520
56715.5589 4.0691 0.0407
57157.4515 3.5658 0.0387
56722.4562 3.8166 0.0421
56809.4644 3.1119 0.0452
56839.3207 3.3923 0.0442
56835.3266 3.3563 0.0398
56811.4410 3.1702 0.0401
56751.3512 2.5288 0.0440
56837.3290 3.3978 0.0426
57133.6087 3.2718 0.0479
57213.2951 3.8282 0.0337
57492.5529 3.4991 0.0361
57160.3736 3.5995 0.0334
57123.5514 3.3738 0.0525
57191.4374 3.9033 0.0400
56805.4182 3.1845 0.0439
56744.5234 3.9428 0.0437
57223.3703 3.5700 0.0365
57547.4010 3.8024 0.0341
57220.2711 3.7190 0.0369
56741.6082 4.0490 0.0592
56803.4723 3.1395 0.0480
57508.4165 3.4957 0.0357
56831.3240 3.1866 0.0394
57134.4821 3.5108 0.0446
56807.2972 3.1430 0.0418
57542.3673 3.6975 0.0332
56801.3529 3.1943 0.0434
57567.3029 3.6851 0.0380
56776.4673 3.8448 0.0440
57216.2834 3.6809 0.0360
57479.5533 3.6203 0.0396
57520.3201 3.5128 0.0411
56841.3254 3.4332 0.0484
52793.2667 2.7888 0.0279
57078.4761 3.1398 0.0443
57166.3371 3.5365 0.0459
56723.4970 3.6147 0.0526
56778.3038 2.7402 0.0615
56783.3488 3.5894 0.0754
56781.3560 3.5588 0.0685
57185.4701 3.6106 0.0578
57433.5350 3.5398 0.0460
56780.3135 3.0072 0.0659
56798.4291 3.3364 0.0557
53388.6169 3.6053 0.0205
57104.4732 2.9548 0.0717
