57420.5540 4.3749 0.0315
56743.5233 4.0156 0.0394
56803.4428 4.9484 0.0468
53475.5639 3.7808 0.0094
56741.6039 3.9703 0.0602
57216.2749 6.2296 0.0405
57220.2624 6.2667 0.0432
56801.3447 4.9835 0.0464
57133.5964 5.1140 0.0474
56722.4472 3.9178 0.0429
57547.3932 2.7774 0.0334
56723.4894 3.9254 0.0451
57194.4085 6.0813 0.0397
57433.5265 4.3605 0.0348
56798.4214 5.3250 0.0432
57223.3617 6.1704 0.0408
56751.3430 4.2642 0.0489
56841.3171 4.4473 0.0509
56772.5360 4.7993 0.0519
57185.4684 5.9082 0.0511
57160.3650 5.7027 0.0369
57542.3595 2.8473 0.0331
57157.4427 5.5979 0.0421
56712.4795 4.0392 0.0448
57459.5467 4.2941 0.0398
57520.3112 2.9846 0.0410
56811.4327 4.9188 0.0426
57567.2949 2.8920 0.0372
56715.5507 4.0402 0.0421
56839.3125 4.4443 0.0483
57479.5453 3.8874 0.0458
56805.4093 4.8903 0.0460
56835.3184 4.5599 0.0423
56744.5528 4.2063 0.0477
57508.4085 3.0569 0.0342
56776.4591 4.6289 0.0441
56837.3204 4.6979 0.0447
57213.2865 6.0582 0.0371
56831.3158 4.7648 0.0428
56833.3247 4.6693 0.0425
56807.2890 4.8920 0.0459
57492.5435 3.4161 0.0388
56809.4559 4.9979 0.0531
57134.4710 5.0309 0.0492
56780.3072 4.4691 0.0762
53884.4341 4.1101 0.0136
56778.2977 4.4893 0.0687
56781.3499 4.6275 0.0743
57195.4028 6.2806 0.0645
56783.3413 4.8257 0.0819
57123.5397 4.9580 0.1335
57078.4382 3.9878 0.0419
57104.4634 4.4149 0.0776
57191.4276 6.1064 0.0704
53467.5113 4.0457 0.0187
57105.5621 4.5795 0.0805
57166.3288 5.9148 0.0919
