57479.5240 3.0029 0.0227
53911.3299 2.5418 0.0171
53847.5772 2.5339 0.0229
53853.4352 2.1833 0.0145
53851.4210 2.6626 0.0162
52730.5547 2.1916 0.0415
53586.2942 2.2229 0.0104
53462.4888 2.3510 0.0225
56715.4984 2.2909 0.0325
54531.5740 2.5981 0.0083
57420.5453 2.7952 0.0307
53524.3013 2.4985 0.0098
53466.6127 2.4931 0.0102
56803.4112 1.7765 0.0335
56743.5101 2.3778 0.0331
52710.6200 2.3202 0.0122
56741.5899 2.2766 0.0490
57567.2896 3.5288 0.0294
53583.3046 2.1874 0.0106
57542.3509 3.1327 0.0262
56811.4234 2.0158 0.0302
56778.2875 2.1343 0.0372
57520.3008 3.2855 0.0425
54570.4284 2.5981 0.0214
56780.2967 2.0968 0.0399
56831.3066 1.8841 0.0305
57492.5332 3.1700 0.0316
56723.4803 2.1601 0.0346
56835.3093 2.3375 0.0307
52817.2960 2.4937 0.0247
54624.3824 2.7955 0.0104
56837.3096 1.9726 0.0323
56744.5344 2.3448 0.0347
54262.4012 2.7438 0.0120
56841.3074 2.0486 0.0391
56801.3352 1.8828 0.0358
57508.3994 3.2925 0.0283
57459.5373 3.1055 0.0296
56807.2799 2.0706 0.0339
56781.3397 2.0315 0.0431
54209.4929 2.5032 0.0102
56721.5901 2.3756 0.0392
56776.4499 2.1071 0.0336
56772.5257 2.0958 0.0421
56783.3308 2.0790 0.0443
57460.4734 3.0928 0.0291
56809.4460 1.7848 0.0338
56798.4117 2.1660 0.0307
56805.4000 1.7413 0.0313
56839.3033 2.0074 0.0345
56833.3155 1.9395 0.0310
54186.5136 2.6745 0.0189
56751.3336 2.3997 0.0407
53769.6082 2.7972 0.0103
54561.4254 2.7240 0.0105
54151.6503 2.5834 0.0121
54153.5968 2.5876 0.0113
54117.6461 2.5847 0.0101
53390.6489 1.5744 0.0107
54524.5266 2.5108 0.0168
53553.4142 2.2010 0.0110
54144.5888 2.5349 0.0113
53578.3431 2.3020 0.0151
53505.3892 2.4997 0.0179
54213.5722 2.3521 0.0133
54614.3924 2.8808 0.0117
54621.4059 2.8573 0.0109
56712.4708 2.2164 0.0381
54266.2923 2.8423 0.0112
54557.5455 2.6203 0.0111
53473.5879 2.4814 0.0126
53121.5132 2.5016 0.0108
54591.3863 2.9103 0.0105
54563.4941 2.7291 0.0118
52813.3474 2.4484 0.0135
53083.6071 2.4252 0.0115
54588.5522 2.8969 0.0151
53175.3845 2.4914 0.0107
53883.3893 2.5028 0.0118
53875.3594 2.6264 0.0107
52792.4193 2.4048 0.0187
54600.4459 2.8769 0.0268
54113.6612 2.5205 0.0142
54176.5463 2.5002 0.0124
54201.4537 2.5450 0.0115
54535.5077 2.6350 0.0102
53446.5324 2.3257 0.0107
54259.3128 2.7548 0.0104
53109.5778 2.5414 0.0155
53469.5188 2.5234 0.0112
53178.3751 2.5540 0.0106
53906.3684 2.4855 0.0130
53117.4850 2.6255 0.0108
53766.6170 2.8715 0.0108
53411.6236 2.2850 0.0103
53495.4394 2.2768 0.0112
54124.6309 2.4927 0.0104
54205.4858 2.2292 0.0120
54594.4526 2.9768 0.0108
53165.4100 2.4453 0.0104
54618.4140 2.8978 0.0108
53799.4823 2.6999 0.0188
53772.6264 2.7286 0.0121
53743.6336 2.7014 0.0100
54538.5772 2.5722 0.0123
53502.3879 2.3559 0.0119
54597.4509 2.9249 0.0107
54120.6630 2.5505 0.0143
53879.3083 2.5986 0.0116
53500.3158 2.2526 0.0109
53888.4064 2.2057 0.0122
54528.5221 2.6794 0.0094
52791.4573 2.2778 0.0190
57216.2664 2.8568 0.0335
52721.6238 2.2775 0.0308
54511.5807 2.4565 0.0099
54255.3352 2.8385 0.0181
53200.2667 2.6274 0.0128
57220.2508 2.5646 0.0865
57160.3564 2.9900 0.0315
54234.4877 2.6518 0.0123
53859.3669 2.5732 0.0165
53531.3614 2.3160 0.0123
53195.3466 2.6358 0.0120
54179.5227 2.5353 0.0121
57194.3999 2.7426 0.0334
57157.4336 3.0595 0.0357
53551.3290 2.5493 0.0120
53939.3067 2.6933 0.0130
57433.5183 2.7906 0.0280
53943.3027 2.7986 0.0131
57223.3531 2.7133 0.0339
52790.4020 2.3546 0.0376
53138.4614 2.4548 0.0128
56829.3208 1.8841 0.0447
53916.3248 2.4609 0.0164
53149.3338 2.4373 0.0122
56800.5027 2.0952 0.0664
57213.2777 2.9614 0.0308
57133.4106 3.1411 0.0325
53855.4161 2.6213 0.0125
57547.3854 3.2448 0.0296
53527.3526 2.3972 0.0119
52722.5960 2.2816 0.0252
53892.3762 2.4602 0.0237
56722.4392 2.3272 0.0447
54229.4787 2.1570 0.0205
53518.4479 2.4707 0.0265
53463.5851 2.4119 0.0209
53523.4186 2.4796 0.0205
57191.4184 2.6498 0.0440
57419.5251 2.9607 0.0623
53936.3085 2.6973 0.0149
54183.5074 2.7207 0.0153
53563.3393 2.2792 0.0230
54620.3574 2.8490 0.0352
57195.3988 2.7315 0.0534
57185.4502 2.8039 0.0564
57123.5278 2.9665 0.0884
57134.4666 3.1086 0.0573
53146.4884 2.4690 0.0183
57156.4565 3.0808 0.0599
56711.5225 2.4221 0.0797
57155.3464 2.5912 0.2324
52814.3123 2.5809 0.0141
57104.4484 3.0056 0.0467
53890.4800 2.5622 0.0645
53198.3064 2.5555 0.0904
57078.4234 3.3066 0.0539
54619.3119 3.1041 0.0638
57166.3176 2.8305 0.0936
57105.5577 3.0616 0.0753
52815.3110 2.5697 0.0184
