57420.5625 1.1871 0.0282
56833.3397 1.6355 0.0314
53496.3516 1.2190 0.0072
53472.4934 1.1674 0.0079
56783.3499 1.3981 0.0519
56715.5589 1.3710 0.0362
57157.4515 1.5030 0.0356
56722.4562 1.2771 0.0380
56809.4644 1.4610 0.0427
56839.3207 1.5771 0.0417
56841.3254 1.5497 0.0469
56781.3570 1.4274 0.0460
56835.3266 1.5394 0.0367
56811.4410 1.6717 0.0377
57492.5529 1.0044 0.0329
56751.3512 1.3160 0.0424
56837.3290 1.5790 0.0399
56712.4876 1.3353 0.0392
57213.2951 0.9171 0.0285
56780.3146 1.4194 0.0442
57160.3736 1.4044 0.0295
57123.5514 1.3823 0.0514
56772.5452 1.3013 0.0492
57191.4374 0.9858 0.0355
56805.4182 1.6683 0.0417
56744.5234 1.1562 0.0396
57223.3703 0.9934 0.0324
57547.4010 1.2089 0.0301
57220.2711 0.9845 0.0320
56803.4723 1.5655 0.0462
57508.4165 1.0839 0.0319
56831.3240 1.5002 0.0363
57134.4821 1.5257 0.0417
56807.2972 1.5520 0.0388
57433.5341 1.2331 0.0291
56778.3048 1.3603 0.0415
56798.4301 1.4235 0.0364
56801.3529 1.5740 0.0412
57567.3029 1.4500 0.0346
56776.4673 1.5299 0.0405
57542.3673 1.2162 0.0293
57216.2834 0.9142 0.0307
57479.5533 1.1655 0.0371
57520.3201 1.0902 0.0390
56723.4975 1.1882 0.0403
57133.6095 1.5054 0.0457
52793.2667 1.1162 0.0259
57078.4761 1.3247 0.0411
57166.3371 1.2463 0.0431
56741.6092 1.1241 0.0484
57185.4701 1.1355 0.0533
53388.6169 1.5098 0.0182
57104.4732 1.2574 0.0653
