57420.5625 7.6036 0.0336
56833.3397 6.4003 0.0375
56712.4876 5.6509 0.0459
56783.3499 6.0514 0.0570
56715.5589 5.5738 0.0429
57157.4515 7.1457 0.0437
56722.4562 5.7437 0.0450
56809.4644 6.3261 0.0503
56839.3207 6.4812 0.0491
56841.3254 6.5715 0.0531
56781.3570 6.0931 0.0521
56835.3266 6.4349 0.0445
56811.4410 6.2580 0.0450
57492.5529 8.5778 0.0431
56751.3512 5.6982 0.0488
56837.3290 6.3882 0.0472
57133.6087 6.6795 0.0526
57213.2951 7.5520 0.0389
56780.3146 5.9804 0.0502
57160.3736 7.2762 0.0387
57123.5514 6.5971 0.0559
56772.5452 5.9682 0.0547
57191.4374 7.6903 0.0454
56805.4182 6.2599 0.0486
56744.5234 5.7831 0.0465
57223.3703 7.4448 0.0421
57547.4010 8.8192 0.0414
57220.2711 7.5361 0.0425
56741.6082 5.7032 0.0619
56803.4723 6.2461 0.0526
57508.4165 8.6163 0.0430
56831.3240 6.4800 0.0445
57134.4821 6.7103 0.0495
56807.2972 6.2950 0.0468
57433.5341 8.0072 0.0395
56778.3048 6.1618 0.0487
56798.4301 6.2141 0.0437
56801.3529 6.2989 0.0480
57567.3029 8.7676 0.0457
56776.4673 6.0430 0.0474
57542.3673 8.7995 0.0406
57216.2834 7.5082 0.0417
57479.5533 8.5609 0.0452
57520.3201 8.7640 0.0470
56723.4975 5.6953 0.0473
57078.4761 6.6950 0.0508
57166.3371 7.4154 0.0513
53496.3452 10.5705 0.0139
57185.4701 7.7748 0.0657
52793.2659 4.3193 0.0415
53388.6169 8.3249 0.0249
57104.4732 6.7780 0.0840
