57420.5652 1.7589 0.0208
56801.3698 1.6471 0.0252
56833.3398 1.6085 0.0246
57191.4464 2.1760 0.0261
57220.2733 2.3012 0.0260
56831.3260 1.7464 0.0259
52698.6084 1.4287 0.0101
57508.4183 2.3464 0.0236
57216.2867 2.2300 0.0237
56781.3590 1.5645 0.0333
57542.3692 2.2689 0.0219
56772.5470 1.5469 0.0347
56839.3232 1.6981 0.0307
57213.2971 2.3242 0.0217
57223.3725 2.2640 0.0246
57547.4029 2.2270 0.0224
57520.3222 2.2778 0.0272
56780.3167 1.5349 0.0316
56835.3290 1.7551 0.0262
57433.5366 1.8316 0.0209
57479.5560 2.0200 0.0263
56778.3068 1.4631 0.0302
56776.4693 1.4870 0.0279
56783.3530 1.5475 0.0367
56803.4403 1.7649 0.0394
57492.5565 2.1128 0.0282
56723.5046 1.8002 0.0335
56741.6194 1.8450 0.0451
56751.3583 1.8212 0.0352
56807.3044 1.6104 0.0314
56798.4380 1.6335 0.0342
56712.4947 1.8040 0.0331
56744.5432 1.7797 0.0363
56811.4481 1.6849 0.0310
57160.4104 2.1101 0.0267
56837.3363 1.7720 0.0329
56841.3336 1.5985 0.0373
56715.5660 1.8660 0.0308
56805.4252 1.5705 0.0338
56722.4634 1.7454 0.0338
57157.4544 2.0549 0.0293
57134.4864 2.1455 0.0317
57078.4564 1.9285 0.0320
56809.4721 1.4719 0.0352
57123.5612 2.1012 0.0435
57166.3415 1.9701 0.0392
57185.4702 2.1187 0.0355
52816.2955 1.0974 0.0082
57194.4042 2.1294 0.0325
56743.5043 1.6918 0.0428
57459.5423 1.8988 0.0332
57133.4154 2.1166 0.0329
57567.2909 2.0840 0.0395
57105.5653 2.0714 0.0431
57460.4772 1.9233 0.0818
52815.2906 1.1651 0.0120
57104.4912 2.1258 0.0473
57195.4008 2.1466 0.0515
54620.3656 2.3563 0.0452
53770.6182 2.2278 0.0238
