53472.4612 3.0590 0.0082
57420.5593 3.1087 0.0423
57547.3979 2.8897 0.0467
57508.4136 2.9296 0.0489
56772.5417 2.3898 0.0733
57223.3671 3.1651 0.0520
57542.3643 2.8526 0.0485
57220.2678 3.2567 0.0514
56807.2941 2.5716 0.0617
56811.4378 2.6611 0.0557
56723.4945 2.6730 0.0694
57520.3167 2.8349 0.0605
56839.3176 2.5738 0.0646
56781.3540 2.9539 0.0705
56751.3481 2.8834 0.0658
56780.3115 3.0282 0.0709
57160.3704 3.3266 0.0468
57567.2998 2.9781 0.0478
56712.4845 2.8162 0.0605
56837.3256 2.6000 0.0601
56801.3498 2.5539 0.0611
56776.4642 3.2650 0.0636
57185.4666 3.2382 0.0591
57194.4139 3.2003 0.0508
56798.4265 2.4896 0.0550
56803.4679 1.6248 0.0685
56783.3468 3.0908 0.0771
57433.5312 3.0705 0.0455
57191.4339 3.3160 0.0524
56715.5558 2.8763 0.0561
56809.4605 1.7977 0.0595
56744.5199 2.8620 0.0612
56722.4523 2.6211 0.0584
56835.3235 2.5806 0.0556
57213.2919 3.2942 0.0469
57216.2802 3.3098 0.0497
57479.5501 3.0044 0.0546
56778.3017 3.1017 0.0631
56805.4144 1.4786 0.0602
56831.3209 2.5515 0.0549
57157.4482 3.2302 0.0562
56833.3299 2.5726 0.0581
57492.5495 2.8512 0.0603
57134.4745 2.9454 0.0853
56741.6046 2.6004 0.0685
57104.4680 2.5020 0.1615
57166.3323 3.1296 0.0963
57123.5453 3.1568 0.1360
