56743.5080 3.5426 0.0385
56776.4550 3.2754 0.0459
56780.3019 3.2710 0.0516
56778.2926 3.3941 0.0488
53467.4937 3.0567 0.0088
56772.5313 3.1750 0.0524
57133.4154 3.9872 0.0375
56781.3448 3.5274 0.0547
57078.4375 4.5803 0.0465
57420.5485 4.2703 0.0464
56783.3361 3.4116 0.0563
57567.2984 3.6248 0.0537
56801.3397 3.5246 0.0670
57460.4772 4.5224 0.0959
56803.3997 3.4775 0.0699
56751.3377 3.4618 0.0717
56809.4503 3.4013 0.0652
56723.4843 3.3852 0.0639
56798.4163 3.5439 0.0581
57542.3547 3.8018 0.0474
56841.3117 2.9046 0.0704
57520.3056 4.3076 0.0598
56833.3196 3.0430 0.0584
57508.4033 4.4981 0.0534
57479.5403 4.2175 0.0570
57459.5411 4.3345 0.0559
56839.3074 3.1443 0.0643
57220.2561 4.3853 0.0630
57492.5376 4.6109 0.0587
56811.4276 3.3618 0.0582
56712.4744 3.1971 0.0638
56722.4420 3.1446 0.0600
56741.5877 3.3376 0.0894
57191.4226 4.1998 0.0563
56805.4042 3.6226 0.0632
56715.5456 3.2028 0.0604
57160.3596 4.2223 0.0495
57433.5218 4.2439 0.0490
57123.5324 3.9476 0.0759
57223.3563 4.2304 0.0539
56807.2839 3.5377 0.0622
57157.4371 4.0799 0.0571
57194.4031 4.2963 0.0530
57213.2809 4.2971 0.0485
57216.2696 4.1691 0.0533
56744.5477 3.5870 0.0670
56835.3134 2.9045 0.0572
56831.3107 3.0590 0.0588
56837.3154 2.9682 0.0606
53884.4341 2.5204 0.0124
57547.3885 3.8515 0.0490
57166.3198 4.0982 0.0986
57185.4541 4.1993 0.1003
57105.5598 3.7542 0.0808
56721.5940 3.5721 0.1238
57195.4003 4.1949 0.0833
57419.5304 4.4099 0.1131
54620.3656 3.2651 0.0483
57134.4680 3.7215 0.0945
53770.6182 2.3964 0.0247
