56801.3727 5.6543 0.0253
52730.5705 7.3162 0.0285
53462.4886 6.4101 0.0568
53847.5741 7.1583 0.0415
53911.3288 6.9580 0.0188
53851.4182 7.0905 0.0165
57420.5775 6.5627 0.0275
53853.4352 7.0478 0.0167
53586.2942 6.2752 0.0122
53524.3013 6.3422 0.0107
54186.5147 7.0234 0.0176
56833.3486 4.5888 0.0306
54531.5740 5.6679 0.0098
57191.4549 5.4835 0.0314
56807.3116 5.6960 0.0327
56837.3438 4.8241 0.0311
56805.4327 4.8128 0.0325
56809.4796 4.5436 0.0353
56715.5731 5.9186 0.0306
56841.3414 4.5427 0.0334
56811.4554 5.7119 0.0314
56723.5117 5.9362 0.0337
56722.4707 5.8743 0.0326
56835.3415 4.6032 0.0292
53466.6127 6.3897 0.0121
56712.5018 5.8300 0.0324
56839.3357 4.9622 0.0360
52710.6200 7.1922 0.0148
53583.3046 6.2942 0.0129
56798.4437 4.7179 0.0370
54570.4284 5.4718 0.0227
56781.3701 5.7303 0.0434
57479.5673 4.7997 0.0339
56778.3180 5.8125 0.0399
53799.4817 7.0479 0.0188
56772.5595 5.8024 0.0442
57520.3344 6.3974 0.0355
52817.2960 6.9792 0.0269
57433.5472 6.8263 0.0318
57542.3800 6.3194 0.0311
57123.5712 4.4391 0.0460
54262.4012 6.7710 0.0141
54209.4929 7.0802 0.0129
57223.3843 5.4552 0.0327
54624.3824 5.6454 0.0122
57492.5671 4.8737 0.0337
56780.3285 5.7269 0.0400
56776.4806 5.6919 0.0376
53505.3888 6.3499 0.0182
56803.4900 4.9172 0.0506
57508.4293 6.3431 0.0327
57220.2856 5.3563 0.0323
57216.2989 5.4787 0.0320
57547.4135 6.4049 0.0324
57213.3090 5.3952 0.0292
53769.6082 7.1951 0.0129
54561.4254 5.5755 0.0122
56783.3669 5.6592 0.0464
57134.4919 5.3210 0.0341
56831.3373 5.5980 0.0353
53146.4901 6.8356 0.0142
54535.5077 5.6337 0.0122
54151.6503 7.0052 0.0150
54153.5968 6.9518 0.0143
54117.6461 6.9500 0.0130
54524.5266 5.7209 0.0185
53553.4142 6.3041 0.0139
54144.5888 6.9744 0.0141
53578.3431 6.2928 0.0178
54597.4509 5.4516 0.0123
53411.6236 6.3899 0.0130
54511.5807 5.7704 0.0110
54213.5722 7.0927 0.0164
53936.3074 6.9032 0.0143
54600.4459 5.4897 0.0280
54621.4059 5.5443 0.0127
52790.4028 7.1805 0.1341
54266.2923 6.7511 0.0137
54557.5455 5.7007 0.0131
54234.4877 6.9497 0.0137
53859.3669 7.0725 0.0172
53473.5879 6.3943 0.0150
53121.5132 6.7454 0.0134
54591.3863 5.4416 0.0121
54179.5219 7.0458 0.0137
54563.4941 5.5199 0.0135
52813.3474 7.0319 0.0169
54588.5522 5.5081 0.0165
53175.3845 6.8644 0.0137
53883.3893 7.0121 0.0148
53200.2667 6.7392 0.0138
54183.5063 7.0518 0.0145
53551.3290 6.2363 0.0131
53939.3067 6.9552 0.0143
53875.3594 7.0125 0.0137
53772.6264 7.2125 0.0149
52792.4193 7.1183 0.0223
54255.3352 6.8241 0.0182
53149.3330 6.8288 0.0134
54614.3924 5.5588 0.0134
54201.4537 7.0463 0.0144
53446.5324 6.3469 0.0133
53943.3027 6.9506 0.0145
54259.3128 6.7597 0.0130
53138.4614 6.8888 0.0145
53109.5778 6.9751 0.0181
53469.5188 6.4485 0.0138
53178.3751 6.8387 0.0134
53906.3684 6.9171 0.0160
52722.5967 7.2692 0.0254
53390.6489 6.5897 0.0140
53531.3615 6.2679 0.0136
53916.3248 6.9194 0.0170
53117.4850 6.8128 0.0134
53766.6170 7.1922 0.0137
53495.4394 6.3904 0.0140
54176.5642 7.0132 0.0139
54124.6309 6.9404 0.0134
54205.4858 7.0686 0.0152
54594.4526 5.4630 0.0124
53165.4100 6.8805 0.0133
54618.4140 5.5470 0.0124
53527.3526 6.2775 0.0131
53122.4995 6.8068 0.0092
53195.3465 6.7708 0.0134
53743.6336 7.2257 0.0130
57160.5059 5.3595 0.0384
54229.4787 6.8947 0.0206
53500.3158 6.4254 0.0136
53518.4479 6.3148 0.0254
54538.5772 5.6282 0.0143
54113.6612 6.9827 0.0165
53083.6071 6.7969 0.0143
53855.4161 6.9933 0.0140
53502.3879 6.3731 0.0144
53892.3770 6.9325 0.0232
54120.6630 6.9847 0.0168
53879.3083 6.9974 0.0145
57157.4658 5.3070 0.0366
53888.4064 6.8856 0.0150
54528.5221 5.7497 0.0114
52791.4573 7.0903 0.0229
52721.6238 7.3210 0.0337
56741.6278 5.7603 0.0645
56751.3634 5.7013 0.0471
56744.5358 5.8586 0.0495
57166.3518 5.2724 0.0431
53463.5851 6.4275 0.0238
53523.4194 6.3124 0.0210
54620.3589 5.6424 0.0318
53563.3393 6.3186 0.0262
57185.4838 5.2405 0.0573
57078.4911 5.2425 0.0420
57105.5730 5.4573 0.0620
52698.6098 7.1486 0.0259
53890.4800 7.1172 0.0766
53198.3064 6.7817 0.0992
57104.5182 5.4047 0.0608
54619.3119 5.5959 0.0702
