57420.5648 2.5340 0.0302
57191.4456 1.8711 0.0345
56833.3407 1.9886 0.0380
57134.4846 1.6367 0.0377
56751.3553 1.8747 0.0448
56831.3281 2.0912 0.0394
56783.3558 1.5442 0.0580
57520.3246 2.2539 0.0394
56772.5497 1.6659 0.0502
56805.4223 1.7882 0.0440
56723.5016 2.1735 0.0435
57479.5576 2.3086 0.0393
57123.5575 1.7410 0.0555
57542.3711 2.0532 0.0311
57160.3779 1.6937 0.0313
57157.4560 1.7394 0.0382
56839.3248 2.0452 0.0452
56798.4341 1.6786 0.0393
56803.4771 1.7008 0.0520
56837.3334 2.0922 0.0424
57492.5572 2.2365 0.0373
56809.4686 1.7697 0.0445
56741.6140 1.9177 0.0617
56835.3306 2.0795 0.0398
57216.2878 2.0171 0.0350
56778.3088 1.6963 0.0440
56801.3570 1.6107 0.0429
56780.3187 1.7303 0.0459
56744.5276 1.9583 0.0445
57433.5379 2.7087 0.0322
57223.3746 1.9251 0.0356
56715.5630 2.1301 0.0396
56781.3610 1.7493 0.0497
57220.2754 1.9894 0.0357
56811.4451 1.7943 0.0397
56722.4603 2.2164 0.0415
57508.4204 2.3221 0.0345
56807.3013 1.8521 0.0398
56841.3295 2.1193 0.0490
57567.3072 2.0997 0.0363
56712.4916 2.0770 0.0427
57547.4049 2.1447 0.0323
57213.2988 2.0069 0.0385
56776.4712 1.4172 0.0453
57104.4873 2.0327 0.0440
53472.5360 2.0145 0.0116
53474.4540 2.1066 0.0124
57166.3406 1.6335 0.0647
57185.4755 1.8731 0.0429
57078.4806 2.0319 0.0496
57105.5696 1.7146 0.0781
53770.6220 2.1544 0.0263
54620.3581 3.4466 0.0494
