57420.5752 6.4915 0.0273
56801.3671 7.0967 0.0395
56833.3463 7.0107 0.0379
56778.3160 7.1023 0.0419
56807.3086 7.1813 0.0409
56780.3265 7.2044 0.0420
57216.2961 6.5867 0.0338
57223.3821 6.6411 0.0339
57492.5649 6.4338 0.0341
56783.3648 7.1851 0.0474
56744.5348 7.6452 0.0423
56776.4785 7.0317 0.0396
57508.4274 6.7930 0.0334
56781.3681 7.2055 0.0453
56722.4674 7.6061 0.0393
57157.4639 6.9320 0.0363
57520.3322 6.8273 0.0358
56741.6263 7.5452 0.0531
57213.3068 6.7166 0.0310
56805.4296 7.2720 0.0405
56712.4987 7.2346 0.0394
56839.3331 6.8165 0.0418
57479.5652 6.3322 0.0352
56751.3624 7.5340 0.0410
56835.3385 7.1427 0.0380
57433.5449 6.4532 0.0310
56841.3382 6.9130 0.0422
57542.3781 6.6900 0.0314
56809.4761 7.3497 0.0446
57160.5043 6.9823 0.0359
56772.5574 7.1649 0.0456
56798.4412 7.1301 0.0390
56837.3407 7.0174 0.0395
57134.4895 6.8635 0.0362
56811.4523 7.2943 0.0385
56831.3353 7.1877 0.0376
57191.4505 6.8062 0.0347
57220.2834 6.5354 0.0344
56715.5701 7.3195 0.0373
57547.4116 6.7316 0.0327
56723.5087 7.5392 0.0415
53147.4525 8.5811 0.0100
56803.4877 7.2038 0.0553
57123.5698 6.5524 0.0583
57185.4829 6.7304 0.0541
57166.3501 7.0717 0.0456
57078.4881 6.6968 0.0403
57105.5725 6.3581 0.0522
57104.5165 6.4423 0.0529
54620.3618 7.4900 0.0567
