56743.5069 8.4739 0.1119
57420.5495 9.1329 0.0366
53467.4922 9.7916 0.0102
57567.2958 8.3862 0.0462
56781.3448 8.4581 0.0606
57508.4044 8.9116 0.0445
56776.4550 8.3777 0.0530
56780.3019 8.5073 0.0581
56803.4007 8.7258 0.0578
56831.3117 9.1778 0.0505
56778.2926 8.5335 0.0559
56835.3144 8.9934 0.0497
57542.3556 8.5524 0.0423
57547.3894 8.4887 0.0421
56723.4853 8.2988 0.0522
56805.4052 8.8715 0.0527
57433.5227 9.5254 0.0423
56839.3084 9.0665 0.0545
57459.5423 9.3845 0.0460
57160.3607 9.4017 0.0423
56712.4754 8.2042 0.0525
57133.4154 9.1371 0.0441
57194.4042 9.1758 0.0440
56715.5467 8.3640 0.0506
57157.4382 9.3037 0.0483
56744.5487 8.4537 0.0555
56841.3128 9.0008 0.0573
57216.2706 8.8551 0.0441
57223.3574 8.7451 0.0443
56751.3388 8.5843 0.0572
56837.3164 9.0583 0.0518
56833.3206 9.0975 0.0507
57479.5414 9.0196 0.0456
57213.2820 8.8854 0.0408
56722.4431 8.3617 0.0523
57078.4375 9.1656 0.0501
57220.2575 8.9213 0.0477
56772.5313 8.3787 0.0584
56801.3407 8.6459 0.0540
57520.3067 8.7005 0.0467
56809.4513 8.9094 0.0541
56783.3361 8.4473 0.0616
56798.4174 8.6789 0.0487
56807.2850 8.9428 0.0527
56811.4286 8.9869 0.0497
57492.5382 9.0942 0.0583
57185.4561 9.1366 0.0584
57191.4231 9.1325 0.0554
56741.5884 8.3133 0.0843
57460.4772 9.5758 0.1068
57195.4008 9.1033 0.0691
57166.3209 9.4186 0.0838
57123.5324 9.0745 0.0813
57105.5603 8.8567 0.0686
53884.4341 9.1226 0.0160
57134.4685 9.0561 0.0758
56721.5940 7.9394 0.1373
57419.5304 9.7267 0.1227
57104.4590 9.0172 0.0882
54620.3656 7.0718 0.0570
53770.6182 8.5229 0.0323
