53475.5620 24.4354 0.0169
57420.5551 19.5987 0.0608
56743.5259 18.0751 0.0633
56715.5518 18.8854 0.0864
57223.3628 18.9665 0.0789
56744.5538 18.5123 0.0925
57508.4095 22.0971 0.0833
57542.3605 21.8569 0.0840
56776.4601 18.4205 0.0870
57185.4773 18.9886 0.1027
57157.4438 19.2917 0.0829
57134.4715 19.2726 0.0803
57547.3942 21.7500 0.0826
56778.2977 18.2080 0.0905
57160.3661 19.4653 0.0751
57459.5477 19.6963 0.0854
56811.4337 18.3804 0.0849
57213.2876 19.1944 0.0741
53883.4566 23.0759 0.0214
57133.5978 18.9760 0.0931
56723.4904 18.5237 0.0882
57567.2959 22.3323 0.0867
56807.2900 18.5488 0.0927
56809.4564 18.4896 0.0916
56803.4635 18.3925 0.0936
56780.3072 18.2380 0.0968
57520.3123 22.0662 0.0847
56741.5967 18.3956 0.1041
56835.3194 17.9906 0.0840
56751.3440 18.5380 0.0935
56798.4224 18.7424 0.0840
56781.3499 18.4343 0.0947
56772.5372 18.4347 0.0932
56831.3168 18.0239 0.0850
56833.3258 18.0622 0.0831
56837.3214 18.1089 0.0872
57078.4520 18.0113 0.0795
56712.4805 18.8312 0.0892
56841.3181 18.0149 0.0930
56801.3458 18.7280 0.0891
56722.4482 18.5843 0.0874
57433.5275 19.6781 0.0776
56839.3135 18.1811 0.0931
57479.5463 21.2849 0.0932
56805.4104 18.7053 0.0898
53884.4341 23.9943 0.0216
57216.2759 19.2172 0.0799
57194.4096 19.1526 0.0782
56783.3413 18.3820 0.0994
57220.2635 19.1006 0.0801
57166.3288 18.8399 0.1149
57492.5456 22.1699 0.0940
57195.4033 19.3752 0.1246
57104.4634 18.9082 0.1124
57123.5397 19.2230 0.1595
53467.5113 24.3487 0.0325
