53462.4908 10.7326 0.0336
53847.5741 10.7954 0.0408
53911.3288 11.1011 0.0200
57479.5240 6.8902 0.0266
53851.4182 11.4283 0.0177
52730.5552 10.5189 0.0502
53853.4352 11.5451 0.0180
53524.3013 11.3351 0.0123
54186.5147 10.4041 0.0184
52698.6084 10.8116 0.0139
56715.4984 6.6299 0.0385
54531.5740 8.4845 0.0110
53586.2950 10.8408 0.0154
57420.5453 6.1058 0.0345
53466.6127 10.8366 0.0137
56803.4112 6.8961 0.0405
56743.5101 6.8482 0.0398
52710.6200 10.4616 0.0162
56741.5899 6.8512 0.0551
57567.2896 7.4417 0.0356
53583.3046 10.3610 0.0145
56811.4234 6.8402 0.0384
56778.2875 7.0117 0.0450
57520.3008 6.9887 0.0471
54570.4284 8.4201 0.0231
56780.2967 7.1109 0.0475
56831.3066 6.7019 0.0388
53799.4817 11.9475 0.0214
56723.4803 6.7439 0.0421
56835.3093 6.5788 0.0382
52817.2960 10.2535 0.0313
56837.3096 6.6481 0.0399
57542.3509 7.3268 0.0331
56744.5344 6.9063 0.0415
54262.4012 9.2265 0.0152
56841.3074 6.5959 0.0458
56801.3352 6.9041 0.0436
57508.3994 7.0928 0.0345
57459.5373 6.7353 0.0359
56807.2799 6.9314 0.0427
56781.3397 7.2037 0.0507
54209.4929 10.3246 0.0144
56721.5901 6.8169 0.0463
54624.3824 8.3365 0.0136
56776.4499 7.0336 0.0415
56772.5257 7.3045 0.0494
56783.3308 7.1637 0.0510
54176.5493 10.0908 0.0153
53505.3888 11.3446 0.0196
57460.4734 6.7925 0.0355
56809.4460 6.9907 0.0427
56798.4117 6.9238 0.0383
56805.4000 6.9572 0.0399
57492.5332 6.8431 0.0379
56839.3033 6.5588 0.0420
56833.3155 6.6284 0.0388
56751.3336 7.1202 0.0477
53769.6082 12.1325 0.0154
54561.4254 7.4165 0.0131
53146.4901 9.7978 0.0156
54151.6503 10.5333 0.0169
54153.5968 10.5840 0.0163
54117.6461 10.7078 0.0149
53390.6489 9.6421 0.0153
54524.5266 8.4407 0.0192
53553.4142 10.9556 0.0162
52790.4028 10.3628 0.1332
54144.5888 10.7063 0.0160
53578.3431 10.6003 0.0199
53411.6236 10.4962 0.0151
54511.5807 8.6685 0.0126
54213.5722 10.1754 0.0179
54614.3924 8.3096 0.0149
54255.3352 10.0314 0.0191
54621.4059 8.3391 0.0143
56712.4708 6.5359 0.0456
54557.5455 8.4333 0.0145
54234.4877 10.1036 0.0153
53859.3669 10.7276 0.0183
53473.5879 11.0246 0.0171
53121.5132 10.1334 0.0151
54591.3863 8.3622 0.0137
54179.5219 10.4844 0.0154
54563.4941 8.5306 0.0151
52813.3474 10.1426 0.0184
54588.5522 8.2891 0.0179
53175.3845 9.2896 0.0148
53883.3893 9.8958 0.0161
54183.5063 9.3620 0.0157
53939.3067 10.6729 0.0162
53875.3594 11.2615 0.0158
53772.6264 12.0231 0.0174
52792.4193 10.0575 0.0236
54600.4459 8.3976 0.0283
54113.6612 10.7491 0.0179
54201.4537 10.3802 0.0160
54535.5077 8.4448 0.0137
53200.2667 9.4794 0.0150
53138.4614 9.7531 0.0157
53109.5778 9.9848 0.0193
53469.5188 11.0254 0.0159
53906.3684 11.1081 0.0182
52722.5967 10.2551 0.0258
53531.3615 11.3157 0.0160
53916.3248 11.1637 0.0191
53117.4850 10.1481 0.0150
53766.6170 11.9893 0.0162
53495.4394 11.3581 0.0163
52815.2953 10.5445 0.0111
54124.6309 10.6688 0.0153
54205.4858 10.2956 0.0167
54594.4526 8.3095 0.0140
53165.4100 9.5236 0.0144
54618.4140 8.4037 0.0140
54229.4787 10.1682 0.0216
54538.5772 8.3731 0.0159
53083.6071 10.2673 0.0160
53855.4161 10.0799 0.0154
53502.3879 11.4022 0.0165
54597.4509 8.3336 0.0139
53892.3770 11.1815 0.0240
54120.6630 10.6576 0.0183
53879.3083 11.2172 0.0166
53500.3158 11.3877 0.0158
53888.4064 10.3190 0.0166
54528.5221 8.5940 0.0128
53518.4487 11.3440 0.0296
52791.4573 10.0345 0.0241
57216.2664 5.4410 0.0389
52721.6238 10.3129 0.0341
57220.2508 5.5121 0.0906
57160.3564 5.2369 0.0361
57194.3999 5.3762 0.0386
53463.5851 10.8347 0.0255
57157.4336 5.3549 0.0399
57433.5183 6.3801 0.0345
57223.3531 5.3739 0.0391
53943.3035 11.1772 0.0187
56829.3208 6.6688 0.0554
53195.3475 9.2561 0.0163
56800.5027 9.4123 0.0805
57213.2777 5.3555 0.0356
54259.3136 9.9947 0.0164
57133.4106 5.3141 0.0364
53551.3298 11.2221 0.0172
53178.3759 9.3405 0.0162
57547.3854 7.3126 0.0368
53936.3058 11.1276 0.0184
56722.4392 6.7696 0.0541
54266.2931 9.9904 0.0170
53149.3314 10.0238 0.0166
53527.3534 11.4766 0.0174
53446.5332 10.8112 0.0173
53743.6315 11.7754 0.0172
53523.4194 9.3180 0.0225
57191.4184 5.3774 0.0502
57419.5251 6.4250 0.0684
53563.3393 9.2850 0.0276
54620.3574 8.4178 0.0451
57195.3988 5.1522 0.0610
57185.4502 5.5439 0.0636
57134.4666 5.4244 0.0643
57123.5278 5.2527 0.0939
57155.3464 5.0181 0.2415
56711.5225 6.5645 0.0906
57104.4484 5.4605 0.0532
53890.4800 11.1001 0.0872
57156.4557 5.1979 0.0476
53198.3064 9.2878 0.1006
57078.4234 5.2752 0.0579
54619.3119 8.5292 0.0792
57166.3176 5.4413 0.1035
57105.5577 5.4427 0.0857
