56783.3499 6.7722 0.0594
56781.3570 6.7670 0.0545
56780.3146 6.8130 0.0528
57123.5514 4.8242 0.0545
56772.5452 6.8141 0.0572
57191.4374 5.4162 0.0422
56798.4301 6.5550 0.0456
57420.5614 5.0464 0.0444
56778.3048 6.7916 0.0510
56776.4673 6.9162 0.0500
53496.3537 12.5544 0.0146
57134.4836 5.4017 0.0549
57078.4761 5.1730 0.0499
57508.4155 5.5138 0.0542
56831.3230 6.4024 0.0629
56833.3319 6.3290 0.0629
57213.2940 5.2325 0.0501
56801.3519 6.6907 0.0690
57216.2824 5.2310 0.0542
56805.4172 6.6205 0.0696
56715.5579 6.5505 0.0628
57223.3692 5.0881 0.0549
56723.4965 6.8321 0.0669
56803.4711 6.6907 0.0761
57220.2700 5.1995 0.0551
56744.5224 6.9758 0.0683
57567.3017 5.2780 0.0599
56839.3197 6.1426 0.0691
56841.3244 6.3844 0.0755
57185.4701 5.1342 0.0613
56811.4400 6.4522 0.0638
56835.3256 6.3026 0.0626
56751.3502 6.9737 0.0721
56837.3276 6.1839 0.0661
57479.5522 5.1634 0.0582
57433.5331 5.1096 0.0499
57542.3663 5.3283 0.0504
57157.4503 5.2577 0.0594
56809.4634 6.4396 0.0717
57133.6071 5.2608 0.0746
56741.6067 6.6376 0.0887
56722.4552 6.6737 0.0653
56807.2962 6.5440 0.0680
57547.3999 5.2608 0.0508
57492.5517 5.2074 0.0533
56712.4866 6.4137 0.0667
57160.3725 5.4571 0.0508
57520.3190 5.3182 0.0622
52793.2708 3.3211 0.0583
57166.3360 5.3578 0.0709
