57420.5648 2.3751 0.0287
53472.5316 2.4486 0.0095
57191.4456 2.5882 0.0339
56833.3407 1.5118 0.0354
56839.3248 1.6018 0.0424
56831.3281 1.4389 0.0364
56783.3558 1.5112 0.0554
57520.3246 2.4897 0.0381
56723.5016 2.0237 0.0414
56805.4223 1.4378 0.0412
57479.5576 2.5312 0.0378
57123.5575 2.4281 0.0537
57542.3711 2.6076 0.0307
57160.3779 2.4490 0.0313
57157.4560 2.4548 0.0376
56776.4714 1.4823 0.0388
56798.4341 1.3000 0.0367
56835.3306 1.5540 0.0371
56803.4771 1.3491 0.0493
56837.3334 1.6298 0.0396
57492.5572 2.6192 0.0364
56809.4686 1.4814 0.0419
56741.6140 1.8780 0.0590
57216.2878 2.8173 0.0350
56778.3088 1.6737 0.0418
57134.4855 2.4430 0.0373
56801.3570 1.4030 0.0406
56780.3187 1.4080 0.0431
56744.5276 1.8330 0.0423
57433.5379 2.4923 0.0303
57223.3746 2.8194 0.0354
56715.5630 1.9784 0.0376
56781.3610 1.5060 0.0470
57220.2754 2.8203 0.0356
56811.4451 1.4640 0.0372
56722.4603 1.9962 0.0393
57508.4204 2.4663 0.0334
56751.3553 1.9729 0.0429
56807.3013 1.4014 0.0370
56841.3295 1.8957 0.0466
57567.3072 2.5635 0.0355
56712.4916 2.0464 0.0407
57547.4049 2.6076 0.0320
56772.5497 1.4475 0.0477
57213.2988 2.7038 0.0382
57104.4873 2.4145 0.0427
53474.4540 2.5525 0.0129
57166.3406 2.6154 0.0637
57185.4755 2.5047 0.0423
57078.4806 2.4724 0.0478
57105.5696 2.3486 0.0767
53770.6220 3.0066 0.0270
54620.3581 3.6546 0.0485
