57420.5518 12.2704 0.0364
56743.5069 16.8952 0.0408
57567.2954 12.6525 0.0371
57547.3913 13.6215 0.0349
57520.3089 13.2574 0.0366
57542.3576 13.5882 0.0347
57157.4404 14.3523 0.0629
57479.5434 13.5608 0.0384
57433.5246 13.0349 0.0334
57459.5445 13.6033 0.0370
57078.4438 15.1184 0.0397
57216.2727 13.6271 0.0578
57220.2599 13.6357 0.0661
57508.4065 13.5642 0.0354
57160.3628 14.3252 0.0466
57213.2842 13.6912 0.0463
57223.3595 13.3488 0.0499
56811.4303 16.9267 0.0482
56783.3378 16.6689 0.0566
57194.4053 14.0550 0.0759
56807.2867 15.3619 0.0502
56751.3405 17.2007 0.0540
56772.5332 16.6444 0.0541
56781.3465 16.5206 0.0554
56833.3223 12.3996 0.0441
56722.4448 16.5635 0.0502
57492.5408 12.9698 0.0420
56712.4771 16.7816 0.0509
56741.5917 14.0580 0.0581
56723.4870 16.6148 0.0504
56715.5484 16.7275 0.0492
57133.4762 14.4467 0.0443
56776.4567 16.7531 0.0507
56831.3134 12.4133 0.0443
56780.3037 16.6622 0.0549
56778.2943 16.7390 0.0528
56839.3101 11.7196 0.0472
53467.4922 12.7448 0.0111
57134.4700 15.0342 0.0849
56803.4007 16.7790 0.0673
57191.4242 14.0393 0.0786
56835.3144 16.5711 0.0589
56744.5487 16.9418 0.0651
57185.4571 14.1155 0.0773
56841.3128 16.5132 0.0650
56837.3164 16.4816 0.0606
56801.3407 16.8014 0.0637
56809.4513 16.7070 0.0634
56798.4174 16.8942 0.0584
56805.4052 16.5826 0.0618
57195.4013 13.9969 0.1253
57166.3236 14.0346 0.0709
57105.5609 15.6470 0.1249
57460.4772 13.8633 0.1164
57104.4612 15.3647 0.0742
57123.5324 14.7805 0.0890
53883.4566 12.3247 0.0174
53884.4341 12.7569 0.0178
56721.5940 16.0102 0.1620
57419.5304 12.6181 0.1301
54620.3656 11.1612 0.0677
53770.6182 11.8086 0.0365
