57420.5718 2.2996 0.0296
56833.3442 1.8109 0.0354
52814.3124 2.2847 0.0086
56741.6247 1.7834 0.0600
56805.4265 1.8481 0.0418
56781.3651 1.6651 0.0463
57492.5616 2.2361 0.0337
56798.4382 1.7979 0.0384
57542.3753 2.5478 0.0314
56841.3344 1.7900 0.0461
57157.4605 2.2699 0.0372
57520.3289 2.4549 0.0388
56801.3611 1.9293 0.0430
56776.4755 1.7693 0.0400
56809.4728 1.7618 0.0435
56839.3294 1.8668 0.0427
57508.4244 2.3916 0.0330
57191.4470 2.2032 0.0345
56722.4643 1.8445 0.0395
57134.4858 2.2250 0.0362
56835.3351 1.7953 0.0374
56723.5056 1.8937 0.0419
56811.4492 1.7737 0.0378
57223.3789 2.0757 0.0344
57216.2922 2.1246 0.0340
56778.3129 1.7271 0.0433
56783.3617 1.7678 0.0531
57220.2801 2.1749 0.0347
56772.5541 1.6929 0.0494
56807.3055 1.8364 0.0392
56780.3231 1.8180 0.0437
56837.3376 1.8352 0.0401
56831.3322 1.7480 0.0363
57547.4087 2.4533 0.0314
56751.3593 1.8533 0.0423
56744.5318 1.8222 0.0425
56712.4957 1.9252 0.0404
57479.5619 2.3322 0.0379
56715.5670 1.8770 0.0365
57213.3036 2.1853 0.0309
57433.5416 2.2985 0.0304
56803.4819 1.7703 0.0599
57160.4616 2.1397 0.0408
57078.4859 1.9928 0.0368
57166.3455 2.1923 0.0481
57105.5711 2.1882 0.0530
57104.5060 2.1989 0.0436
57185.4795 2.2259 0.0631
57123.5621 2.2918 0.0777
57567.3097 2.5030 0.0899
