57420.5648 1.2786 0.0290
53472.5316 2.1679 0.0092
57191.4456 1.1660 0.0335
56833.3407 2.2034 0.0383
56839.3248 2.2356 0.0455
56831.3281 2.2490 0.0397
56783.3558 2.3762 0.0588
57520.3246 1.2801 0.0382
56723.5016 2.5114 0.0441
56805.4223 2.3138 0.0449
57479.5576 1.2795 0.0380
57123.5575 1.2665 0.0552
57542.3711 1.2949 0.0296
57160.3779 1.2100 0.0304
57157.4560 1.1339 0.0373
56776.4714 2.3908 0.0424
56798.4341 2.1534 0.0401
56835.3306 2.1250 0.0399
56803.4771 2.3187 0.0530
56837.3334 2.2287 0.0427
57492.5572 1.2368 0.0356
56809.4686 2.2555 0.0453
56741.6140 2.4200 0.0622
57216.2878 1.2046 0.0335
56778.3088 2.4710 0.0453
57134.4855 1.1436 0.0371
56801.3570 2.3224 0.0441
56780.3187 2.3076 0.0468
56744.5276 2.4142 0.0452
57433.5379 1.3594 0.0296
57223.3746 1.1950 0.0344
56715.5630 2.6173 0.0404
56781.3610 2.2393 0.0505
57220.2754 1.2136 0.0344
56811.4451 2.2633 0.0404
56722.4603 2.5525 0.0421
57508.4204 1.3161 0.0326
56751.3553 2.3992 0.0456
56807.3013 2.3842 0.0407
56841.3295 2.3541 0.0494
57567.3072 1.2984 0.0347
56712.4916 2.8325 0.0440
57547.4049 1.2842 0.0306
56772.5497 2.4385 0.0513
57213.2988 1.2751 0.0370
57104.4873 1.1796 0.0423
53474.4540 2.2538 0.0126
57166.3406 1.2153 0.0638
57185.4755 1.1587 0.0418
57078.4806 1.3134 0.0479
57105.5696 1.4732 0.0772
53770.6220 3.3232 0.0280
54620.3581 1.7323 0.0444
