56743.5069 1.6273 0.0293
57420.5495 1.4873 0.0304
53467.4922 1.7508 0.0070
57567.2958 1.3565 0.0352
52816.2955 1.6502 0.0084
56781.3448 1.6798 0.0524
57508.4044 1.4902 0.0328
56776.4550 1.6741 0.0435
56803.4007 1.5931 0.0482
56831.3117 1.7591 0.0396
56778.2926 1.5796 0.0462
56835.3144 1.6139 0.0388
57547.3894 1.4029 0.0306
56723.4853 1.6960 0.0427
56805.4052 1.6310 0.0424
57433.5227 1.6130 0.0300
56839.3084 1.6978 0.0445
57459.5423 1.5547 0.0340
57160.3607 1.4416 0.0310
56712.4754 1.6484 0.0434
57133.4154 1.2989 0.0335
57194.4042 1.4194 0.0332
56715.5467 1.7481 0.0409
57157.4382 1.3822 0.0378
56744.5487 1.8228 0.0465
56841.3128 1.5822 0.0489
57216.2706 1.2884 0.0325
57223.3574 1.3525 0.0339
56751.3388 1.6412 0.0484
56837.3164 1.6768 0.0414
56833.3206 1.6115 0.0398
57479.5414 1.4927 0.0369
57213.2820 1.2580 0.0297
56722.4431 1.6841 0.0428
57078.4375 1.2832 0.0425
57220.2575 1.4461 0.0406
56772.5313 1.6269 0.0509
56801.3407 1.6660 0.0445
57520.3067 1.4678 0.0389
56809.4513 1.6073 0.0434
57542.3556 1.4439 0.0306
56798.4174 1.6795 0.0388
56807.2850 1.5996 0.0415
56811.4286 1.7525 0.0391
57492.5382 1.4977 0.0449
57185.4561 1.4142 0.0469
56783.3355 1.6730 0.0670
56780.3013 1.7631 0.0608
57191.4231 1.5476 0.0429
56741.5884 1.5616 0.0760
57460.4772 1.8193 0.0883
57195.4008 1.5100 0.0527
57166.3209 1.3696 0.0703
57123.5324 1.2568 0.0730
57105.5603 1.3793 0.0523
57134.4685 1.2124 0.0597
56721.5940 1.3801 0.1174
57419.5304 1.4941 0.1086
57104.4590 1.2811 0.0639
54620.3656 1.9186 0.0445
53770.6182 2.2982 0.0247
