57420.5625 6.1379 0.0327
56833.3397 5.4834 0.0367
53496.3516 12.3056 0.0112
53472.4934 12.1333 0.0119
56712.4876 5.4995 0.0459
56783.3499 5.4611 0.0569
56715.5589 5.5381 0.0432
57157.4515 6.1912 0.0425
56722.4562 5.5017 0.0450
56809.4644 5.5678 0.0497
56839.3207 5.4410 0.0479
56841.3254 5.5521 0.0522
56781.3570 5.4213 0.0518
56835.3266 5.5049 0.0435
56811.4410 5.4637 0.0441
57492.5529 5.6851 0.0402
56751.3512 5.4023 0.0488
56837.3290 5.5942 0.0465
57133.6087 6.1218 0.0520
57213.2951 6.0559 0.0370
56780.3146 5.4551 0.0500
57160.3736 6.2208 0.0373
57123.5514 6.3681 0.0556
56772.5452 5.3873 0.0544
57191.4374 6.0910 0.0434
56805.4182 5.6064 0.0481
56744.5234 5.4532 0.0465
57223.3703 6.0675 0.0403
57547.4010 5.4350 0.0377
57220.2711 5.9944 0.0404
56741.6082 5.2278 0.0617
56803.4723 5.4552 0.0519
57508.4165 5.6371 0.0398
56831.3240 5.5004 0.0433
57134.4821 6.2935 0.0489
56807.2972 5.4258 0.0459
57433.5341 6.0820 0.0376
56778.3048 5.3294 0.0479
56798.4301 5.5382 0.0431
56801.3529 5.5097 0.0473
57567.3029 5.3361 0.0417
56776.4673 5.4047 0.0467
57542.3673 5.4588 0.0368
57216.2834 6.1940 0.0399
57479.5533 5.7991 0.0430
57520.3201 5.6042 0.0443
56723.4975 5.4860 0.0474
52793.2667 9.0858 0.0345
57078.4761 6.4276 0.0505
57166.3371 6.1818 0.0496
57185.4701 6.0970 0.0629
53388.6169 11.7190 0.0278
57104.4732 6.2791 0.0830
