57420.5763 3.5215 0.0312
56801.3688 4.1416 0.0434
56833.3478 4.6086 0.0430
56744.5358 4.3833 0.0483
56776.4795 4.1321 0.0444
56772.5585 4.3838 0.0528
56723.5097 4.7026 0.0470
56781.3691 4.1967 0.0526
57123.5698 3.5449 0.0570
56831.3363 4.5187 0.0421
57213.3079 3.3357 0.0330
57223.3832 3.6064 0.0375
57134.4907 3.5688 0.0407
56798.4422 4.1571 0.0445
56722.4684 4.6819 0.0440
56839.3341 4.5817 0.0485
57160.5054 3.6415 0.0399
56751.3634 4.1416 0.0456
56805.4306 4.3066 0.0454
57520.3333 3.4905 0.0404
53147.4525 3.3303 0.0087
57542.3791 3.7435 0.0335
56809.4772 4.4369 0.0514
57479.5663 3.4504 0.0402
56803.4885 4.2563 0.0567
56837.3417 4.5966 0.0447
57433.5460 3.6583 0.0332
56835.3395 4.6479 0.0427
57547.4125 3.7852 0.0348
57492.5660 3.4047 0.0382
56715.5711 4.5638 0.0416
57191.4517 3.6320 0.0391
56741.6278 4.3474 0.0638
56712.4997 4.5021 0.0446
56778.3170 4.3023 0.0472
57220.2845 3.5440 0.0378
57157.4650 3.6102 0.0405
56807.3096 4.2032 0.0462
56780.3275 4.0677 0.0478
56811.4533 4.3762 0.0427
56841.3393 4.5428 0.0487
57508.4284 3.3279 0.0348
57216.2975 3.4617 0.0359
56783.3659 4.1448 0.0555
57185.4838 3.6458 0.0558
57166.3513 3.7208 0.0464
57078.4898 3.1187 0.0497
57105.5730 3.2820 0.0578
57104.5182 3.5428 0.0567
54620.3618 3.1596 0.0468
