53462.4914 2.5347 0.0267
53847.5729 2.8774 0.0246
53911.3288 2.9194 0.0171
52730.5621 1.5740 0.0286
53851.4182 2.8689 0.0148
53853.4352 2.8505 0.0149
53586.2942 2.3283 0.0104
53524.3013 2.5158 0.0090
54186.5147 2.3831 0.0160
54531.5740 2.4242 0.0082
53466.6127 2.5019 0.0103
52710.6200 1.4300 0.0117
53583.3046 2.3126 0.0107
54570.4284 2.3408 0.0215
53799.4817 3.1390 0.0162
52817.2960 2.1533 0.0220
54262.4012 2.0239 0.0116
54209.4929 2.2307 0.0100
54624.3824 2.4237 0.0101
53505.3888 2.4791 0.0165
53769.6082 2.9269 0.0103
54561.4254 2.3675 0.0102
54151.6503 2.6734 0.0122
54153.5968 2.6426 0.0114
54117.6461 2.7785 0.0103
54524.5266 2.4479 0.0170
53553.4142 2.4438 0.0113
54144.5888 2.6801 0.0114
53578.3431 2.3231 0.0152
53411.6236 2.4266 0.0105
54511.5807 2.6140 0.0089
54213.5722 2.1791 0.0133
54614.3924 2.5006 0.0114
53936.3074 2.9977 0.0117
54255.3352 2.0947 0.0161
54600.4459 2.4960 0.0270
53200.2667 2.2760 0.0112
54621.4059 2.4676 0.0106
53146.4901 2.4624 0.0116
54266.2923 2.0211 0.0108
54557.5455 2.3882 0.0109
54234.4877 2.1330 0.0107
53859.3669 2.9106 0.0151
53473.5879 2.5167 0.0127
54229.4787 2.1302 0.0185
53121.5132 2.5661 0.0109
54591.3863 2.4884 0.0102
53939.3067 3.0329 0.0118
54563.4941 2.3806 0.0115
52813.3474 2.0771 0.0134
54588.5522 2.4385 0.0146
53175.3845 2.2088 0.0106
53883.3893 2.9049 0.0122
54183.5063 2.4135 0.0116
53551.3290 2.4658 0.0107
53875.3594 2.9371 0.0110
53772.6264 2.8244 0.0120
52792.4193 1.7524 0.0184
54201.4537 2.2923 0.0114
54535.5077 2.4083 0.0100
53446.5324 2.5927 0.0109
53943.3027 2.9817 0.0119
54259.3128 2.0649 0.0099
53138.4614 2.5337 0.0119
53109.5778 2.4654 0.0155
53469.5188 2.5167 0.0113
53178.3751 2.1657 0.0105
53149.3330 2.4530 0.0109
53906.3684 2.9146 0.0133
52722.5967 1.5090 0.0228
53390.6489 2.2660 0.0113
53531.3615 2.4990 0.0112
53916.3248 2.9500 0.0147
53117.4850 2.5244 0.0107
53766.6170 2.9388 0.0108
53495.4394 2.5192 0.0115
54176.5642 2.4982 0.0111
54124.6309 2.7024 0.0106
54205.4858 2.2575 0.0123
54594.4526 2.5050 0.0105
53165.4100 2.2570 0.0104
54618.4140 2.4879 0.0105
53527.3526 2.4855 0.0108
53122.4995 2.5525 0.0073
53195.3465 2.2057 0.0105
53743.6336 2.9425 0.0102
54179.5219 2.4684 0.0108
53500.3158 2.5185 0.0113
53518.4479 2.4946 0.0238
54538.5772 2.4416 0.0122
54113.6612 2.8595 0.0146
53083.6071 2.2893 0.0115
53855.4161 2.8666 0.0114
53502.3879 2.5050 0.0122
54597.4509 2.4902 0.0104
53892.3770 2.9311 0.0217
54120.6630 2.7368 0.0146
53879.3083 2.8789 0.0119
53888.4064 2.8697 0.0127
54528.5221 2.5107 0.0093
52791.4573 1.7124 0.0190
52721.6238 1.4459 0.0311
57420.5776 3.0621 0.0448
53463.5851 2.4714 0.0212
53523.4194 2.4989 0.0182
56833.3500 2.7821 0.0557
52790.3997 1.7020 0.0214
53563.3393 2.3038 0.0231
56798.4432 2.6814 0.0625
57433.5476 3.1748 0.0477
54620.3574 2.4196 0.0336
57157.4661 2.9494 0.0582
57520.3344 2.7417 0.0581
56712.5008 3.3672 0.0624
56809.4782 2.4288 0.0744
56807.3106 2.6382 0.0622
56831.3373 2.6704 0.0572
57479.5673 2.9285 0.0573
56778.3180 2.5687 0.0646
56772.5596 2.6786 0.0739
57508.4294 2.7429 0.0504
56781.3701 2.6661 0.0757
57542.3800 2.5455 0.0467
56801.3664 2.6241 0.0662
57191.4528 2.9369 0.0550
56841.3403 2.7130 0.0659
57123.5713 2.8560 0.0823
56751.3644 2.9714 0.0631
57223.3843 2.9998 0.0540
56722.4695 3.2207 0.0619
57216.2995 3.0576 0.0528
57160.5065 2.8824 0.0555
56741.6293 2.9931 0.0900
56744.5368 2.8235 0.0671
56715.5721 3.1769 0.0572
57492.5671 2.7447 0.0560
57220.2856 3.0896 0.0543
56776.4806 2.5317 0.0613
56839.3351 2.6866 0.0666
57166.3518 2.7108 0.0595
56780.3285 2.6328 0.0665
57134.4919 2.8725 0.0559
56837.3427 2.7571 0.0611
57547.4135 2.5578 0.0479
56835.3405 2.6634 0.0582
56805.4316 2.6154 0.0632
56803.4898 2.7766 0.0829
56783.3669 2.6307 0.0775
56811.4543 2.6796 0.0586
56723.5107 3.2211 0.0651
53890.4800 2.9197 0.0639
53198.3064 2.1216 0.0908
57078.4915 2.7495 0.0610
54619.3119 2.4517 0.0603
57105.5735 3.0121 0.0845
57185.4850 2.9426 0.1207
57213.3084 3.1820 0.0762
