57420.5502 4.2530 0.0364
56743.5069 6.2334 0.0326
57567.2954 2.9052 0.0264
57547.3913 2.9435 0.0232
57520.3089 3.1888 0.0286
57459.5445 4.3560 0.0274
57194.4064 4.9752 0.0702
57542.3576 3.1613 0.0233
57479.5434 4.1425 0.0301
57433.5246 4.3220 0.0243
57508.4065 3.4958 0.0248
57078.4407 5.4758 0.0318
57213.2842 4.9390 0.0601
57220.2593 4.7799 0.0821
57157.4399 5.6472 0.0804
57223.3590 4.6608 0.0602
57216.2717 4.7528 0.0647
57492.5408 3.6327 0.0313
57160.3623 5.5364 0.0542
57185.4639 4.8834 0.1058
53467.4922 4.5915 0.0084
57133.4521 5.7515 0.0428
56776.4550 6.3971 0.0495
57191.4242 4.7756 0.0685
56780.3019 6.0571 0.0543
56803.4007 5.9240 0.0534
56831.3117 5.6174 0.0445
56778.2926 6.1605 0.0517
56712.4754 6.3599 0.0493
56811.4286 5.7644 0.0440
56741.5892 6.1454 0.0634
56835.3144 5.7302 0.0442
56715.5467 6.3392 0.0470
56751.3388 6.0790 0.0530
57134.4698 5.8638 0.1057
56744.5487 6.2262 0.0515
56841.3128 5.6951 0.0528
56781.3448 6.1058 0.0565
56837.3164 5.6361 0.0463
56833.3206 5.6790 0.0451
56807.2850 5.5324 0.0467
56772.5313 6.1312 0.0553
56801.3407 5.8855 0.0496
56722.4431 6.2809 0.0484
56809.4513 5.7385 0.0485
56783.3361 5.8661 0.0580
56723.4853 6.2668 0.0484
56798.4174 5.9907 0.0444
57195.4018 4.8571 0.1173
56839.3084 5.7218 0.0493
56805.4052 5.8187 0.0475
57123.5349 5.6208 0.1567
57166.3236 5.3103 0.1089
57105.5609 5.9351 0.1125
57460.4772 4.3212 0.0942
57104.4612 5.8753 0.1342
53884.4341 5.3416 0.0144
54620.3656 5.3598 0.0544
53770.6182 5.0792 0.0285
56721.5940 6.2828 0.1328
53883.4528 5.1781 0.0196
57419.5304 4.1817 0.1138
