52730.5705 2.1237 0.0244
53462.4934 1.9531 0.0396
53911.3288 1.6601 0.0172
53851.4182 1.6559 0.0150
53847.5758 1.6663 0.0253
56801.3749 1.5174 0.0277
53853.4352 1.6791 0.0151
53524.3013 1.8524 0.0090
54186.5147 1.4982 0.0160
52698.6084 2.0567 0.0099
54531.5740 1.5534 0.0079
53586.2950 1.6947 0.0119
57420.5809 2.2556 0.0302
53466.6138 1.9298 0.0112
52710.6200 2.0798 0.0123
54570.4284 1.5674 0.0218
52817.2960 1.8656 0.0230
54209.4929 1.6034 0.0099
53583.3057 1.6887 0.0117
57191.4580 2.3662 0.0337
53505.3888 1.7301 0.0167
56833.3526 1.6008 0.0328
53769.6082 1.9247 0.0099
53146.4901 1.5710 0.0114
54117.6461 1.4677 0.0096
54524.5266 1.5173 0.0169
53553.4142 1.8418 0.0113
54144.5888 1.4538 0.0108
54511.5807 1.5792 0.0084
53200.2667 1.5261 0.0108
54266.2923 1.6123 0.0107
54557.5455 1.6174 0.0106
52813.3474 1.8917 0.0137
53109.5778 1.6119 0.0153
54588.5522 1.6130 0.0145
53799.4830 1.8720 0.0190
53551.3290 1.8337 0.0107
53939.3067 1.7456 0.0114
52792.4193 2.0298 0.0193
54535.5077 1.5684 0.0097
53943.3027 1.7685 0.0114
54259.3128 1.6154 0.0098
53138.4614 1.5340 0.0116
53149.3330 1.5246 0.0105
52722.5967 2.1715 0.0234
53531.3615 1.8926 0.0112
53195.3465 1.5573 0.0103
53411.6236 1.8560 0.0103
52815.2953 1.9113 0.0080
54176.5642 1.4331 0.0106
54124.6309 1.4503 0.0100
54624.3833 1.6457 0.0109
53772.6264 1.9473 0.0119
54594.4526 1.5594 0.0100
54591.3863 1.6385 0.0099
54600.4459 1.7523 0.0274
54262.4003 1.6035 0.0128
54538.5772 1.5621 0.0118
54113.6612 1.4816 0.0142
53083.6071 1.6200 0.0112
54597.4509 1.6924 0.0101
54120.6630 1.4204 0.0141
54528.5221 1.5825 0.0089
53518.4487 1.7594 0.0271
56712.5038 1.5072 0.0402
53892.3754 1.5957 0.0242
52791.4573 2.0125 0.0198
56751.3675 1.4299 0.0416
52721.6238 2.1437 0.0318
57433.5504 2.3059 0.0306
53502.3887 1.7308 0.0136
56744.5399 1.4413 0.0443
56837.3458 1.6532 0.0411
53888.4048 1.6112 0.0140
54151.6511 1.4290 0.0132
57220.2890 2.3068 0.0339
54255.3360 1.5864 0.0185
53859.3678 1.6187 0.0167
53743.6353 1.9738 0.0109
57216.3027 2.2343 0.0346
53469.5196 1.9051 0.0126
56715.5752 1.4453 0.0368
56839.3381 1.6635 0.0461
53766.6179 1.9230 0.0115
54153.5976 1.4057 0.0120
56811.4574 1.5681 0.0389
56741.6340 1.5253 0.0636
56809.4820 1.5401 0.0452
53936.3082 1.7204 0.0126
53883.3877 1.5859 0.0130
56723.5137 1.4037 0.0412
54179.5227 1.4643 0.0117
56798.4478 1.4351 0.0444
53165.4108 1.5388 0.0114
54614.3932 1.6375 0.0124
54618.4147 1.6332 0.0114
57547.4163 2.0082 0.0318
53117.4860 1.5995 0.0116
53473.5887 1.9078 0.0144
57213.3122 2.2445 0.0313
56831.3404 1.5471 0.0373
53175.3853 1.5192 0.0115
57134.4954 2.3479 0.0380
56807.3136 1.4607 0.0381
53121.5140 1.5729 0.0116
52790.4020 2.0597 0.0383
54563.4950 1.6268 0.0123
56841.3435 1.6032 0.0462
53875.3602 1.6075 0.0117
57542.3828 2.0252 0.0303
54183.5071 1.4953 0.0127
53500.3166 1.7425 0.0125
57123.5755 2.2316 0.0560
53879.3092 1.6202 0.0129
53446.5332 1.8689 0.0121
53855.4169 1.6493 0.0123
53178.3759 1.5094 0.0114
53906.3692 1.5903 0.0142
53390.6497 1.7967 0.0127
56722.4730 1.4685 0.0412
57508.4323 2.0621 0.0327
57492.5703 1.7925 0.0360
54205.4866 1.5227 0.0136
57479.5706 1.9622 0.0383
54621.4067 1.6041 0.0116
53495.4402 1.7661 0.0126
57223.3876 2.3252 0.0360
54201.4521 1.5173 0.0124
54213.5730 1.5947 0.0148
53578.3439 1.7311 0.0170
54561.4246 1.6050 0.0121
54234.4885 1.5861 0.0119
53916.3256 1.6204 0.0163
56835.3435 1.6223 0.0381
53527.3534 1.8178 0.0120
56805.4347 1.5431 0.0425
54229.4794 1.6232 0.0208
53523.4194 1.7468 0.0185
56803.4932 1.4493 0.0696
53563.3393 1.7407 0.0236
57520.3378 1.4494 0.0450
57157.4700 2.3183 0.0420
57166.3553 2.3978 0.0483
54620.3574 1.6136 0.0329
56772.5638 1.5128 0.0698
56776.4846 1.5273 0.0544
56783.3709 1.7183 0.0731
57160.5099 2.5657 0.0540
56778.3220 1.7085 0.0603
53463.5958 1.8507 0.0303
56781.3742 1.5147 0.0639
57185.4913 2.4206 0.0564
56780.3326 1.4630 0.0610
53890.4800 1.5917 0.0627
53198.3064 1.7044 0.0933
57105.5754 2.1124 0.0777
57078.4947 2.1720 0.0798
57104.5235 2.0630 0.0690
