56722.4551 0.7589 0.0322
56811.4402 0.7081 0.0333
53472.4966 1.5258 0.0091
56798.4273 0.7337 0.0351
56715.5581 0.7648 0.0327
56744.5234 0.7396 0.0389
56778.3053 0.7953 0.0446
56833.3311 0.8147 0.0443
56835.3230 0.7130 0.0388
56712.4864 0.7183 0.0376
56831.3228 0.6620 0.0342
57567.3015 0.7095 0.0388
56805.4148 0.6847 0.0549
57213.2930 0.6566 0.0401
56751.3518 0.7146 0.0503
57078.4772 0.7087 0.0455
56781.3586 0.6875 0.0774
57104.4658 0.6600 0.0612
57542.3658 0.6530 0.0612
56780.3100 0.6661 0.0672
54620.3631 1.4522 0.0425
56807.2968 0.6889 0.0607
56743.5349 0.6476 0.0649
56776.4689 0.6579 0.0650
56723.4971 0.7851 0.0666
57216.2818 2.6754 0.0760
