57420.5582 6.6511 0.0328
56780.3104 3.2962 0.0489
56833.3288 3.2659 0.0408
56807.2931 3.3285 0.0452
56778.3007 3.3795 0.0443
57220.2668 9.1152 0.0440
56803.4668 3.1345 0.0491
56776.4632 3.3769 0.0432
56723.4935 3.5789 0.0478
56831.3199 3.3189 0.0395
57216.2792 9.0816 0.0445
56839.3166 3.2359 0.0450
56841.3211 3.3543 0.0503
56722.4512 3.5611 0.0423
56744.5188 3.3973 0.0433
57542.3634 7.5437 0.0407
56805.4134 3.1928 0.0441
56781.3529 3.2943 0.0491
56801.3488 3.2396 0.0433
57492.5483 7.2410 0.0453
56811.4368 3.2820 0.0399
56772.5406 3.4064 0.0546
56809.4595 3.2244 0.0438
56798.4255 3.2277 0.0392
56783.3458 3.2550 0.0541
56715.5548 3.5661 0.0402
57160.3693 9.0004 0.0407
57547.3970 7.4947 0.0400
57213.2908 9.1810 0.0410
56835.3225 3.2992 0.0395
56751.3471 6.3619 0.0524
57157.4471 8.8683 0.0469
57194.4123 9.2596 0.0529
57104.4669 8.2376 0.0694
56743.5348 3.4196 0.1456
56741.6137 3.2217 0.0956
57520.3158 6.7183 0.0561
57508.4136 6.8493 0.0573
57123.5440 8.5889 0.1004
57433.5308 6.6685 0.0520
56712.4830 3.6140 0.0684
57223.3654 8.9834 0.0702
57134.4738 8.4490 0.0701
57133.6016 8.5088 0.0856
56837.3240 3.1888 0.0671
57479.5481 7.1419 0.0691
57166.3310 9.2481 0.0779
57459.5493 6.5350 0.0935
57191.4309 9.0883 0.1067
54620.3631 3.3935 0.0465
