57420.5681 3.6628 0.0266
56833.3420 4.1789 0.0293
56781.3590 4.5004 0.0357
56780.3166 4.4809 0.0338
56783.3528 4.6177 0.0401
56778.3068 4.7319 0.0328
56776.4694 4.5834 0.0313
57191.4436 4.3215 0.0310
56809.4675 4.3936 0.0384
57160.3768 4.3468 0.0281
56741.6125 4.7830 0.0501
56807.3003 4.3785 0.0349
56841.3285 4.2833 0.0407
56803.4759 4.3953 0.0431
57567.3062 4.3409 0.0314
56712.4906 4.5505 0.0365
56801.3559 4.4283 0.0373
56811.4440 4.3581 0.0347
56723.5006 4.4878 0.0377
56744.5266 3.6428 0.0364
56772.5486 4.6396 0.0422
57157.4549 4.3005 0.0326
57479.5565 4.0468 0.0327
56722.4592 4.4763 0.0356
56835.3296 4.1954 0.0341
57492.5562 4.2144 0.0315
57520.3234 4.0823 0.0332
56837.3324 4.2705 0.0362
56751.3543 4.7098 0.0384
57508.4194 4.0749 0.0298
56831.3270 4.2316 0.0338
56839.3237 4.1615 0.0378
56805.4213 4.2859 0.0376
56715.5619 4.6066 0.0344
53472.5316 5.5634 0.0107
57078.4779 4.5411 0.0351
56798.4331 4.6095 0.0417
57542.3702 4.0341 0.0335
57547.4040 4.0850 0.0346
57223.3735 4.3373 0.0379
57134.4855 4.4011 0.0460
57216.2867 4.2544 0.0363
57220.2743 4.1874 0.0385
57166.3392 4.3536 0.0456
57123.5560 4.3020 0.0540
57433.5369 4.0289 0.0330
53496.3537 5.5024 0.0115
57185.4743 4.3668 0.0372
57213.2974 4.2531 0.0411
57133.6102 4.3591 0.0662
53474.4540 5.5833 0.0148
52793.2647 3.3104 0.0313
57104.4841 4.2762 0.0475
57105.5696 4.1299 0.0838
53388.6169 5.5215 0.0224
53770.6220 4.9899 0.0298
54620.3581 5.4885 0.0541
