52730.5705 3.8749 0.0251
53462.4914 3.8425 0.0271
53847.5729 3.7650 0.0248
53911.3288 3.8724 0.0175
53851.4182 3.7723 0.0151
53853.4352 3.7814 0.0153
53586.2942 3.8756 0.0111
53524.3013 3.9023 0.0096
54186.5147 4.2579 0.0166
54531.5740 4.4423 0.0092
53466.6127 3.8478 0.0109
52710.6200 3.8195 0.0130
53583.3046 3.9157 0.0115
54570.4284 4.3151 0.0221
53799.4817 3.7352 0.0166
52817.2960 3.8457 0.0238
54262.4012 4.0722 0.0127
54209.4929 4.2159 0.0113
54624.3824 4.1728 0.0112
53505.3888 3.8687 0.0170
56801.3688 2.8305 0.0407
53769.6082 3.8624 0.0109
54561.4254 4.3244 0.0114
53146.4901 3.5512 0.0123
54535.5077 4.4868 0.0114
54151.6503 4.3058 0.0133
54153.5968 4.2422 0.0125
54229.4787 4.1710 0.0193
54117.6461 4.2924 0.0113
54213.5722 4.2159 0.0146
54524.5266 4.4415 0.0179
53553.4142 3.8799 0.0122
54144.5888 4.2767 0.0125
53578.3431 3.9118 0.0162
53411.6236 3.9202 0.0114
54511.5807 4.5099 0.0102
54614.3924 4.2257 0.0125
53936.3074 3.9385 0.0124
54255.3352 4.1348 0.0170
54600.4459 4.2784 0.0274
54621.4059 4.1908 0.0118
54266.2923 4.1121 0.0121
54557.5455 4.3313 0.0122
54234.4877 4.1572 0.0120
53859.3669 3.7784 0.0155
53473.5879 3.8406 0.0135
53121.5132 3.5822 0.0115
54591.3863 4.2717 0.0113
54179.5219 4.3679 0.0121
54563.4941 4.3075 0.0127
52813.3474 3.8630 0.0147
54588.5522 4.2779 0.0157
53175.3845 3.5599 0.0115
53883.3893 3.8032 0.0128
53200.2667 3.6410 0.0120
53109.5778 3.6210 0.0162
54183.5063 4.2678 0.0128
53551.3290 3.8535 0.0116
53939.3067 3.9588 0.0124
53875.3594 3.7910 0.0116
56833.3478 2.9952 0.0398
52792.4193 3.8417 0.0199
53446.5324 3.8215 0.0117
53943.3027 4.0157 0.0126
54259.3128 4.0900 0.0113
53138.4614 3.5689 0.0125
53469.5188 3.8410 0.0121
53178.3751 3.5536 0.0114
53149.3330 3.5691 0.0115
53906.3684 3.8208 0.0139
52722.5967 3.9074 0.0238
53390.6489 4.0080 0.0124
53531.3615 3.8723 0.0121
53916.3248 3.8916 0.0152
53117.4850 3.6147 0.0114
53766.6170 3.8576 0.0115
53495.4394 3.7955 0.0123
53083.6071 3.4359 0.0122
54176.5642 4.2388 0.0122
54124.6309 4.2740 0.0117
54205.4858 4.2536 0.0136
54594.4526 4.2301 0.0116
53165.4100 3.5644 0.0113
54618.4140 4.1969 0.0116
53527.3526 3.8502 0.0116
53122.4995 3.6029 0.0078
53772.6264 3.8390 0.0127
53195.3465 3.6297 0.0115
53743.6336 3.9330 0.0109
53500.3158 3.8413 0.0121
53888.4064 3.8019 0.0133
53518.4479 3.9000 0.0243
54538.5772 4.4742 0.0136
54113.6612 4.2603 0.0152
53855.4161 3.7740 0.0120
53502.3879 3.7988 0.0129
54597.4509 4.2055 0.0115
53892.3770 3.8044 0.0219
54120.6630 4.2921 0.0154
53879.3083 3.7582 0.0125
54201.4537 4.2410 0.0127
54528.5221 4.4809 0.0106
52791.4573 3.8179 0.0204
56831.3363 3.0248 0.0388
52721.6238 3.9065 0.0321
56798.4422 3.0195 0.0417
56723.5097 3.0724 0.0434
56809.4772 3.1150 0.0485
57547.4125 3.7176 0.0348
56741.6278 2.0399 0.0597
57123.5698 3.3927 0.0554
57213.3079 3.9647 0.0336
57223.3832 3.9926 0.0376
56807.3096 2.5963 0.0425
56751.3634 2.9870 0.0427
56805.4306 3.0313 0.0425
56835.3395 2.7899 0.0389
57216.2975 3.8024 0.0361
56744.5358 2.2598 0.0438
52790.4020 3.7961 0.0384
56722.4684 3.0252 0.0405
57492.5660 3.8491 0.0392
57542.3791 3.7450 0.0337
57160.5054 3.6225 0.0392
56715.5711 2.9857 0.0381
56712.4997 2.9834 0.0412
57220.2845 3.8990 0.0378
57420.5776 3.8843 0.0441
56841.3393 2.5888 0.0450
56839.3341 2.7800 0.0447
57520.3333 3.8397 0.0403
57134.4907 3.4786 0.0398
57479.5663 3.7158 0.0400
56803.4885 3.0844 0.0539
56837.3417 2.8400 0.0411
53463.5851 3.8222 0.0220
57191.4517 3.6903 0.0383
57157.4650 3.6879 0.0400
56811.4533 2.7552 0.0393
53523.4194 3.8582 0.0191
57508.4284 3.8970 0.0361
57166.3513 3.6393 0.0454
54620.3589 4.2115 0.0295
53563.3393 3.8966 0.0242
57185.4838 3.7206 0.0548
57433.5476 3.7363 0.0478
57105.5730 3.3169 0.0569
56778.3180 3.0081 0.0625
56772.5596 3.1091 0.0711
56781.3701 3.1300 0.0731
56776.4806 3.1977 0.0600
56780.3285 3.0222 0.0643
56783.3669 3.0125 0.0751
53890.4800 3.8635 0.0667
53198.3064 3.7861 0.0935
57078.4915 3.2988 0.0595
57104.5182 3.4918 0.0553
54619.3119 4.1293 0.0655
