56743.5233 2.5193 0.0377
56803.4428 3.0822 0.0448
53475.5639 1.6665 0.0085
56741.6039 2.6278 0.0590
56744.5528 2.6227 0.0453
57420.5551 2.3778 0.0437
57194.4085 2.1036 0.0338
56783.3403 2.7763 0.0556
57185.4684 2.2002 0.0460
56805.4093 2.7594 0.0427
56780.3062 2.5304 0.0506
56781.3489 2.6846 0.0502
56778.2967 2.5572 0.0462
53467.5049 1.6241 0.0094
56809.4559 2.5355 0.0487
57078.4450 2.1303 0.0503
57542.3605 2.3318 0.0492
56776.4601 2.3558 0.0602
56715.5518 2.2873 0.0580
56833.3258 2.4054 0.0572
57157.4438 2.4012 0.0565
57134.4715 2.2811 0.0540
57547.3942 2.2600 0.0482
57459.5477 2.4841 0.0555
56811.4337 2.2036 0.0572
57213.2876 2.2892 0.0462
57133.5978 2.2200 0.0688
56723.4904 2.3192 0.0612
57567.2959 2.2846 0.0514
56807.2900 2.2579 0.0636
57508.4095 2.4721 0.0496
57520.3123 2.3370 0.0588
56835.3194 2.2368 0.0569
56751.3440 2.2792 0.0676
56798.4224 2.3824 0.0571
56772.5372 2.1569 0.0704
56831.3168 2.2864 0.0575
57160.3661 2.1782 0.0463
56837.3214 2.3894 0.0612
57195.4028 2.4293 0.0558
56712.4805 2.2276 0.0617
56841.3181 2.3323 0.0704
56801.3458 4.7619 0.0682
56722.4482 2.3197 0.0602
57433.5275 2.4046 0.0467
56839.3135 2.2413 0.0667
57223.3628 2.3870 0.0518
57479.5463 2.4249 0.0636
53884.4341 1.7531 0.0123
57216.2759 2.3763 0.0508
57220.2635 2.2787 0.0528
57166.3288 2.1132 0.0838
57492.5456 2.4197 0.0565
57104.4634 2.1868 0.0704
57191.4276 2.8756 0.0622
57123.5397 2.1543 0.1277
