57420.5625 5.2568 0.0321
56833.3397 3.4377 0.0344
53496.3516 4.9863 0.0088
57213.2956 4.4579 0.0518
57220.2716 6.8284 0.0629
56712.4876 3.7301 0.0437
56783.3499 3.0253 0.0544
56715.5589 3.6988 0.0407
57157.4515 3.9873 0.0400
56722.4562 3.7912 0.0428
56809.4644 3.5546 0.0469
56839.3207 3.4247 0.0452
56841.3254 3.5157 0.0500
56781.3570 3.3179 0.0493
56835.3266 3.4678 0.0408
56811.4410 3.4501 0.0414
57492.5529 6.2946 0.0410
56751.3512 3.7990 0.0470
56837.3290 3.3750 0.0435
57133.6087 4.2862 0.0504
56780.3146 3.2033 0.0474
57160.3736 4.1807 0.0349
57123.5514 4.3321 0.0544
56772.5452 3.3903 0.0528
57191.4374 4.3992 0.0416
56805.4182 3.4745 0.0453
56744.5234 3.7388 0.0443
57223.3703 5.2625 0.0397
57547.4010 6.0109 0.0384
56741.6082 3.5449 0.0604
56803.4723 3.4138 0.0497
57508.4165 6.6108 0.0412
56831.3240 3.4710 0.0406
57134.4821 4.2788 0.0467
56807.2972 3.4964 0.0431
57433.5341 5.6083 0.0368
56778.3048 3.3412 0.0453
56801.3529 3.5237 0.0448
57567.3029 6.1012 0.0428
56776.4673 3.7308 0.0447
57542.3673 6.2049 0.0379
57216.2834 5.0696 0.0388
57479.5533 6.0714 0.0433
57520.3201 6.3078 0.0453
56723.4975 3.8403 0.0454
52793.2667 2.8444 0.0286
57078.4761 4.2414 0.0478
57166.3371 4.0001 0.0473
57185.4701 4.3151 0.0605
56798.4291 3.5335 0.0573
53388.6169 4.3099 0.0212
57104.4732 4.1671 0.0772
