57420.5582 4.1169 0.0305
56741.6094 5.1323 0.0626
56743.5385 5.0027 0.1456
56811.4368 4.2608 0.0414
56780.3104 4.7006 0.0509
56833.3288 4.3726 0.0426
56807.2931 4.2990 0.0469
57479.5491 4.3667 0.0426
56712.4835 5.2988 0.0458
56778.3007 4.6049 0.0461
56837.3245 4.3808 0.0443
57220.2668 5.1484 0.0383
57567.2988 4.6299 0.0362
56776.4632 4.8602 0.0456
57191.4328 5.3417 0.0396
56831.3199 4.4226 0.0414
56839.3166 4.3273 0.0467
57223.3660 5.1428 0.0392
56841.3211 4.6149 0.0519
57194.4128 5.2318 0.0385
56722.4512 5.5474 0.0454
56744.5188 5.1821 0.0459
57542.3634 5.0383 0.0368
56723.4935 5.2055 0.0503
56805.4134 4.2508 0.0458
57508.4126 4.9330 0.0368
57185.4654 5.3533 0.0433
56781.3529 4.6031 0.0509
57433.5303 4.1017 0.0337
53472.4612 5.2082 0.0102
56801.3488 4.3091 0.0449
57492.5483 4.6929 0.0415
57520.3156 5.0640 0.0438
56772.5406 4.8889 0.0564
56751.3471 4.9886 0.0495
56809.4595 4.2890 0.0456
56803.4668 4.1518 0.0505
56798.4255 4.4096 0.0411
56783.3458 4.5125 0.0556
56715.5548 5.3550 0.0431
57160.3693 5.5904 0.0359
57547.3970 4.9175 0.0359
57213.2908 5.0854 0.0352
56835.3225 4.4405 0.0415
57157.4471 5.6459 0.0427
57123.5441 5.1528 0.0683
57104.4669 4.8886 0.0640
57216.2790 5.0797 0.0430
57133.6028 5.1886 0.0561
57459.5499 4.3439 0.0525
57134.4738 5.1478 0.0633
57166.3310 5.5717 0.0714
