57420.5718 46.2359 0.0586
57191.4452 33.8635 0.0987
56833.3442 41.4166 0.0774
57157.4597 37.5044 0.0946
52814.3124 39.7098 0.0191
56741.6247 43.8746 0.0939
56805.4265 41.6055 0.0871
56781.3651 42.1103 0.0902
57492.5616 43.8821 0.0768
56798.4382 41.6198 0.0821
57542.3753 45.5080 0.0795
56841.3344 41.9593 0.0869
57520.3289 44.8912 0.0759
56801.3611 41.6254 0.0869
57213.3036 45.3042 0.0755
56809.4728 41.4913 0.0902
56839.3294 41.9094 0.0882
57508.4244 44.8251 0.0797
56723.5056 44.3724 0.0894
56722.4643 44.3389 0.0868
57134.4858 42.9131 0.0757
57166.3446 37.4862 0.1141
56835.3351 41.5876 0.0834
56811.4492 41.2309 0.0832
57223.3789 46.4949 0.0797
57216.2922 45.5399 0.0819
56778.3129 42.6359 0.0891
56783.3617 42.1110 0.0906
57220.2801 46.1098 0.0823
57479.5619 44.7854 0.0756
56807.3055 41.5790 0.0873
56780.3231 42.3117 0.0873
56837.3376 41.3801 0.0850
56831.3322 41.6092 0.0827
57547.4087 45.4263 0.0797
56751.3593 44.2356 0.0888
56744.5318 44.5566 0.0893
56712.4957 44.6388 0.0875
56772.5541 43.1080 0.0909
56715.5670 44.3853 0.0845
56776.4755 43.0602 0.0857
57433.5416 47.1486 0.0801
56803.4819 41.1795 0.1115
57160.4616 44.4825 0.0919
57078.4859 44.4001 0.0860
57123.5614 31.0812 0.1035
57105.5711 42.9999 0.1198
57104.5060 42.7788 0.1033
57185.4795 44.2389 0.1227
56865.2996 41.7643 0.1657
57567.3097 43.9850 0.2008
56829.3185 41.4838 0.1552
