53847.5763 2.9042 0.0288
53462.4936 2.7845 0.0432
53911.3273 3.0850 0.0207
52730.5784 2.5134 0.0154
52698.6084 2.6309 0.0100
53851.4123 4.4112 0.0185
53524.2997 3.5267 0.0108
54186.5159 2.8818 0.0173
53586.2942 2.8739 0.0138
53853.4295 2.9251 0.0167
54531.5699 2.7069 0.0096
56801.3744 2.5797 0.0365
53583.3063 3.6510 0.0126
54117.6461 2.8015 0.0103
54624.3840 3.8946 0.0123
53505.3877 2.8309 0.0185
52710.6216 2.6460 0.0144
53883.3893 3.6172 0.0130
54183.5063 2.9348 0.0121
53466.6150 2.7794 0.0135
53149.3330 3.6190 0.0115
52722.5967 2.6036 0.0229
54561.4270 3.0726 0.0117
52815.2953 2.3685 0.0083
54209.4932 3.1574 0.0118
54262.4016 2.5185 0.0133
53888.4064 3.7060 0.0136
54528.5221 2.7199 0.0095
54153.5968 2.7004 0.0129
52791.4573 2.5027 0.0195
54120.6614 2.7691 0.0145
52721.6238 2.7001 0.0311
54179.5235 2.8945 0.0126
54557.5439 4.0668 0.0135
54144.5888 2.7865 0.0130
53138.4623 3.1221 0.0135
54229.4803 2.5646 0.0212
54591.3847 3.5290 0.0122
53943.3011 2.9478 0.0135
56776.4836 2.1867 0.0399
53939.3051 4.3210 0.0145
53769.6090 2.3828 0.0124
53446.5341 2.5046 0.0123
54113.6596 2.6689 0.0150
54151.6519 3.2937 0.0145
56783.3699 2.7701 0.0541
52817.2940 3.2859 0.0332
54535.5061 2.7805 0.0115
53502.3863 2.7292 0.0139
57191.4582 2.4613 0.0419
54618.4155 3.6969 0.0128
54570.4252 2.6492 0.0274
53411.6219 2.8605 0.0121
57420.5797 2.4978 0.0423
54176.5626 2.9260 0.0128
52792.4200 5.0042 0.0225
53146.4880 3.0201 0.0133
56778.3210 2.6500 0.0444
56780.3316 2.6471 0.0447
54124.6293 2.7165 0.0119
52790.4020 2.3920 0.0387
56781.3732 2.7969 0.0474
53175.3861 2.6660 0.0123
53195.3475 3.1078 0.0124
53553.4126 2.6622 0.0130
53121.5148 4.5381 0.0136
54563.4958 2.7804 0.0134
53500.3142 2.7376 0.0129
54588.5506 2.8184 0.0167
54538.5756 2.7764 0.0139
53875.3594 3.0606 0.0128
53200.2675 3.1164 0.0128
53892.3762 3.1977 0.0250
53551.3274 2.6833 0.0123
54511.5791 2.5589 0.0100
53178.3767 3.0957 0.0124
53906.3700 4.2956 0.0167
53390.6505 3.0034 0.0134
54201.4529 2.7047 0.0134
54234.4893 3.1346 0.0129
54597.4492 3.2566 0.0123
54621.4075 2.6636 0.0123
54255.3336 2.5546 0.0177
53531.3598 3.7912 0.0136
54524.5250 2.6198 0.0195
53879.3083 3.1156 0.0138
53916.3264 2.7751 0.0167
53578.3452 2.7812 0.0205
53473.5900 2.7881 0.0171
54266.2944 2.4934 0.0144
53117.4874 3.1329 0.0146
53527.3526 2.7691 0.0144
53799.4785 2.7680 0.0149
53855.4182 3.0069 0.0151
52813.3463 4.2976 0.0193
53469.5210 2.7457 0.0152
53766.6170 2.3286 0.0135
53936.3095 2.8947 0.0155
53165.4121 3.0070 0.0143
53495.4394 2.7609 0.0151
54259.3150 2.4463 0.0135
53743.6362 2.2999 0.0128
54205.4858 2.7262 0.0163
54594.4526 2.7345 0.0139
53083.6071 3.5919 0.0160
54600.4459 2.7530 0.0349
53772.6264 2.4145 0.0156
53518.4479 2.7732 0.0308
53859.3691 2.9494 0.0200
54213.5754 3.7313 0.0187
54614.3945 2.5955 0.0148
53523.4212 2.7804 0.0225
52816.2978 2.2138 0.0111
54620.3574 3.5096 0.0356
57479.5695 2.6829 0.0539
56803.4925 2.4393 0.0793
57134.4943 2.9675 0.0522
57508.4313 2.7482 0.0465
56837.3448 2.3624 0.0580
56831.3394 2.3451 0.0533
57213.3111 2.5976 0.0438
57433.5495 2.6836 0.0433
56839.3371 2.3747 0.0643
57216.3016 2.6403 0.0490
53563.3376 2.8185 0.0289
56744.5389 2.4232 0.0628
57123.5741 2.9502 0.0777
56723.5127 2.4905 0.0598
56772.5617 2.3842 0.0727
53109.5778 3.1669 0.0252
56833.3486 2.4986 0.0543
56798.4468 2.6057 0.0625
57542.3819 2.5963 0.0433
56809.4807 2.4507 0.0663
56741.6324 2.4151 0.0887
57220.2879 2.6869 0.0475
56807.3126 2.5437 0.0558
57547.4153 2.5109 0.0451
56751.3665 2.3685 0.0593
56841.3424 2.3050 0.0652
56712.5028 2.3217 0.0570
56805.4337 2.5396 0.0607
57078.4942 2.5711 0.0502
56715.5742 2.6424 0.0534
56811.4564 2.5451 0.0556
56835.3425 2.3830 0.0540
56722.4715 2.4253 0.0590
57492.5692 2.6337 0.0531
57223.3865 2.6179 0.0511
57520.3365 2.6552 0.0539
53890.4800 3.2784 0.0679
53198.3064 3.0674 0.0923
53463.5717 2.7433 0.0421
57157.4689 2.7801 0.0644
57166.3534 2.6060 0.0878
57160.5081 2.8217 0.0851
