56743.5101 2.8894 0.0354
57479.5333 2.8531 0.0325
56741.5899 3.0110 0.0519
56781.3397 2.9393 0.0456
56776.4499 2.8186 0.0359
56778.2875 2.8642 0.0395
56798.4117 2.9745 0.0332
57420.5387 2.3696 0.0349
56780.2967 2.8825 0.0423
57542.3509 2.5724 0.0260
53475.5639 1.9837 0.0085
57492.5332 2.7175 0.0319
56783.3308 2.9628 0.0466
56744.5344 2.8813 0.0368
56803.4158 2.7921 0.0432
56772.5257 2.8852 0.0442
57567.2904 2.4906 0.0362
57459.5364 2.3016 0.0372
57433.5183 2.8890 0.0288
56837.3086 2.9370 0.0440
56807.2789 2.9036 0.0478
56809.4449 2.7670 0.0466
56829.3208 2.8639 0.0494
56801.3342 2.8142 0.0491
56805.3990 2.9324 0.0435
56811.4224 2.8038 0.0417
56800.5027 2.6895 0.0707
56721.5890 2.6926 0.0519
57508.3984 2.8664 0.0356
56839.3023 3.0055 0.0476
57520.2996 2.8027 0.0575
57157.4336 3.8572 0.0376
56833.3145 2.9203 0.0426
56835.3083 2.9602 0.0418
56831.3056 2.8485 0.0422
57160.3564 3.7847 0.0337
57460.4724 2.9272 0.0350
56841.3064 2.9815 0.0528
57547.3854 2.3908 0.0284
56712.4698 2.0857 0.0523
57419.5251 2.9286 0.0628
56715.4119 2.7244 0.0754
56722.4387 2.3939 0.0538
57220.2493 3.2160 0.1514
57185.4502 3.5977 0.0597
57216.2653 3.5834 0.0518
56751.3357 2.8725 0.0705
57191.4179 3.3659 0.0551
57213.2766 3.4480 0.0462
57194.3988 3.5422 0.0513
57223.3520 3.3572 0.0509
57133.4091 3.7390 0.0444
57078.4234 3.5794 0.0553
57166.3176 3.6312 0.0973
57134.4662 3.6157 0.0848
57156.4557 3.7416 0.0453
57195.3983 2.1637 0.0760
57105.5577 3.6146 0.0797
53467.5113 1.9197 0.0162
57104.4411 3.8385 0.0847
57123.5267 3.6181 0.1269
