52730.5705 1.7073 0.0246
53851.4210 1.0790 0.0159
53847.5769 0.9822 0.0234
53911.3305 0.9996 0.0192
53853.4372 0.9981 0.0164
53462.4903 1.1051 0.0232
53586.2942 1.0137 0.0111
52698.6080 1.7550 0.0107
52710.6200 1.7163 0.0117
52817.2960 1.5916 0.0220
53524.3023 1.0732 0.0105
53583.3052 1.0011 0.0109
54186.5136 0.9486 0.0183
53466.6126 1.0932 0.0111
56801.3755 1.8906 0.0431
54561.4257 1.3833 0.0105
52813.3474 1.5837 0.0131
54570.4287 1.3234 0.0229
54531.5638 1.4283 0.0096
53109.5778 1.2872 0.0149
52722.5967 1.7513 0.0225
53769.6085 0.9539 0.0098
53799.4823 0.9937 0.0178
53083.6071 1.3077 0.0107
52792.4193 1.6677 0.0187
54262.4016 1.0242 0.0120
54151.6503 0.9700 0.0124
54153.5968 0.9645 0.0112
52791.4573 1.5788 0.0190
54117.6461 0.9757 0.0100
52721.6238 1.7412 0.0307
54524.5266 1.4484 0.0184
53578.3431 0.9840 0.0161
54511.5807 1.4414 0.0090
54614.3924 1.3367 0.0117
54255.3352 1.0217 0.0173
54600.4459 1.3940 0.0297
54621.4059 1.3785 0.0109
54266.2923 1.0081 0.0113
54557.5455 1.3915 0.0114
54234.4877 0.9944 0.0110
53859.3669 1.0062 0.0159
57520.3376 1.6312 0.0382
53473.5879 1.0940 0.0133
53121.5132 1.2845 0.0114
54591.3863 1.3461 0.0105
54179.5219 0.9705 0.0109
53195.3466 1.1563 0.0109
53175.3845 1.1781 0.0110
53446.5323 1.0872 0.0112
54624.3808 1.3541 0.0111
54183.5063 0.9598 0.0119
53551.3290 1.0433 0.0110
54563.4942 1.3967 0.0121
53875.3594 1.0422 0.0108
57420.5822 1.7322 0.0418
53855.4161 1.0012 0.0114
53117.4850 1.2681 0.0111
54535.5077 1.4496 0.0104
53943.3027 0.9787 0.0117
54259.3128 0.9939 0.0103
52790.4020 1.4951 0.0389
53146.4903 1.2098 0.0122
53469.5188 1.0841 0.0116
53178.3751 1.1366 0.0108
53149.3330 1.1881 0.0113
53906.3684 1.0094 0.0134
53916.3248 1.0123 0.0155
53766.6170 0.9800 0.0105
53495.4394 1.0643 0.0120
53939.3067 1.0030 0.0118
54144.5888 1.0036 0.0114
53505.3888 1.1313 0.0198
52815.2991 1.3822 0.0086
53772.6264 0.9476 0.0121
54594.4526 1.3528 0.0107
53165.4100 1.1932 0.0108
54618.4140 1.3344 0.0108
53743.6331 0.9786 0.0099
56833.3547 2.1568 0.0431
54209.4945 0.9435 0.0113
54229.4787 0.9845 0.0200
53500.3158 1.0625 0.0117
54538.5772 1.4332 0.0127
53502.3879 1.0619 0.0128
53390.6489 1.0821 0.0118
54597.4509 1.3841 0.0107
54528.5221 1.4507 0.0096
54213.5732 0.9124 0.0162
53531.3627 1.0493 0.0134
53523.4186 0.9827 0.0198
53892.3781 1.0204 0.0269
54588.5511 1.3631 0.0175
54201.4548 0.9613 0.0137
53138.4602 1.2088 0.0140
53200.2657 1.1120 0.0140
53553.4131 1.0305 0.0135
53936.3085 1.0018 0.0134
54124.6298 0.9622 0.0122
53888.4075 1.0413 0.0149
53879.3094 0.9949 0.0137
53883.3903 1.0029 0.0142
53411.6224 1.0799 0.0124
54113.6601 0.9472 0.0178
53463.5877 1.0704 0.0232
54205.4869 0.9714 0.0149
54120.6619 0.9416 0.0179
57508.4328 1.5404 0.0369
53518.4490 1.1070 0.0304
54176.5631 0.9406 0.0128
53527.3537 1.0762 0.0128
56841.3445 2.1780 0.0658
57220.2902 1.9104 0.0479
54620.3574 1.3503 0.0316
57134.4965 2.0018 0.0553
57213.3132 1.8642 0.0444
56715.5762 1.9909 0.0550
56772.5638 1.9350 0.0718
56776.4846 1.9174 0.0572
56722.4745 1.9594 0.0601
56744.5410 2.0270 0.0644
57547.4172 1.4555 0.0454
56778.3220 1.9347 0.0623
56811.4584 1.9687 0.0562
56783.3709 1.8873 0.0740
57166.3562 2.1076 0.0568
56741.6355 1.7737 0.0898
56835.3446 1.9944 0.0552
57123.5770 1.9745 0.0781
53563.3376 0.9983 0.0267
56809.4832 2.0372 0.0626
57191.4577 1.9912 0.0505
56723.5148 2.0326 0.0599
57223.3887 2.0363 0.0502
56798.4488 1.9581 0.0644
56712.5048 1.9833 0.0589
56837.3468 2.0099 0.0592
57542.3838 1.6470 0.0430
56807.3146 1.8863 0.0547
57433.5514 1.7544 0.0429
56839.3391 2.1515 0.0670
56781.3742 1.9698 0.0664
56831.3414 1.9759 0.0540
57185.4913 2.1452 0.0577
57216.3038 2.0249 0.0491
57479.5717 1.7309 0.0543
57492.5714 1.6074 0.0500
56780.3326 1.9896 0.0635
56751.3686 1.9777 0.0610
56805.4358 2.1098 0.0617
57157.4705 2.0209 0.0550
53890.4800 0.9270 0.0588
53198.3064 1.0380 0.0901
57105.5754 2.0902 0.0820
56803.4944 1.6743 0.1348
57078.4947 2.1464 0.0838
57160.5116 1.9852 0.0615
57104.5235 1.9893 0.0724
