56743.5069 18.5912 0.0408
52816.2955 19.3653 0.0144
57508.4044 19.4553 0.0578
56776.4550 19.6881 0.0656
56780.3019 19.2158 0.0691
56803.4007 19.2395 0.0695
56831.3117 19.4790 0.0623
56778.2926 19.4518 0.0679
56835.3144 19.4962 0.0617
56805.4052 19.2284 0.0645
56712.4754 18.5730 0.0641
56723.4853 19.0719 0.0642
56811.4286 19.2908 0.0612
56741.5892 10.0910 0.0673
57133.4154 17.8652 0.0542
56715.5467 18.9102 0.0627
56751.3388 18.8811 0.0678
56807.2850 19.2318 0.0654
56744.5487 18.9024 0.0667
56781.3448 19.3088 0.0713
56841.3128 19.4118 0.0676
57223.3574 17.2937 0.0546
56837.3164 19.4671 0.0635
56833.3206 19.5393 0.0625
56772.5313 20.1354 0.0696
57213.2820 17.4445 0.0509
56722.4431 19.1438 0.0647
57078.4375 15.2319 0.0599
56801.3407 19.5819 0.0663
56809.4513 19.5141 0.0663
56783.3361 19.2125 0.0713
56798.4174 19.3821 0.0606
57420.5506 17.1635 0.0615
57567.2909 20.3013 0.0718
57185.4561 17.2642 0.0695
57191.4231 17.3808 0.0669
57160.3618 17.9949 0.0756
57194.4053 17.2203 0.0772
56839.3094 19.5685 0.0968
57479.5424 18.4166 0.0797
57157.4393 17.9126 0.0857
57433.5237 17.3139 0.0748
57542.3566 20.2827 0.0845
57520.3078 19.8193 0.0823
57220.2589 17.2104 0.0804
57547.3904 20.1510 0.0822
57105.5603 18.6092 0.0862
57216.2717 17.2365 0.0779
57459.5435 17.7528 0.0794
57134.4685 15.0305 0.0868
56721.5940 18.8933 0.1623
54620.3656 14.2649 0.0732
57104.4590 18.7697 0.1146
53770.6182 14.5257 0.0390
57492.5393 17.7848 0.1400
57195.4013 17.2677 0.1212
57166.3221 17.6856 0.1483
