52730.5705 6.7423 0.0303
53847.5729 5.0823 0.0247
53462.4888 4.4679 0.0296
53911.3267 4.9437 0.0200
53586.2942 4.8298 0.0114
53853.4391 4.8715 0.0161
53851.4203 5.0790 0.0157
54186.5147 5.1669 0.0167
53524.3018 4.2425 0.0102
57420.5763 5.7997 0.0341
53583.3046 4.8020 0.0120
53799.4817 4.9755 0.0174
52817.2960 6.8839 0.0279
54209.4929 5.3685 0.0119
54262.4012 5.7290 0.0135
53466.6115 4.4318 0.0128
54531.5709 6.2741 0.0116
56801.3688 6.8961 0.0481
54561.4254 6.6075 0.0126
52710.6188 6.6135 0.0154
53146.4901 4.8554 0.0129
54153.5968 4.3475 0.0125
53553.4142 4.6851 0.0127
54144.5888 4.9545 0.0129
53578.3431 4.6585 0.0165
53936.3074 5.0376 0.0130
53883.3893 5.0305 0.0135
54266.2923 5.7836 0.0131
54557.5455 5.4443 0.0128
54234.4877 5.5563 0.0128
53505.3885 4.4370 0.0187
53121.5132 4.9534 0.0123
54624.3821 7.1339 0.0142
54179.5219 5.1362 0.0125
54563.4941 6.6449 0.0140
52813.3474 6.9025 0.0165
53109.5778 4.9394 0.0168
54183.5063 5.1433 0.0133
53859.3669 5.2231 0.0161
53551.3290 4.7073 0.0121
53939.3067 5.1904 0.0131
56833.3478 6.2295 0.0467
52792.4193 6.9784 0.0218
53446.5324 4.5551 0.0122
53943.3027 5.2631 0.0133
53138.4614 4.9165 0.0132
53200.2667 5.3779 0.0128
53178.3751 5.0950 0.0121
53149.3330 4.9566 0.0122
53906.3684 4.9615 0.0146
53390.6489 4.1520 0.0124
53916.3248 5.0425 0.0158
53495.4394 4.2874 0.0125
53083.6071 5.4772 0.0134
54176.5642 5.1315 0.0127
53117.4850 4.9519 0.0122
53165.4100 5.0434 0.0120
53527.3526 4.7044 0.0121
54570.4281 6.7491 0.0247
53769.6079 5.3441 0.0130
53195.3465 5.4000 0.0124
53743.6336 5.6402 0.0120
53888.4064 4.9864 0.0138
53518.4479 4.4006 0.0241
53855.4161 5.1332 0.0127
53502.3879 4.3347 0.0131
53892.3770 5.0104 0.0220
54201.4537 5.2928 0.0133
53500.3158 4.3415 0.0122
54614.3916 7.0466 0.0158
56723.5097 7.8299 0.0528
52791.4573 6.9848 0.0222
53175.3837 5.0793 0.0138
56831.3363 6.2140 0.0461
54255.3344 5.8231 0.0192
54524.5258 6.3091 0.0207
52721.6238 6.9498 0.0330
56798.4422 6.9077 0.0495
54591.3855 6.9939 0.0144
56809.4772 6.6476 0.0565
53473.5871 4.3800 0.0153
57547.4125 6.2677 0.0402
56741.6278 8.0839 0.0694
56807.3096 6.7605 0.0521
56780.3275 7.3452 0.0536
54600.4451 6.9689 0.0307
56778.3170 7.2990 0.0528
56776.4795 7.3701 0.0505
56781.3691 7.3574 0.0583
53766.6162 5.4559 0.0140
57213.3079 5.6584 0.0378
57223.3832 5.6915 0.0420
56751.3634 7.7233 0.0519
56805.4306 6.6768 0.0503
53772.6256 5.3045 0.0154
54535.5069 6.2912 0.0139
54213.5714 5.4049 0.0172
57433.5460 6.0723 0.0386
56835.3395 6.1631 0.0465
54588.5514 6.9508 0.0190
57216.2975 5.8103 0.0412
56744.5358 7.9850 0.0546
56772.5585 7.3684 0.0577
54621.4051 7.0904 0.0151
53469.5180 4.4333 0.0139
56722.4684 7.8327 0.0498
57492.5660 6.1773 0.0440
57542.3791 6.4308 0.0392
54205.4850 5.3084 0.0157
54594.4518 6.9177 0.0147
54618.4132 7.1379 0.0148
54124.6301 5.0275 0.0136
56715.5711 7.7198 0.0475
56712.4997 7.6363 0.0503
57220.2845 5.6752 0.0426
54229.4779 5.5546 0.0220
57123.5698 6.6998 0.0611
56841.3393 5.9891 0.0519
52722.5960 6.9164 0.0277
53875.3586 5.1678 0.0138
54117.6453 5.1269 0.0131
53411.6227 4.3868 0.0131
54597.4501 6.8616 0.0145
54120.6622 5.0354 0.0175
53879.3075 5.1333 0.0148
57520.3333 6.6156 0.0451
57134.4907 6.4565 0.0459
54538.5764 6.2795 0.0164
54113.6604 5.2570 0.0174
54528.5213 6.3752 0.0130
57479.5663 6.1466 0.0445
56803.4885 6.8383 0.0618
54151.6495 4.9222 0.0151
56837.3417 5.9466 0.0480
53463.5851 4.3823 0.0221
54259.3121 5.7856 0.0138
57191.4517 6.0830 0.0437
53531.3606 4.6917 0.0140
57157.4650 6.3262 0.0457
57160.5054 6.2767 0.0450
56811.4533 6.6283 0.0475
56839.3341 6.0187 0.0522
57508.4284 6.4282 0.0411
53523.4194 4.6583 0.0195
54511.5799 6.2210 0.0125
56783.3659 7.3393 0.0604
53122.5038 4.9383 0.0107
57166.3513 6.3887 0.0514
52790.4049 7.2571 0.2177
53563.3393 4.6214 0.0246
57185.4838 6.1933 0.0615
54620.3574 7.0621 0.0420
57105.5730 6.8138 0.0681
57078.4898 6.8666 0.0594
53890.4800 4.9643 0.0697
57104.5182 6.6560 0.0663
53198.3064 5.3953 0.0937
54619.3119 7.1030 0.0731
