57420.5648 2.4427 0.0301
57191.4456 2.7697 0.0358
56833.3407 1.9159 0.0379
57134.4846 2.5233 0.0388
56839.3248 1.9431 0.0451
56751.3553 2.0730 0.0452
56831.3281 1.7847 0.0387
56783.3558 1.9588 0.0584
53472.5332 1.7938 0.0102
57520.3246 2.5198 0.0397
56805.4223 1.9121 0.0442
56723.5016 2.0326 0.0433
57157.4560 2.5793 0.0396
57123.5575 2.5532 0.0563
57542.3711 2.4085 0.0317
57160.3779 2.5483 0.0327
57479.5576 2.8042 0.0399
56776.4714 2.0247 0.0417
56798.4341 1.9509 0.0398
56835.3306 1.7072 0.0391
56803.4771 1.9294 0.0524
56837.3334 1.8981 0.0421
57492.5572 2.6011 0.0379
56809.4686 1.8350 0.0446
56741.6140 2.0665 0.0618
57216.2878 2.5820 0.0360
56778.3088 2.0032 0.0445
56801.3570 1.9049 0.0434
56780.3187 1.9592 0.0463
56744.5276 2.0971 0.0447
57433.5379 2.6986 0.0321
57223.3746 2.4963 0.0366
56715.5630 2.0867 0.0395
56781.3610 1.7905 0.0498
57220.2754 2.5602 0.0367
56811.4451 1.9079 0.0399
56722.4603 2.0503 0.0413
57508.4204 2.6215 0.0350
56807.3013 1.8928 0.0398
56841.3295 1.9042 0.0487
57567.3072 2.1366 0.0364
56712.4916 2.1060 0.0428
57547.4049 2.3429 0.0327
56772.5497 2.0199 0.0507
57213.2988 2.6842 0.0399
57104.4873 2.4608 0.0448
53474.4540 1.8250 0.0122
57166.3406 2.6956 0.0669
57185.4755 2.6582 0.0441
57078.4806 2.3866 0.0504
57105.5696 2.4728 0.0808
53770.6220 2.3019 0.0265
54620.3581 2.4522 0.0466
