57420.5540 7.9504 0.0345
56743.5233 8.5475 0.0437
56741.6039 8.6059 0.0663
57220.2624 7.8996 0.0453
57133.5964 8.1459 0.0507
53475.5671 4.6326 0.0122
56722.4472 9.1155 0.0503
57547.3932 7.9344 0.0412
56723.4894 9.0705 0.0525
57194.4085 8.0196 0.0423
57433.5265 8.5879 0.0410
56798.4214 8.7856 0.0480
57223.3617 7.7511 0.0429
56751.3430 8.6712 0.0548
56783.3403 8.6476 0.0611
56772.5360 8.7361 0.0571
56803.4325 9.0318 0.0679
57185.4684 7.9738 0.0534
57160.3650 8.1603 0.0402
56841.3171 8.6867 0.0565
57542.3595 7.8139 0.0405
57157.4427 8.2415 0.0454
56712.4795 8.9406 0.0518
57459.5467 8.0728 0.0450
57216.2749 7.8666 0.0426
57520.3112 7.8433 0.0465
57567.2949 8.0087 0.0449
56715.5507 9.0901 0.0496
56835.3184 8.6439 0.0481
56780.3062 8.6575 0.0573
57479.5453 8.1535 0.0515
56839.3125 8.5773 0.0543
56744.5528 8.5803 0.0537
57508.4085 8.1701 0.0415
56781.3489 8.8334 0.0569
56776.4591 8.6003 0.0497
56837.3204 8.5499 0.0500
57078.4502 7.6951 0.0520
57213.2865 7.7551 0.0392
56831.3158 8.5578 0.0483
56778.2967 8.6433 0.0533
56833.3247 8.5598 0.0479
57492.5435 8.2002 0.0469
57134.4710 8.2602 0.0539
56807.2880 9.0556 0.0724
56801.3437 9.0368 0.0751
53883.4566 5.5183 0.0136
57195.4028 7.8329 0.0673
56811.4317 8.7508 0.0686
56805.4083 8.9877 0.0742
57104.4634 8.5620 0.0861
57191.4276 8.0706 0.0779
57123.5397 8.3627 0.1385
57105.5621 8.5644 0.0956
57166.3288 8.0420 0.0944
56809.4549 8.6798 0.0918
