57420.5718 8.7627 0.0355
56833.3442 6.7494 0.0427
53147.4525 8.1188 0.0097
52814.3124 7.6682 0.0107
56741.6247 6.9469 0.0645
56805.4265 6.7516 0.0495
56781.3651 7.0832 0.0541
57492.5616 8.2225 0.0434
56798.4382 6.9356 0.0463
57542.3753 7.7414 0.0411
56841.3344 6.6770 0.0526
57157.4605 8.4837 0.0458
57520.3289 7.8967 0.0459
56801.3611 6.4886 0.0499
56776.4755 6.8907 0.0479
56809.4728 6.8962 0.0518
56839.3294 6.7305 0.0503
57508.4244 8.0130 0.0431
57191.4470 8.4182 0.0428
56722.4643 7.0652 0.0477
57134.4858 8.4933 0.0442
56835.3351 6.5871 0.0452
56723.5056 7.0787 0.0499
56811.4492 7.1897 0.0468
57223.3789 8.0982 0.0432
57216.2922 8.0106 0.0435
56778.3129 7.0493 0.0514
56783.3617 7.0022 0.0590
57220.2801 7.9854 0.0438
56772.5541 7.0673 0.0562
56807.3055 6.1602 0.0468
56780.3231 6.9694 0.0511
56837.3376 6.8479 0.0480
56831.3322 6.8405 0.0448
57547.4087 7.6262 0.0413
56751.3593 6.6876 0.0495
56744.5318 7.0323 0.0502
56712.4957 6.8384 0.0479
57479.5619 8.5106 0.0458
56715.5670 6.9168 0.0447
57213.3036 8.1826 0.0400
57433.5416 9.3973 0.0428
56803.4819 6.6997 0.0683
57160.4616 8.4793 0.0515
57078.4859 8.2897 0.0472
57166.3455 8.4433 0.0573
57105.5711 8.2802 0.0667
57104.5060 8.2651 0.0562
57185.4795 8.3467 0.0739
57123.5621 8.3272 0.0835
57567.3097 7.5069 0.1121
