57420.5718 6.0043 0.0333
56833.3442 4.9735 0.0402
53147.4525 4.2384 0.0082
52814.3124 2.5070 0.0087
56741.6247 4.8344 0.0626
56805.4265 4.8762 0.0467
56781.3651 4.5447 0.0505
57492.5616 6.6358 0.0412
56798.4382 5.0930 0.0436
57542.3753 6.5019 0.0393
56841.3344 4.9288 0.0503
57157.4605 5.6479 0.0420
57520.3289 6.6603 0.0445
56801.3611 5.0427 0.0479
56776.4755 4.6467 0.0446
56809.4728 5.0148 0.0490
56839.3294 4.8796 0.0476
57508.4244 6.5352 0.0410
57191.4470 5.9476 0.0396
56722.4643 4.5481 0.0438
57134.4858 5.7290 0.0408
56835.3351 5.0145 0.0428
56723.5056 4.7086 0.0464
56811.4492 5.0481 0.0433
57223.3789 5.8251 0.0400
57216.2922 5.9582 0.0404
56778.3129 4.7289 0.0480
56783.3617 4.8433 0.0565
57220.2801 5.8840 0.0407
56772.5541 4.5837 0.0530
56807.3055 5.0822 0.0450
56780.3231 4.6377 0.0478
56837.3376 4.9252 0.0452
56831.3322 5.0417 0.0420
57547.4087 6.3914 0.0394
56751.3593 4.6262 0.0465
56744.5318 4.7839 0.0469
56712.4957 4.5087 0.0445
57479.5619 6.6965 0.0438
56715.5670 4.6472 0.0412
57213.3036 5.9739 0.0369
57433.5416 6.6808 0.0389
56803.4819 5.0015 0.0655
57160.4616 5.6765 0.0471
57078.4859 5.1410 0.0423
57166.3455 5.7043 0.0534
57105.5711 5.5603 0.0608
57104.5060 5.6100 0.0510
57185.4795 5.9772 0.0697
57123.5621 5.5194 0.0803
57567.3097 5.9280 0.1066
