57420.5645 11.4609 0.0443
57479.5598 12.1746 0.0346
57547.4068 11.4716 0.0324
57492.5594 12.2302 0.0345
57542.3732 9.4426 0.0300
57508.4224 11.6049 0.0334
57213.3016 10.4729 0.0597
57191.4463 11.8019 0.0436
57223.3760 12.7162 0.0598
57157.4575 11.6408 0.0627
57433.5407 12.4173 0.0377
57520.3278 11.6458 0.0400
57216.2889 12.4204 0.0616
57123.5590 11.7838 0.0772
57567.3077 10.8850 0.0457
57160.4285 12.5740 0.0792
57078.4838 8.6980 0.0345
52813.3181 10.3725 0.0109
57134.4875 11.7384 0.0577
56783.3558 11.3968 0.0640
56772.5497 11.7087 0.0587
56778.3088 11.4872 0.0545
56776.4714 11.6102 0.0522
56780.3187 11.2814 0.0553
56781.3610 11.4242 0.0588
57220.2754 10.2164 0.0460
57104.5023 11.9238 0.0964
57166.3446 12.8488 0.1132
57185.4767 12.0126 0.0725
57105.5706 11.6075 0.1153
56833.3438 9.7460 0.0602
56712.4926 11.8317 0.0750
56751.3563 12.1924 0.0786
56798.4351 10.7001 0.0698
56811.4461 10.1865 0.0695
56829.3180 10.0315 0.0648
56837.3344 9.5322 0.0709
56803.4782 10.3992 0.0859
56741.6154 11.9929 0.0942
56744.5287 12.1407 0.0791
56809.4696 10.0879 0.0755
56839.3258 9.4168 0.0738
56722.4613 12.0584 0.0735
56715.5640 11.9320 0.0718
56807.3023 10.1844 0.0713
56841.3305 9.4877 0.0770
56835.3316 9.8048 0.0689
56831.3291 9.7422 0.0677
56865.2991 10.1542 0.0678
56801.3580 10.6735 0.0732
56723.5026 12.2227 0.0781
56805.4233 10.2825 0.0741
53770.6220 11.9979 0.0372
54620.3581 13.4503 0.0688
