57420.5582 3.7091 0.0314
56743.5381 3.5399 0.0458
56741.6094 3.4776 0.0637
53472.4934 4.7412 0.0096
56780.3104 3.8910 0.0520
56833.3288 3.7249 0.0435
56807.2931 3.8846 0.0484
57479.5491 3.6467 0.0433
56712.4835 3.5823 0.0453
56778.3007 3.8842 0.0471
56837.3245 3.8806 0.0456
57220.2668 3.4910 0.0374
57567.2988 3.5570 0.0358
56776.4632 3.7177 0.0459
57191.4328 3.4217 0.0387
56831.3199 3.8375 0.0425
56839.3166 3.9389 0.0483
57223.3660 3.5071 0.0384
56841.3211 3.8711 0.0531
57194.4128 3.4134 0.0374
56722.4512 3.5971 0.0445
56744.5188 3.6633 0.0457
57542.3634 3.7524 0.0361
56723.4935 3.5895 0.0502
56805.4134 3.8524 0.0474
57508.4126 3.7404 0.0362
57185.4654 3.4752 0.0427
56781.3529 3.7945 0.0521
57433.5303 3.7320 0.0344
56801.3488 3.9619 0.0465
57492.5483 3.7571 0.0419
57520.3156 3.7661 0.0439
56811.4368 3.8165 0.0423
56772.5406 3.8524 0.0577
56809.4595 3.7561 0.0468
56803.4668 3.9399 0.0527
56798.4255 3.9714 0.0422
56783.3458 3.8866 0.0570
56715.5548 3.5203 0.0421
57160.3693 3.7074 0.0344
57547.3970 3.7366 0.0354
57213.2908 3.4371 0.0341
56835.3225 3.8102 0.0423
56751.3471 3.7599 0.0493
57157.4471 3.7198 0.0419
57133.6028 3.8528 0.0567
57123.5441 3.8359 0.0696
57104.4669 3.8575 0.0658
57216.2790 3.4127 0.0417
57459.5499 3.8152 0.0533
57134.4738 3.8405 0.0633
57166.3310 3.6297 0.0705
54620.3631 5.1344 0.0511
