57420.5634 3.9582 0.0346
57479.5555 2.6414 0.0277
57433.5360 2.4647 0.0223
57520.3223 2.6429 0.0285
57508.4185 2.5823 0.0245
57547.4029 2.7047 0.0234
57567.3051 2.6190 0.0261
57542.3692 2.6314 0.0226
57492.5551 2.5249 0.0258
57123.5536 8.5261 0.0893
56833.3397 2.3996 0.0320
57191.4416 4.4358 0.0717
53496.3516 2.5679 0.0079
57220.2723 2.2479 0.0438
57157.4520 3.0317 0.0628
57160.3745 4.5504 0.0558
56712.4876 2.7065 0.0411
56783.3499 2.4455 0.0525
56715.5589 2.6567 0.0382
56722.4562 2.3742 0.0396
56809.4644 2.3491 0.0436
56839.3207 2.3383 0.0424
56841.3254 2.3237 0.0472
56781.3570 2.4882 0.0471
56835.3266 2.5589 0.0383
56798.4301 2.3487 0.0377
56811.4410 2.4217 0.0386
56751.3512 2.6617 0.0443
57133.6087 2.4226 0.0473
56780.3146 2.4720 0.0454
56772.5452 2.4301 0.0507
56805.4182 2.4296 0.0425
57223.3703 2.3822 0.0347
56741.6082 2.6512 0.0583
56803.4723 2.4014 0.0473
56744.5234 2.8436 0.0421
57134.4821 2.4614 0.0435
56778.3048 2.6007 0.0431
56837.3290 2.4320 0.0410
56801.3529 2.2316 0.0419
57213.2951 2.3146 0.0310
56776.4673 2.5306 0.0417
57216.2834 2.2793 0.0333
56807.2972 2.3845 0.0400
56831.3240 2.3771 0.0377
56723.4975 2.5032 0.0422
52793.2667 2.3822 0.0281
57078.4761 2.5284 0.0435
57166.3371 2.2801 0.0442
53472.5286 2.3377 0.0151
57185.4701 2.2371 0.0558
53388.6169 1.9186 0.0189
57104.4732 2.5813 0.0690
53474.4508 2.3523 0.0172
