52730.5705 12.6649 0.0346
53462.4886 12.6353 0.0562
53847.5741 10.5037 0.0407
53911.3288 10.0152 0.0196
53851.4182 10.1445 0.0172
53853.4352 10.2950 0.0175
53586.2942 12.6551 0.0143
53524.3013 14.3054 0.0133
54186.5147 11.2766 0.0186
54531.5740 9.3470 0.0114
53466.6127 13.0205 0.0145
52710.6200 12.8685 0.0171
53583.3046 12.4395 0.0154
54570.4284 11.7351 0.0239
53799.4817 10.3827 0.0203
52817.2960 13.2012 0.0330
54262.4012 13.1396 0.0168
54209.4929 11.6590 0.0150
54624.3824 12.9548 0.0156
53505.3888 14.5892 0.0207
56801.3688 13.4683 0.0547
53769.6082 10.5279 0.0145
54561.4254 10.8188 0.0147
54535.5077 9.7122 0.0143
54151.6503 11.5725 0.0174
54153.5968 11.5960 0.0168
53146.4901 13.5893 0.0171
54117.6461 10.7533 0.0150
54213.5722 11.6060 0.0187
54524.5266 9.0633 0.0196
53553.4142 12.9324 0.0171
54144.5888 11.4320 0.0164
53578.3431 12.3038 0.0207
53411.6236 12.8926 0.0162
54511.5807 8.6575 0.0125
54614.3924 12.7772 0.0170
53936.3074 9.9531 0.0158
54255.3352 13.1581 0.0203
54600.4459 12.9494 0.0292
53200.2667 12.6518 0.0164
54621.4059 12.8483 0.0164
52790.4028 13.4281 0.1338
54266.2923 13.3198 0.0169
54557.5455 10.7599 0.0156
54234.4877 11.9096 0.0161
53859.3669 10.1466 0.0182
53473.5879 13.4982 0.0182
53121.5132 14.4989 0.0170
54591.3863 12.6393 0.0156
54179.5219 11.3912 0.0158
54563.4941 10.9681 0.0162
52813.3474 13.1600 0.0200
54588.5522 12.3117 0.0196
53175.3845 12.7087 0.0164
53883.3893 9.9326 0.0162
53109.5778 14.4311 0.0213
54183.5063 11.2549 0.0166
53551.3290 13.3527 0.0164
53939.3067 9.8899 0.0158
53875.3594 10.0421 0.0151
56833.3478 13.0940 0.0547
52792.4193 13.2233 0.0254
54201.4537 11.1996 0.0164
53446.5324 12.6219 0.0163
53943.3027 9.8499 0.0160
54259.3128 13.1597 0.0162
53138.4614 14.3175 0.0178
53469.5188 13.2432 0.0169
53178.3751 12.6563 0.0160
53149.3330 13.5680 0.0162
53906.3684 10.0195 0.0176
52722.5967 12.6586 0.0270
53390.6489 13.5684 0.0171
53531.3615 14.2647 0.0174
53916.3248 10.1256 0.0185
53117.4850 14.6394 0.0170
53766.6170 10.7284 0.0155
53495.4394 14.2125 0.0176
53083.6071 14.8769 0.0180
54176.5642 11.4110 0.0161
54124.6309 10.7510 0.0153
54205.4858 11.5910 0.0174
54594.4526 12.8103 0.0162
53165.4100 12.8870 0.0160
54618.4140 12.9167 0.0160
53527.3526 14.4669 0.0169
53122.4995 14.3753 0.0114
53772.6264 10.4990 0.0166
53195.3465 12.6806 0.0161
53743.6336 11.6797 0.0153
54229.4787 11.8543 0.0222
53500.3158 14.5942 0.0171
53888.4064 9.9835 0.0164
53518.4479 14.5999 0.0273
54538.5772 9.8556 0.0167
54113.6612 10.7889 0.0180
53855.4161 10.2657 0.0155
53502.3879 14.5951 0.0178
54597.4509 12.7921 0.0160
53892.3770 10.1641 0.0237
54120.6630 10.5730 0.0184
53879.3083 9.9979 0.0160
54528.5221 9.3713 0.0132
52791.4573 13.1049 0.0258
56831.3363 13.2465 0.0552
52721.6238 12.6686 0.0352
56723.5097 16.7423 0.0635
56809.4772 13.4836 0.0651
56807.3096 13.6559 0.0613
56805.4306 13.3922 0.0585
56803.4885 13.4339 0.0688
56835.3395 12.8980 0.0552
56722.4684 16.7268 0.0604
57492.5660 14.7796 0.0540
56715.5711 16.8232 0.0587
56712.4997 16.9076 0.0613
57420.5776 12.6704 0.0546
56841.3393 13.0225 0.0596
56839.3341 12.7939 0.0607
57479.5663 14.5195 0.0524
56837.3417 12.8237 0.0567
57191.4517 13.5784 0.0526
56811.4533 13.5098 0.0562
53523.4194 14.2725 0.0250
54620.3589 12.8037 0.0405
53563.3393 12.6041 0.0297
57185.4838 13.5610 0.0706
53147.4503 13.9230 0.0147
53463.5877 12.7701 0.0302
56798.4432 13.6522 0.0814
57433.5476 13.2060 0.0672
57123.5713 10.3641 0.0886
57157.4661 10.8701 0.0713
57520.3344 14.8169 0.0753
56778.3180 14.7377 0.0865
56772.5596 15.0473 0.0925
57508.4294 15.2636 0.0737
56781.3701 14.5880 0.0958
57542.3800 14.4065 0.0700
56751.3644 15.8544 0.0860
57223.3843 14.2970 0.0731
57216.2995 14.1784 0.0737
56741.6293 16.2486 0.1066
56744.5368 16.0700 0.0902
57078.4898 11.8351 0.0669
57220.2856 14.2516 0.0742
56776.4806 14.7674 0.0832
57166.3518 11.5247 0.0726
57213.3090 14.0155 0.0671
56780.3285 14.9516 0.0876
57134.4919 10.2780 0.0671
57547.4135 14.4362 0.0711
56783.3669 14.6210 0.0948
57160.5065 11.1342 0.0692
53890.4800 9.9672 0.0829
53198.3064 12.7775 0.1045
54619.3119 13.0748 0.0879
57105.5735 10.5467 0.1048
