56743.5069 11.3682 0.0373
57420.5495 11.4775 0.0397
57567.2958 11.5602 0.0516
56781.3448 11.4875 0.0644
57508.4044 10.7904 0.0486
56776.4550 11.4477 0.0575
56780.3019 11.3817 0.0621
56803.4007 11.8915 0.0626
56831.3117 11.6404 0.0543
56778.2926 11.3949 0.0600
56835.3144 11.6104 0.0537
57542.3556 11.4588 0.0477
57547.3894 11.5013 0.0478
56723.4853 11.5991 0.0569
56741.5892 11.2039 0.0701
56805.4052 11.8602 0.0572
57433.5227 11.9640 0.0468
56839.3084 11.5309 0.0584
57459.5423 11.8528 0.0508
57160.3607 10.1738 0.0444
56712.4754 11.9155 0.0579
57133.4154 10.1971 0.0467
57194.4042 10.3577 0.0468
56715.5467 11.7325 0.0555
57157.4382 10.1238 0.0507
56744.5487 11.5018 0.0596
56841.3128 11.4952 0.0609
57216.2706 10.4305 0.0474
57223.3574 10.1510 0.0474
56751.3388 11.4912 0.0612
52816.2921 11.0791 0.0135
56837.3164 11.6059 0.0557
56833.3206 11.5693 0.0545
57479.5414 11.2644 0.0496
57213.2820 10.5373 0.0440
56722.4431 11.6860 0.0572
57078.4375 10.5360 0.0535
57220.2575 10.2893 0.0505
56772.5313 11.2677 0.0623
56801.3407 11.7606 0.0588
57520.3067 10.6009 0.0502
56809.4513 11.9000 0.0586
56783.3361 11.3427 0.0654
56798.4174 11.6658 0.0531
56807.2850 11.9232 0.0577
56811.4286 11.7324 0.0536
57185.4561 10.4362 0.0621
57492.5382 11.1415 0.0636
57191.4231 10.3340 0.0589
57460.4772 11.4599 0.1131
57195.4008 10.3654 0.0737
57166.3209 10.2258 0.0881
57123.5324 10.4022 0.0858
57105.5603 10.5723 0.0739
57134.4685 10.1476 0.0801
56721.5940 11.5685 0.1506
57419.5304 11.3279 0.1306
57104.4590 10.7381 0.0955
54620.3656 12.9509 0.0707
53770.6182 11.2483 0.0357
