57420.5625 4.2730 0.0362
57492.5551 3.2089 0.0258
57479.5555 3.2698 0.0275
57433.5360 3.3625 0.0227
57520.3223 3.2215 0.0282
57508.4185 3.2260 0.0247
57567.3051 3.2455 0.0261
57542.3692 3.1787 0.0226
57547.4029 3.1925 0.0234
53472.5316 3.4715 0.0097
57191.4456 2.6993 0.0340
56833.3407 2.4293 0.0370
57220.2749 2.5562 0.0631
56839.3248 2.4562 0.0439
56831.3281 2.4137 0.0382
56783.3558 2.2664 0.0563
56723.5016 2.3506 0.0419
56805.4223 2.2731 0.0427
57123.5575 2.3607 0.0536
57160.3779 2.3614 0.0311
57157.4560 2.3984 0.0375
56776.4714 2.3639 0.0404
56798.4341 2.3389 0.0386
56835.3306 2.3566 0.0386
56803.4771 2.3014 0.0507
56837.3334 2.3756 0.0409
56809.4686 2.2929 0.0433
56741.6140 2.3475 0.0595
57216.2878 2.8668 0.0351
56778.3088 2.2426 0.0428
57134.4855 2.4665 0.0373
56801.3570 2.2253 0.0419
56780.3187 2.2680 0.0446
56744.5276 2.3114 0.0430
57223.3746 2.7731 0.0354
56715.5630 2.4436 0.0385
56781.3610 2.2155 0.0481
56811.4451 2.2883 0.0387
56722.4603 2.3587 0.0399
56751.3553 2.3790 0.0435
56807.3013 2.2746 0.0388
56841.3295 2.3968 0.0473
56712.4916 2.3280 0.0411
56772.5497 2.2850 0.0489
57213.2988 2.7269 0.0383
57104.4873 2.1925 0.0422
57166.3394 6.7608 0.1559
57078.4797 2.4012 0.0346
53474.4540 3.5211 0.0133
57185.4755 2.5260 0.0423
57105.5696 2.3592 0.0767
53770.6220 3.5387 0.0277
54620.3581 2.9094 0.0464
