57420.5646 2.2959 0.0309
56801.3749 2.5071 0.0293
52698.6084 1.9407 0.0097
57542.3692 3.0626 0.0233
57520.3222 2.8132 0.0279
57479.5560 2.7321 0.0272
57547.4029 3.0749 0.0239
57508.4183 2.8079 0.0245
57433.5366 2.4250 0.0220
57191.4530 2.2696 0.0441
57492.5565 2.6703 0.0294
56833.3526 2.8325 0.0360
57223.3779 2.3528 0.0734
57160.4104 2.6728 0.0851
57123.5671 2.5224 0.0632
57213.3065 2.3575 0.0543
57220.2832 2.3318 0.0518
56778.3210 2.5451 0.0466
56807.3136 2.7158 0.0420
57216.3027 2.3261 0.0353
56780.3316 2.5489 0.0470
57567.2972 3.1987 0.0403
56741.6340 2.5580 0.0653
56809.4820 2.7297 0.0486
56712.5038 2.5120 0.0430
56783.3699 2.5765 0.0560
56715.5752 2.4603 0.0399
56722.4730 2.6403 0.0446
57134.4954 2.8162 0.0391
56751.3675 2.5387 0.0448
56781.3732 2.7356 0.0500
57459.5423 2.4351 0.0347
56798.4478 2.4896 0.0469
56772.5627 2.5502 0.0536
56837.3458 2.7038 0.0441
56835.3435 2.8002 0.0413
56831.3404 2.7535 0.0407
56805.4347 2.5824 0.0456
56776.4836 2.5896 0.0427
52816.2973 1.9551 0.0095
56841.3435 2.7555 0.0487
57078.4708 2.2084 0.0316
56744.5399 2.6680 0.0477
57157.4619 2.7465 0.0679
56723.5137 2.5678 0.0445
56839.3381 2.9565 0.0496
56811.4574 2.6628 0.0420
57185.4802 2.3870 0.0651
56803.4932 2.5459 0.0732
57105.5653 2.6377 0.1495
57166.3553 2.6204 0.0492
57460.4772 2.5970 0.0854
57104.4912 2.5721 0.1304
57133.4154 2.7260 0.2000
57195.4008 2.2391 0.2186
57194.4048 2.4513 0.1659
