57420.5648 2.7306 0.0290
53472.5316 1.6688 0.0090
57191.4456 3.0922 0.0344
56833.3407 2.9282 0.0372
56839.3248 2.9613 0.0441
56831.3281 3.0306 0.0385
56783.3558 3.3192 0.0573
57520.3246 2.6789 0.0382
56723.5016 3.1659 0.0427
56805.4223 3.2737 0.0439
57479.5576 2.4964 0.0377
57123.5575 3.5727 0.0550
57542.3711 2.7438 0.0304
57160.3779 3.3266 0.0323
57157.4560 3.2911 0.0386
56776.4714 3.4595 0.0417
56798.4341 3.3004 0.0397
56835.3306 2.9479 0.0390
56803.4771 3.2000 0.0516
56837.3334 2.9941 0.0415
57492.5572 2.5694 0.0358
56809.4686 3.0512 0.0440
56741.6140 3.1720 0.0601
57216.2878 3.0874 0.0349
56778.3088 3.4348 0.0442
57134.4855 3.5516 0.0386
56801.3570 3.2563 0.0431
56780.3187 3.3059 0.0457
56744.5276 3.1940 0.0440
57433.5379 2.7568 0.0302
57223.3746 2.9909 0.0355
56715.5630 3.0563 0.0388
56781.3610 3.4304 0.0496
57220.2754 3.0140 0.0355
56811.4451 3.1342 0.0396
56722.4603 3.0290 0.0406
57508.4204 2.7421 0.0333
56751.3553 3.1835 0.0443
56807.3013 3.1468 0.0395
56841.3295 2.8282 0.0477
57567.3072 2.7134 0.0351
56712.4916 3.0134 0.0418
57547.4049 2.7326 0.0313
56772.5497 3.3508 0.0498
57213.2988 3.1560 0.0387
57104.4873 3.1730 0.0437
53474.4540 1.7090 0.0121
57166.3406 3.3009 0.0651
57185.4755 3.1899 0.0432
57078.4806 2.9801 0.0488
57105.5696 3.4606 0.0799
53770.6220 1.8789 0.0250
54620.3581 1.3983 0.0414
