57420.5518 7.5003 0.0388
57567.2954 8.8381 0.0340
57213.2842 6.7282 0.0504
57547.3913 8.9975 0.0311
57520.3089 8.9531 0.0340
57542.3576 8.8875 0.0307
57479.5434 8.5226 0.0349
57433.5246 7.6697 0.0287
57459.5445 7.8862 0.0321
57194.4064 6.0881 0.0537
57508.4065 8.9609 0.0316
57185.4632 5.9069 0.0650
57133.5191 6.2258 0.0538
57157.4410 5.9873 0.0562
57160.3629 6.0751 0.0533
57220.2607 6.5724 0.0511
57223.3601 6.8597 0.0533
56743.5234 7.2265 0.0420
57216.2730 6.7415 0.0551
56803.4428 6.5446 0.0493
57492.5408 8.3795 0.0380
53467.4922 8.1087 0.0098
56741.6039 7.6535 0.0647
56841.3171 6.4935 0.0540
56801.3447 6.4819 0.0489
56837.3204 6.6207 0.0477
56722.4472 7.3698 0.0481
56723.4894 7.3283 0.0503
56751.3430 7.3868 0.0534
56783.3403 7.2914 0.0598
56772.5360 7.3053 0.0556
56798.4214 6.6398 0.0453
56712.4795 7.3059 0.0497
56811.4327 6.5054 0.0454
56778.2967 6.9789 0.0513
56715.5507 7.2850 0.0473
56780.3062 7.4399 0.0561
56805.4093 6.6022 0.0489
56839.3125 6.4456 0.0516
56835.3184 6.5809 0.0456
56744.5528 7.6285 0.0526
56781.3489 7.3420 0.0554
56776.4591 7.2891 0.0484
56831.3158 6.6377 0.0460
56833.3247 6.6642 0.0455
56807.2890 6.4530 0.0485
57134.4705 6.2825 0.0698
56809.4559 6.5136 0.0554
57123.5349 6.3437 0.1358
57195.4023 6.0668 0.0821
57105.5609 6.5559 0.1127
57191.4242 6.1662 0.1096
57104.4612 6.3555 0.1039
57460.4772 8.1401 0.1058
53883.4566 8.4555 0.0154
57078.4382 6.3085 0.0450
57419.5304 7.8149 0.1245
57166.3288 5.8748 0.0914
