52730.5721 2.7519 0.0267
53853.4401 3.3430 0.0168
53847.5785 3.6135 0.0320
53462.4947 2.3587 0.0355
56801.3754 1.5737 0.0269
53911.3275 3.4497 0.0186
57420.5809 2.3832 0.0296
53851.4165 3.5810 0.0227
54186.5166 2.1911 0.0183
53524.3033 2.2493 0.0110
57191.4580 2.0284 0.0318
56833.3526 1.3988 0.0314
53586.2963 3.0650 0.0138
54624.3840 2.4185 0.0113
54531.5749 3.0778 0.0109
54561.4257 2.6711 0.0117
53883.3893 2.9834 0.0126
53466.6150 2.3514 0.0132
52722.5967 2.5394 0.0234
53583.3073 3.0179 0.0135
53799.4823 3.1760 0.0196
53122.4995 2.9305 0.0076
53769.6098 3.1079 0.0115
54262.4016 2.6959 0.0134
56712.5038 1.5882 0.0385
54153.5968 2.1223 0.0125
56751.3675 1.5399 0.0399
54591.3879 2.3978 0.0115
57433.5504 2.3286 0.0301
56744.5399 1.4616 0.0423
56837.3458 1.3082 0.0386
57134.4954 1.4674 0.0358
54144.5888 2.5534 0.0129
54597.4525 2.7593 0.0120
53772.6281 3.0985 0.0139
57220.2890 2.1190 0.0326
57542.3828 2.9415 0.0315
53936.3074 3.1439 0.0136
56715.5752 1.6553 0.0355
54201.4529 2.2566 0.0131
53859.3669 3.1932 0.0175
53527.3542 2.2560 0.0122
53138.4597 3.1149 0.0141
56811.4574 1.4750 0.0370
56809.4820 1.4359 0.0428
54179.5219 2.0085 0.0120
54621.4075 2.5319 0.0122
56723.5137 1.6126 0.0396
54535.5061 2.9956 0.0118
53195.3443 3.3773 0.0127
54594.4542 2.5747 0.0120
57547.4163 2.9149 0.0330
57213.3122 2.0258 0.0301
53855.4161 3.2778 0.0133
53875.3594 3.2792 0.0129
54618.4155 2.6502 0.0121
56831.3404 1.4647 0.0353
53117.4850 2.8948 0.0125
54557.5471 2.5101 0.0125
56807.3136 1.5288 0.0365
57216.3027 2.1407 0.0333
54124.6293 2.3783 0.0118
52790.4020 2.8379 0.0391
56841.3435 1.3788 0.0439
53578.3431 2.5718 0.0176
57123.5755 1.3935 0.0536
53175.3861 3.0889 0.0128
54117.6445 1.9395 0.0110
53743.6331 3.6515 0.0123
53943.3043 2.6795 0.0133
54563.4958 3.0252 0.0136
54538.5756 3.0029 0.0142
53149.3346 3.0689 0.0128
53165.4100 2.8415 0.0123
54528.5205 3.1387 0.0110
57492.5703 2.1205 0.0357
57479.5706 1.9467 0.0376
53939.3083 2.7663 0.0132
57223.3876 2.0691 0.0345
56835.3435 1.3424 0.0357
56722.4730 1.6596 0.0397
54205.4874 2.0226 0.0136
56805.4347 1.4621 0.0406
54255.3336 2.5912 0.0179
52710.6195 2.5094 0.0164
54524.5250 3.1708 0.0199
53892.3770 3.6072 0.0249
53879.3083 3.3300 0.0139
54511.5791 3.2294 0.0106
53500.3158 2.4219 0.0128
53888.4064 3.6037 0.0150
53766.6187 3.3354 0.0126
53906.3706 3.6380 0.0188
53390.6511 2.6790 0.0153
54213.5743 2.4170 0.0182
54234.4898 2.7591 0.0147
52817.2939 2.7623 0.0430
53473.5900 2.3911 0.0167
53411.6236 2.7483 0.0140
54266.2944 2.7174 0.0146
53146.4931 3.1618 0.0161
53553.4142 2.7186 0.0151
53446.5346 2.4611 0.0143
54183.5085 2.2150 0.0152
53083.6093 2.2878 0.0152
53109.5806 2.9629 0.0211
54588.5522 2.6988 0.0198
54570.4268 2.8780 0.0314
53551.3290 2.6042 0.0142
53495.4416 2.4279 0.0152
53502.3901 2.3621 0.0162
53469.5210 2.3231 0.0148
54209.4903 2.3412 0.0147
53505.3868 2.5887 0.0233
56839.3380 1.1828 0.0466
53200.2667 3.4290 0.0150
54229.4808 2.7208 0.0250
54176.5642 2.2882 0.0143
54259.3150 2.6723 0.0138
53531.3616 2.4643 0.0146
53121.5154 2.9143 0.0146
54151.6525 2.4960 0.0164
52721.6252 2.6019 0.0364
54600.4459 2.7910 0.0351
53518.4479 2.5908 0.0309
54113.6612 2.2907 0.0176
53178.3772 3.1861 0.0146
57157.4700 1.6646 0.0403
53916.3269 3.5458 0.0203
54614.3945 2.6778 0.0150
54120.6630 2.2985 0.0172
53523.4212 2.5477 0.0224
57166.3553 1.7759 0.0463
57508.4313 2.3845 0.0462
56778.3200 1.6323 0.0593
52792.4192 1.9699 0.0299
57160.5099 1.7516 0.0502
52813.3474 2.7135 0.0227
56783.3689 1.3876 0.0743
56772.5617 1.4834 0.0700
56798.4468 1.6069 0.0593
53563.3409 2.8468 0.0309
56741.6351 1.5749 0.0492
56781.3722 1.5319 0.0632
56780.3305 1.6164 0.0589
57078.4942 1.5636 0.0485
56776.4826 1.3733 0.0539
57185.4913 1.9562 0.0553
57520.3365 2.6080 0.0542
53890.4800 2.1718 0.0634
53463.5717 2.3224 0.0415
54620.3707 2.5897 0.0530
57105.5754 1.5640 0.0754
52791.4727 1.4583 0.0393
56803.4934 1.4488 0.0731
57104.5235 1.3609 0.0663
