52730.5734 2.7020 0.0278
53462.4888 2.8067 0.0295
53911.3273 2.9375 0.0192
53851.4210 3.5329 0.0168
53847.5651 3.4220 0.0295
53524.3005 2.4582 0.0101
53853.4318 3.4616 0.0186
53586.2934 2.7459 0.0120
53466.6127 2.4388 0.0103
53799.4817 3.5577 0.0166
54209.4929 2.7840 0.0105
54186.5120 2.9155 0.0198
54624.3824 2.5106 0.0101
54531.5720 3.7750 0.0103
53769.6082 3.3988 0.0106
53146.4901 2.3066 0.0116
54151.6503 2.8144 0.0124
53411.6236 2.9276 0.0109
53936.3074 2.9383 0.0118
53505.3885 2.5662 0.0182
54591.3863 3.6154 0.0110
54179.5219 2.9289 0.0112
52813.3474 1.7734 0.0133
54570.4287 3.7595 0.0239
54262.4009 2.8265 0.0133
54201.4537 2.7433 0.0118
53531.3615 2.1391 0.0110
52817.2982 1.7590 0.0122
54561.4251 3.8961 0.0124
53583.3033 2.7626 0.0129
53772.6264 3.5148 0.0126
53743.6336 3.5774 0.0107
54597.4509 3.2601 0.0109
54614.3916 3.4398 0.0135
53855.4153 3.4390 0.0132
52791.4573 2.0491 0.0193
53390.6481 3.0118 0.0132
53859.3661 3.3856 0.0172
54524.5266 3.5740 0.0197
54557.5447 3.9156 0.0135
54511.5807 3.5153 0.0107
53473.5871 2.6873 0.0143
54621.4059 3.3208 0.0125
54266.2915 2.8825 0.0128
53888.4056 3.2876 0.0146
53121.5124 2.4246 0.0122
53446.5315 2.7792 0.0124
53138.4605 2.3944 0.0134
53939.3059 2.9151 0.0133
56801.3699 3.0988 0.0527
54183.5055 2.7819 0.0133
53551.3282 2.6281 0.0122
53195.3466 2.2660 0.0118
53175.3837 2.3285 0.0119
53553.4134 2.6334 0.0128
53122.4963 2.4648 0.0081
54588.5522 3.7208 0.0170
53109.5768 2.2713 0.0172
53766.6162 3.5976 0.0127
57420.5750 3.3559 0.0429
54117.6461 2.9432 0.0117
53200.2659 2.2733 0.0127
53943.3019 2.9562 0.0133
54563.4934 3.8528 0.0140
53906.3676 2.9288 0.0149
54600.4451 3.7235 0.0302
53149.3322 2.2795 0.0121
53883.3885 3.3179 0.0140
54535.5077 3.8033 0.0123
53495.4386 2.4703 0.0130
53469.5180 2.7155 0.0128
53083.6063 2.2267 0.0129
54176.5634 2.8993 0.0128
53527.3518 2.4159 0.0121
52792.4185 2.0107 0.0213
53518.4471 2.4578 0.0265
54594.4518 3.6576 0.0126
54234.4869 2.9087 0.0126
54124.6309 3.0387 0.0122
54229.4779 2.8376 0.0209
54205.4858 2.7794 0.0143
54618.4140 3.3728 0.0124
53502.3871 2.4708 0.0136
53892.3762 3.2896 0.0243
53879.3075 3.3763 0.0138
53500.3150 2.4990 0.0127
53117.4842 2.5348 0.0120
54538.5772 3.9117 0.0148
54113.6612 2.9483 0.0167
54213.5714 2.7602 0.0155
54153.5960 2.9929 0.0131
53463.5851 2.7147 0.0214
54259.3121 2.8620 0.0118
54120.6630 2.9407 0.0169
53178.3743 2.3164 0.0118
54144.5880 3.0448 0.0131
53578.3423 2.8025 0.0174
53916.3240 2.8985 0.0161
54528.5221 3.7528 0.0114
52790.4027 2.1620 0.0487
53165.4068 2.2799 0.0134
53523.4176 2.4425 0.0201
53563.3393 2.7904 0.0235
53875.3605 3.3607 0.0147
52710.6206 2.8232 0.0193
54255.3373 2.8906 0.0222
56833.3445 2.9394 0.0591
56781.3681 3.2164 0.0678
57508.4274 3.3688 0.0488
52721.6238 2.9243 0.0441
56744.5348 3.1636 0.0634
56723.5087 3.0167 0.0611
57213.3068 2.7126 0.0448
57157.4639 2.4122 0.0534
57492.5650 3.2759 0.0525
57123.5684 2.7271 0.0767
56715.5701 3.1975 0.0544
56780.3265 3.2471 0.0639
57433.5445 3.2298 0.0457
56776.4785 3.3094 0.0596
57185.4833 2.6675 0.0558
56783.3648 3.1916 0.0742
57220.2834 2.7756 0.0511
56741.6263 3.0637 0.0856
56811.4523 3.1141 0.0562
57542.3781 3.5368 0.0462
57160.5043 2.5105 0.0544
56803.4873 2.9154 0.0722
56831.3353 3.0927 0.0549
57191.4505 2.6759 0.0522
56835.3385 3.0780 0.0554
57547.4116 3.5318 0.0485
56722.4674 3.1886 0.0567
56841.3382 2.7573 0.0648
56712.4987 3.1697 0.0585
52722.5967 2.9994 0.0363
57223.3821 2.6522 0.0500
57520.3322 3.3453 0.0549
56798.4412 3.1770 0.0581
57479.5652 3.3169 0.0556
56809.4762 3.1041 0.0644
57134.4895 2.5926 0.0564
56807.3085 3.3931 0.0640
56778.3160 3.1042 0.0622
56837.3407 3.0364 0.0584
56772.5574 3.1706 0.0692
56751.3624 3.2966 0.0614
56805.4296 3.2053 0.0593
57216.2954 2.7420 0.0477
56839.3331 2.9833 0.0634
53890.4800 3.2358 0.0653
57166.3502 2.7378 0.0681
53198.3064 2.1834 0.0903
57105.5725 2.8061 0.0781
54619.3119 3.3848 0.0636
57078.4880 2.8006 0.0768
57104.5182 2.8630 0.0535
54620.3442 2.9396 0.0441
