57420.5582 1.7112 0.0283
56741.6094 2.2379 0.0597
56811.4368 1.8028 0.0373
56780.3104 1.8969 0.0469
56833.3288 1.7170 0.0381
56807.2931 1.8210 0.0424
57479.5491 1.9507 0.0393
56712.4835 2.2451 0.0410
56778.3007 1.9616 0.0420
56837.3245 1.7454 0.0400
57220.2668 1.7384 0.0328
57567.2988 1.4527 0.0303
56776.4632 1.8492 0.0407
57191.4328 1.7055 0.0343
56831.3199 1.7490 0.0367
57216.2792 1.8361 0.0330
56839.3166 1.6784 0.0424
57223.3660 1.7473 0.0338
56841.3211 1.7325 0.0482
57194.4128 1.6864 0.0329
56722.4512 2.2337 0.0401
56744.5188 2.3299 0.0416
57542.3634 1.5627 0.0304
56723.4935 2.1876 0.0455
56805.4134 1.9194 0.0420
57508.4126 1.8264 0.0313
57185.4654 1.7092 0.0384
56781.3529 2.0260 0.0473
57433.5303 1.8697 0.0296
56801.3488 1.9272 0.0412
57492.5483 1.8717 0.0369
57520.3156 1.6970 0.0397
56772.5406 1.8838 0.0526
56809.4595 1.7882 0.0413
56803.4668 1.7349 0.0469
56798.4255 1.9493 0.0370
56783.3458 1.8976 0.0524
56715.5548 2.2367 0.0380
53472.4580 0.7223 0.0080
57160.3693 1.5932 0.0294
57547.3970 1.5720 0.0298
57213.2908 1.6491 0.0296
56835.3225 1.8357 0.0370
56751.3471 2.1817 0.0455
57157.4471 1.5778 0.0366
57123.5441 1.7316 0.0645
57104.4669 1.5944 0.0584
57133.6028 1.6227 0.0503
57459.5499 1.8899 0.0466
57134.4738 1.5884 0.0551
57166.3310 1.6203 0.0636
54620.3631 0.6357 0.0382
56743.5349 2.0594 0.1891
