57420.5718 7.5182 0.0342
56833.3442 5.1742 0.0406
56741.6247 4.8110 0.0629
56805.4265 4.8862 0.0468
56781.3651 5.1461 0.0515
57492.5616 8.3163 0.0427
56798.4382 5.0970 0.0436
57542.3753 7.2345 0.0393
56841.3344 5.3175 0.0509
57157.4605 5.9597 0.0426
57520.3289 7.9303 0.0452
52814.3141 6.1714 0.0112
56801.3611 5.1699 0.0480
56776.4755 5.1288 0.0453
56809.4728 4.9498 0.0488
56839.3294 5.3189 0.0482
57508.4244 7.9513 0.0420
57191.4470 6.8626 0.0409
56722.4643 5.3102 0.0451
57134.4858 5.8437 0.0412
56835.3351 5.2716 0.0433
56723.5056 5.4481 0.0476
56811.4492 4.9362 0.0431
57223.3789 6.7565 0.0414
57216.2922 6.9477 0.0421
56778.3129 4.9843 0.0483
56783.3617 5.1332 0.0571
57220.2801 6.8989 0.0423
56772.5541 4.9504 0.0538
56807.3055 5.1018 0.0451
56780.3231 5.1629 0.0487
56837.3376 5.3140 0.0457
56831.3322 5.1553 0.0421
57547.4087 7.0598 0.0393
56751.3593 4.9797 0.0472
56744.5318 5.0054 0.0475
56712.4957 5.6733 0.0463
57479.5619 8.0987 0.0448
56715.5670 5.5753 0.0428
57213.3036 6.9895 0.0384
57433.5416 7.7670 0.0396
56803.4819 5.0780 0.0656
57160.4616 6.1651 0.0479
57078.4859 3.9674 0.0399
57166.3455 6.3186 0.0544
57105.5711 6.0017 0.0621
57104.5060 6.0974 0.0521
57185.4795 6.8735 0.0719
57123.5621 5.7581 0.0813
57567.3097 6.4381 0.1052
