52730.5705 5.8229 0.0296
53462.4914 4.2606 0.0268
53847.5729 4.9398 0.0247
53911.3288 4.6644 0.0176
53851.4182 4.6546 0.0151
53853.4352 5.3108 0.0157
53586.2942 4.1614 0.0111
53524.3013 4.3133 0.0097
54186.5147 4.6826 0.0165
54531.5740 3.8113 0.0089
57420.5763 6.5382 0.0347
53466.6127 4.6109 0.0111
52710.6200 5.2611 0.0136
53583.3046 3.8245 0.0115
54570.4284 3.9396 0.0217
53799.4817 5.2817 0.0175
52817.2960 4.7908 0.0261
54262.4012 4.8008 0.0130
54209.4929 4.8140 0.0115
54624.3824 4.4077 0.0113
56801.3688 5.5638 0.0466
53769.6082 4.5544 0.0113
54561.4254 3.6847 0.0109
53146.4901 3.6927 0.0122
54535.5077 3.9152 0.0110
54151.6503 4.6767 0.0135
54153.5968 4.7652 0.0128
54229.4787 4.0591 0.0191
54117.6461 5.1121 0.0118
54524.5266 3.9285 0.0175
53553.4142 4.8259 0.0128
54144.5888 5.1094 0.0130
53578.3431 4.2330 0.0163
53411.6236 4.1457 0.0115
54511.5807 3.8994 0.0097
54614.3924 4.3075 0.0125
53936.3074 3.8185 0.0122
54255.3352 4.5990 0.0170
54621.4059 4.3643 0.0118
52790.4028 5.4396 0.1306
54266.2923 4.8391 0.0125
54557.5455 3.4336 0.0115
54234.4877 4.6636 0.0122
53859.3669 5.2815 0.0161
53121.5132 4.1217 0.0118
54591.3863 3.7950 0.0110
54179.5219 4.8052 0.0123
54563.4941 3.6986 0.0123
52813.3474 4.7783 0.0152
54588.5522 4.1788 0.0155
53175.3845 5.0472 0.0123
53883.3893 5.0732 0.0135
53200.2667 5.1331 0.0127
53109.5778 3.4345 0.0159
54183.5063 4.7311 0.0131
53551.3290 4.8354 0.0121
53939.3067 4.3724 0.0126
53875.3594 4.7177 0.0121
56833.3478 5.1281 0.0451
52792.4193 4.4248 0.0201
53446.5324 4.6275 0.0122
53943.3027 4.4758 0.0128
54259.3128 4.8157 0.0117
53138.4614 4.2324 0.0128
53469.5188 4.3781 0.0124
53178.3751 5.1069 0.0121
53149.3330 4.4925 0.0120
53906.3684 4.9915 0.0146
52722.5967 5.7407 0.0242
53390.6489 4.5810 0.0126
53531.3615 4.8049 0.0126
53916.3248 4.8835 0.0157
53117.4850 4.0732 0.0116
53766.6170 4.8779 0.0121
53495.4394 4.3008 0.0125
53083.6071 3.7770 0.0123
54528.5221 3.8913 0.0102
53473.5879 4.2694 0.0136
54124.6309 4.9064 0.0120
54213.5722 4.2341 0.0146
54205.4858 4.8979 0.0139
54594.4526 3.9136 0.0113
53165.4100 4.6787 0.0118
54618.4140 4.0955 0.0115
53527.3526 4.7817 0.0121
53122.4995 4.1265 0.0080
53772.6264 4.3793 0.0131
53195.3465 5.1369 0.0122
53743.6336 4.6509 0.0114
53888.4064 4.9754 0.0138
53518.4479 4.1380 0.0240
54538.5772 3.8247 0.0131
54113.6612 4.8909 0.0154
53855.4161 5.2747 0.0128
53502.3879 4.3012 0.0131
54597.4509 4.0109 0.0113
53892.3770 5.0217 0.0220
54120.6630 5.0005 0.0157
53879.3083 5.0335 0.0132
54201.4537 4.8653 0.0130
53505.3869 3.9739 0.0182
53500.3158 4.2036 0.0122
56831.3363 5.3571 0.0448
56798.4422 5.6157 0.0477
54600.4475 3.9576 0.0301
56723.5097 5.1812 0.0491
56809.4772 5.5377 0.0549
57547.4125 7.7113 0.0423
56741.6278 5.2794 0.0665
56807.3096 5.5299 0.0501
56780.3275 5.5732 0.0512
56778.3170 5.4528 0.0502
56776.4795 5.4931 0.0478
56781.3691 5.6543 0.0561
57123.5698 6.7977 0.0612
57213.3079 6.2748 0.0387
57223.3832 6.4466 0.0430
56751.3634 5.5294 0.0489
56805.4306 5.5978 0.0487
57433.5460 6.9051 0.0398
56835.3395 5.1185 0.0449
57216.2975 6.5014 0.0422
56744.5358 5.2915 0.0509
56772.5585 5.4371 0.0554
56722.4684 5.2650 0.0462
57492.5660 6.9315 0.0451
57542.3791 7.7555 0.0411
56715.5711 5.2268 0.0439
54176.5642 4.7531 0.0140
56712.4997 5.3198 0.0470
57220.2845 6.3578 0.0436
56841.3393 5.0850 0.0508
57157.4650 6.6361 0.0461
56839.3341 5.1975 0.0510
57520.3333 7.4097 0.0460
57134.4907 6.6502 0.0461
57479.5663 7.0014 0.0455
56803.4885 5.4990 0.0600
56837.3417 5.0386 0.0468
53463.5851 4.6206 0.0222
57191.4517 6.4303 0.0442
57160.5054 6.5444 0.0454
56811.4533 5.6188 0.0461
57508.4284 7.0586 0.0420
53523.4194 4.4823 0.0194
56783.3659 5.5781 0.0584
57166.3513 6.5832 0.0517
54620.3589 4.4817 0.0297
53563.3393 4.6496 0.0246
57185.4838 6.4147 0.0618
52791.4537 4.7563 0.0234
52721.6252 5.7584 0.0373
57105.5730 6.3540 0.0672
57078.4898 6.0053 0.0577
53890.4800 4.9592 0.0697
53198.3064 5.2465 0.0935
54619.3119 4.5768 0.0658
57104.5182 6.3876 0.0657
