57420.5625 9.6735 0.0357
56833.3397 10.4253 0.0430
53496.3516 11.1374 0.0109
53472.4934 10.5969 0.0114
56712.4876 8.1800 0.0502
56835.3266 10.4670 0.0512
56715.5589 8.3383 0.0479
56722.4562 8.3916 0.0497
56809.4644 9.9810 0.0566
56839.3207 10.5209 0.0554
56841.3254 10.7126 0.0588
56811.4410 10.0286 0.0512
56837.3290 10.6235 0.0540
57133.6087 11.0576 0.0584
57213.2951 10.7598 0.0437
57123.5514 11.7071 0.0605
57191.4374 10.7436 0.0500
56805.4182 9.8550 0.0546
56798.4301 9.8765 0.0497
57220.2711 11.0910 0.0479
56803.4723 9.8629 0.0582
57508.4165 12.4759 0.0491
56831.3240 10.4825 0.0511
57134.4821 11.2379 0.0558
56807.2972 10.0986 0.0534
57433.5341 8.1619 0.0405
56801.3529 9.8896 0.0539
57567.3029 12.1675 0.0516
57216.2834 10.8673 0.0470
57547.4010 6.6355 0.0393
57520.3201 12.4574 0.0513
56723.4975 8.2129 0.0518
57223.3703 10.9704 0.0472
52793.2667 12.0751 0.0372
57157.4526 10.7981 0.0680
56751.3522 8.8054 0.0768
57542.3682 12.2835 0.0648
56778.3058 9.1812 0.0767
56776.4683 9.1950 0.0745
57160.3747 10.7528 0.0627
56783.3509 9.4393 0.0888
57185.4701 10.7422 0.0711
56744.5245 9.0727 0.0741
56781.3580 9.3651 0.0817
56772.5463 9.1344 0.0812
56780.3156 9.4159 0.0789
57078.4772 11.6410 0.0682
57479.5544 12.4642 0.0711
57492.5540 12.2157 0.0697
56741.6097 8.5488 0.0946
57166.3377 10.7221 0.0736
53388.6169 10.8671 0.0271
57104.4732 11.1066 0.0986
