57420.5763 6.4269 0.0338
56801.3688 7.8745 0.0480
56833.3478 7.8084 0.0475
53147.4525 2.6795 0.0076
56744.5358 8.0599 0.0536
56776.4795 7.9216 0.0500
56772.5585 7.7919 0.0570
56723.5097 8.3810 0.0524
56781.3691 7.8168 0.0576
57123.5698 6.6127 0.0595
56831.3363 7.8682 0.0473
57213.3079 6.7494 0.0382
57223.3832 6.6971 0.0421
57134.4907 6.8318 0.0450
56798.4422 7.7409 0.0495
56722.4684 8.4402 0.0496
56839.3341 7.8442 0.0535
57160.5054 6.7237 0.0443
56751.3634 7.9479 0.0512
56805.4306 7.7846 0.0506
57520.3333 5.8869 0.0433
57542.3791 5.8049 0.0371
56809.4772 7.7880 0.0566
57479.5663 6.1491 0.0434
56803.4885 7.7922 0.0614
56837.3417 7.8226 0.0496
57433.5460 6.5061 0.0380
56835.3395 7.7610 0.0476
57547.4125 5.8553 0.0384
57492.5660 6.0175 0.0424
56715.5711 8.4463 0.0475
57191.4517 6.7650 0.0437
56741.6278 7.9741 0.0677
56712.4997 8.5396 0.0505
56778.3170 7.6752 0.0521
57220.2845 6.7700 0.0429
57157.4650 6.7385 0.0450
56807.3096 7.8099 0.0522
56780.3275 7.8107 0.0531
56811.4533 7.9578 0.0483
56841.3393 7.8340 0.0530
57508.4284 5.9403 0.0391
57216.2975 6.7890 0.0414
56783.3659 7.8514 0.0599
57185.4838 6.8194 0.0607
57166.3513 6.7982 0.0507
57078.4898 6.7587 0.0576
57105.5730 6.5907 0.0656
57104.5182 6.7261 0.0651
54620.3618 3.7493 0.0484
