57420.5475 2.9373 0.0332
57567.2954 1.8446 0.0246
57547.3913 1.9960 0.0220
57520.3089 2.0603 0.0279
57433.5246 1.9810 0.0213
57542.3576 2.0078 0.0218
57479.5434 1.9591 0.0282
57459.5445 2.0203 0.0246
57508.4065 1.9363 0.0228
56743.5233 1.8425 0.0362
57492.5408 1.9083 0.0289
56803.4428 1.8716 0.0444
57220.2624 1.9566 0.0370
56801.3447 1.7215 0.0416
57133.5964 1.8411 0.0428
56722.4472 1.8088 0.0394
56841.3171 1.8682 0.0484
56723.4894 1.8838 0.0420
53467.4906 2.4569 0.0084
56798.4214 1.8114 0.0378
57223.3617 1.9151 0.0343
56751.3430 1.7880 0.0454
56783.3403 1.7098 0.0534
56772.5360 1.8726 0.0493
57185.4684 1.8354 0.0447
57160.3650 1.8960 0.0309
56837.3204 1.7857 0.0402
57157.4427 1.9234 0.0369
56712.4795 1.9269 0.0416
56778.2967 1.8347 0.0435
57216.2749 1.8325 0.0331
56811.4327 1.7590 0.0379
56715.5507 1.8463 0.0386
56839.3125 1.8876 0.0447
56780.3062 1.9151 0.0487
56741.6067 1.9307 0.0633
56805.4093 1.8978 0.0415
56835.3184 1.9360 0.0381
56744.5528 1.8135 0.0441
57194.4085 1.8532 0.0331
56781.3489 1.8891 0.0479
56776.4591 1.9765 0.0402
57213.2865 1.7701 0.0302
56831.3158 1.8665 0.0381
56833.3247 1.8367 0.0379
56807.2890 1.8496 0.0406
57078.4450 1.9428 0.0483
56809.4559 1.6884 0.0465
57134.4710 1.9532 0.0436
57460.4772 2.2615 0.0822
57195.4028 1.8690 0.0537
57104.4634 2.0668 0.0656
57191.4276 1.8017 0.0606
57123.5397 1.8950 0.1251
57105.5621 2.0254 0.0742
57166.3288 1.8392 0.0819
53883.4604 2.6681 0.0170
