52730.5705 16.7562 0.0360
53462.4908 14.4457 0.0355
53847.5732 14.4093 0.0763
53911.3288 14.5828 0.0214
53851.4182 14.3778 0.0190
56801.3749 13.9218 0.0381
53853.4352 14.3182 0.0191
53586.2942 14.9897 0.0152
53524.3013 14.8356 0.0136
54186.5147 13.9151 0.0194
52698.6084 16.5751 0.0161
54531.5740 14.5316 0.0133
57420.5809 13.9156 0.0403
53466.6127 14.3336 0.0151
52710.6200 16.9461 0.0187
53583.3046 15.0451 0.0165
54570.4284 14.2754 0.0247
53799.4817 14.4493 0.0227
52817.2960 17.2486 0.0351
54262.4012 14.2989 0.0174
54209.4929 14.3911 0.0163
54624.3824 14.7194 0.0166
54176.5493 11.9512 0.0157
57191.4580 13.9246 0.0467
53505.3888 14.9978 0.0211
56833.3526 13.7720 0.0484
53769.6082 14.3982 0.0164
54561.4254 14.3613 0.0164
53146.4901 14.8493 0.0178
54151.6503 13.9794 0.0186
54153.5968 13.8698 0.0180
54117.6461 14.0365 0.0166
54524.5266 14.4599 0.0216
53553.4142 15.2305 0.0183
54144.5888 13.9184 0.0176
53578.3431 14.9679 0.0222
53411.6236 14.3486 0.0169
54511.5807 14.4883 0.0153
54213.5722 14.3152 0.0201
54614.3924 14.7140 0.0181
53936.3074 13.8269 0.0179
54255.3352 14.6117 0.0208
54600.4459 14.9422 0.0300
53446.5324 14.5133 0.0172
54621.4059 14.6669 0.0174
52790.4028 17.1941 0.1379
54266.2923 14.3912 0.0174
54557.5455 14.5263 0.0174
54234.4877 14.4424 0.0174
53859.3669 14.4472 0.0199
53200.2667 14.8192 0.0174
53473.5879 14.4392 0.0188
53121.5132 15.7266 0.0176
54591.3863 14.7343 0.0167
54179.5219 13.9885 0.0171
54563.4941 14.3598 0.0178
52813.3474 17.2939 0.0221
54588.5522 14.5505 0.0208
53175.3845 14.9802 0.0176
53883.3893 14.3750 0.0184
53109.5778 15.8625 0.0220
54183.5063 14.1096 0.0180
53551.3290 15.2576 0.0173
53939.3067 13.8375 0.0178
53875.3594 14.3444 0.0174
53772.6264 14.4555 0.0186
52792.4193 17.5573 0.0279
54201.4537 14.3870 0.0180
53527.3526 14.9072 0.0172
54535.5077 14.6167 0.0167
53943.3027 13.8394 0.0182
54259.3128 14.4152 0.0168
53138.4614 14.9352 0.0181
53469.5188 14.4499 0.0176
53178.3751 14.9368 0.0171
53149.3330 14.8309 0.0167
53906.3684 14.0715 0.0199
52722.5967 17.0324 0.0285
53390.6489 14.1602 0.0175
53531.3615 14.9309 0.0178
53916.3248 14.3104 0.0206
53117.4850 15.5904 0.0174
53766.6170 14.3302 0.0174
53495.4394 14.6292 0.0179
52815.2953 17.4604 0.0136
53855.4161 14.4491 0.0176
54124.6309 13.9949 0.0169
54205.4858 14.3642 0.0188
54594.4526 14.7648 0.0172
53165.4100 14.7074 0.0169
54618.4140 14.6648 0.0169
53195.3465 15.0090 0.0173
53743.6336 13.8426 0.0164
54229.4787 14.4950 0.0232
53518.4479 14.8597 0.0276
54538.5772 14.4593 0.0191
54113.6612 14.0705 0.0192
53083.6071 15.7467 0.0184
53502.3879 14.8821 0.0181
54597.4509 14.8071 0.0170
53892.3770 14.4331 0.0252
54120.6630 13.9682 0.0198
53879.3083 14.3608 0.0182
53500.3158 14.9265 0.0174
53888.4064 14.3654 0.0185
54528.5221 14.7530 0.0157
56712.5038 13.8511 0.0584
52791.4573 17.5376 0.0285
56751.3675 13.8032 0.0598
52721.6238 17.1182 0.0367
57433.5504 14.0225 0.0491
56744.5399 13.7167 0.0621
56837.3458 13.7073 0.0592
56772.5627 13.9137 0.0672
57220.2890 13.5012 0.0502
57542.3828 15.2422 0.0505
57520.3376 14.7082 0.0530
57216.3027 13.5713 0.0520
56715.5752 13.8584 0.0559
56839.3381 13.7842 0.0644
56811.4574 13.8278 0.0575
56741.6340 13.6830 0.0771
56783.3699 13.9614 0.0689
56723.5137 13.9817 0.0599
56798.4478 13.8075 0.0611
57547.4163 15.0883 0.0521
57213.3122 13.6303 0.0476
56805.4347 13.7741 0.0609
56831.3404 13.9446 0.0565
57134.4954 14.1980 0.0533
56807.3136 13.7259 0.0578
56778.3210 14.1239 0.0623
56780.3316 14.1255 0.0619
56841.3435 13.7267 0.0625
56781.3732 14.1415 0.0646
57123.5755 14.0014 0.0659
56776.4836 14.1104 0.0582
56722.4730 13.9754 0.0602
57508.4323 14.5610 0.0518
56809.4820 13.5859 0.0628
57492.5703 14.5121 0.0545
57479.5706 14.1486 0.0526
57223.3876 13.2548 0.0512
56835.3435 13.8225 0.0569
53463.5851 14.2877 0.0275
53523.4194 14.8821 0.0257
56803.4932 13.7093 0.0902
53563.3393 15.0212 0.0314
57157.4700 14.1813 0.0597
57166.3553 14.4966 0.0661
54620.3574 14.7069 0.0542
57160.5099 14.4015 0.0756
57078.4942 13.9669 0.0747
57185.4913 14.0828 0.0774
53890.4800 14.3697 0.0943
53198.3064 15.3677 0.1110
57105.5754 13.9346 0.1174
57104.5235 14.0649 0.1080
