52730.5705 2.7606 0.0249
53911.3288 2.4136 0.0169
53851.4182 2.9113 0.0148
53847.5700 2.9378 0.0266
53853.4352 2.9220 0.0150
53524.3013 0.9772 0.0083
54186.5147 1.8610 0.0158
53462.4841 1.2063 0.0382
54531.5740 1.6613 0.0078
53586.2926 1.2008 0.0112
57420.5763 1.4221 0.0293
53466.6127 0.9248 0.0095
52710.6200 2.4412 0.0123
53583.3046 1.2157 0.0101
54570.4284 1.4863 0.0212
52817.2960 2.4912 0.0226
54262.4012 1.8166 0.0115
54209.4929 1.9294 0.0099
54624.3824 1.2158 0.0093
53505.3888 0.8408 0.0158
56801.3688 2.2097 0.0405
53769.6082 1.7224 0.0095
54561.4254 1.5884 0.0097
54151.6503 1.8313 0.0117
54153.5968 1.8099 0.0108
54213.5722 1.9197 0.0132
54524.5266 1.6903 0.0167
53578.3431 1.1345 0.0145
53411.6236 1.0569 0.0095
54511.5807 1.8418 0.0084
54614.3924 1.2403 0.0105
53936.3074 2.3623 0.0114
54255.3352 1.8193 0.0160
54621.4059 1.2150 0.0097
54266.2923 1.8398 0.0107
54557.5455 1.5957 0.0104
54234.4877 1.5673 0.0103
53859.3669 2.8799 0.0152
54563.4941 1.5531 0.0109
52813.3474 2.5869 0.0139
53109.5778 1.5246 0.0150
54588.5522 1.2608 0.0140
53175.3845 1.6234 0.0102
53883.3893 2.5844 0.0120
54183.5063 1.9034 0.0113
53551.3290 1.0088 0.0097
53531.3615 0.9670 0.0102
53855.4161 2.7641 0.0114
56833.3478 2.0925 0.0398
52792.4193 2.6316 0.0191
54535.5077 1.6566 0.0095
53553.4142 0.9904 0.0103
53446.5324 0.9163 0.0098
53943.3027 2.1436 0.0113
54259.3128 1.9606 0.0099
53469.5188 0.9078 0.0102
53178.3751 1.6232 0.0101
53149.3330 1.5301 0.0104
53906.3684 2.4078 0.0130
52722.5967 2.6839 0.0233
53390.6489 1.0658 0.0105
53916.3248 2.4299 0.0144
53117.4850 1.5739 0.0101
53766.6170 1.6581 0.0099
53083.6071 1.4486 0.0109
53473.5879 0.8889 0.0117
54124.6309 1.8511 0.0100
53875.3594 2.6775 0.0109
54205.4858 1.9092 0.0121
54594.4526 1.2753 0.0096
54618.4140 1.2425 0.0097
53527.3526 0.9611 0.0098
53122.4995 1.5533 0.0069
54591.3863 1.2973 0.0094
53799.4836 2.1111 0.0182
53195.3465 1.5159 0.0101
53743.6336 1.3689 0.0090
54229.4787 1.8439 0.0183
54600.4459 1.2674 0.0265
53888.4064 2.5231 0.0125
53518.4479 0.8504 0.0232
54538.5772 1.6135 0.0117
54113.6612 2.0482 0.0142
54597.4509 1.2775 0.0095
53892.3770 2.5053 0.0214
53879.3083 2.6122 0.0118
54201.4537 1.9135 0.0112
53772.6264 1.7516 0.0113
52791.4573 2.6813 0.0197
56831.3363 2.0810 0.0382
52721.6238 2.6437 0.0316
56798.4422 2.2423 0.0416
54179.5235 1.9079 0.0118
56723.5097 2.9291 0.0443
56809.4772 2.1866 0.0483
53146.4922 1.5323 0.0124
53939.3051 2.4339 0.0129
54117.6469 2.0234 0.0109
56741.6278 2.6623 0.0617
54120.6638 2.0243 0.0165
56807.3096 2.1685 0.0430
53502.3863 0.8366 0.0125
56780.3275 2.3691 0.0453
56778.3170 2.2727 0.0440
53138.4597 1.5201 0.0128
56776.4795 2.4013 0.0419
56781.3691 2.2846 0.0498
57123.5698 1.4801 0.0552
57213.3079 1.3171 0.0300
57223.3832 1.1865 0.0341
57134.4907 1.2663 0.0376
56751.3634 2.5728 0.0431
56805.4306 2.1329 0.0421
57433.5460 1.5741 0.0300
53495.4378 0.8129 0.0115
56835.3395 2.0199 0.0387
56722.4684 2.9838 0.0416
54176.5626 1.8591 0.0120
57216.2975 1.0904 0.0322
56744.5358 2.5038 0.0453
56772.5585 2.3899 0.0499
52790.4020 2.6601 0.0379
57492.5660 1.5744 0.0359
57542.3791 1.8042 0.0305
57547.4125 1.6097 0.0313
53165.4084 1.5804 0.0111
53121.5116 1.5834 0.0116
56715.5711 2.9571 0.0391
53500.3142 0.8323 0.0115
56712.4997 3.0332 0.0423
57220.2845 1.1600 0.0342
54144.5872 1.9120 0.0122
53200.2651 1.5085 0.0122
56841.3393 2.0317 0.0452
56839.3341 1.9978 0.0446
57520.3333 1.6976 0.0382
54528.5221 1.6986 0.0099
57479.5663 1.6827 0.0381
56803.4885 2.1462 0.0540
56837.3417 1.9996 0.0408
53463.5851 0.8774 0.0203
57191.4517 1.2420 0.0355
57157.4650 1.2574 0.0373
57160.5054 1.2363 0.0366
56811.4533 2.2709 0.0395
57508.4284 1.7036 0.0327
53523.4194 0.9351 0.0172
56783.3659 2.3767 0.0529
54620.3589 1.2855 0.0249
57166.3513 1.2509 0.0435
53563.3393 1.1611 0.0222
57185.4838 1.2824 0.0524
57105.5730 1.4221 0.0538
57078.4898 1.2886 0.0455
53890.4800 2.5500 0.0631
53198.3064 1.4752 0.0892
54619.3119 1.1897 0.0562
57104.5182 1.4215 0.0491
