56743.5069 5.0781 0.0321
57420.5569 6.3398 0.0395
57547.3894 6.4654 0.0395
56712.4754 5.0342 0.0481
56811.4286 5.1945 0.0442
56805.4052 4.9883 0.0472
57433.5227 7.0583 0.0392
57459.5423 7.1292 0.0432
57160.3607 6.4153 0.0386
56751.3388 5.0936 0.0527
57194.4042 6.3788 0.0406
56715.5467 5.0393 0.0459
56841.3128 5.0634 0.0527
57157.4382 6.4287 0.0450
57216.2706 6.0680 0.0403
56837.3164 4.9984 0.0462
56807.2850 5.0512 0.0470
57479.5414 6.9316 0.0436
56722.4431 5.1118 0.0479
57078.4375 5.8367 0.0477
57220.2575 6.1129 0.0452
56801.3407 5.0436 0.0491
57520.3067 5.5848 0.0436
56809.4513 5.1221 0.0487
57542.3556 6.5562 0.0396
56723.4853 5.0741 0.0477
56798.4174 5.1531 0.0439
56839.3084 4.9223 0.0487
57492.5382 6.4755 0.0542
57567.3000 6.3817 0.0561
56803.4009 3.4539 0.0609
57460.4772 8.0467 0.1038
57213.2831 6.0850 0.0529
56772.5324 5.1246 0.0768
57123.5324 6.3357 0.0786
57508.4055 6.5548 0.0586
57133.4165 6.3200 0.0585
57223.3584 5.9249 0.0579
56776.4560 5.0530 0.0672
56780.3029 4.9902 0.0755
57166.3209 6.6381 0.0800
56783.3371 4.8619 0.0808
56741.5907 4.9153 0.0862
57195.4008 6.2541 0.0637
57185.4571 6.1929 0.0625
56835.3154 4.9954 0.0628
56781.3459 4.9987 0.0801
56831.3127 4.9726 0.0630
56833.3217 4.9605 0.0644
56778.2936 4.9925 0.0721
56744.5497 5.1268 0.0743
56721.5940 5.6998 0.1308
57419.5304 5.8147 0.1168
57134.4690 6.3290 0.0984
57191.4241 6.3615 0.0942
54620.3656 6.1540 0.0557
57104.4590 5.9584 0.0801
57105.5608 5.9462 0.0902
