57420.5495 2.4068 0.0308
57567.2958 1.7824 0.0361
56781.3448 1.1018 0.0514
57508.4044 2.3354 0.0341
56776.4550 1.1045 0.0425
56780.3019 0.9400 0.0482
56803.4007 0.9742 0.0470
56831.3117 1.1851 0.0384
56778.2926 0.9899 0.0451
56835.3144 1.2215 0.0381
57542.3556 1.6655 0.0308
57547.3894 1.6967 0.0308
56805.4052 0.8926 0.0409
57433.5227 2.5045 0.0315
56839.3084 1.0601 0.0433
57459.5423 2.9499 0.0362
57160.3607 1.2615 0.0302
56712.4754 1.5969 0.0431
57133.4154 1.4055 0.0331
57194.4042 1.2598 0.0325
56715.5467 1.4557 0.0403
57157.4382 1.3125 0.0370
56744.5487 1.2333 0.0455
56841.3128 1.1170 0.0479
57216.2706 1.4303 0.0325
57223.3574 1.3363 0.0333
56751.3388 1.2364 0.0477
56837.3164 1.0075 0.0401
56833.3206 1.0238 0.0387
57479.5414 3.0350 0.0386
57213.2820 1.4504 0.0296
56722.4431 1.4633 0.0422
57078.4375 1.0943 0.0413
57220.2575 1.3871 0.0398
56772.5313 1.2401 0.0501
56801.3407 0.8664 0.0429
57520.3067 1.9200 0.0392
56809.4513 0.9081 0.0421
56783.3361 1.1437 0.0536
56723.4853 1.3814 0.0421
56798.4174 1.0208 0.0376
56807.2850 0.9484 0.0400
56811.4286 1.0115 0.0379
57185.4561 1.2860 0.0461
57492.5382 2.8772 0.0472
56743.5047 1.2700 0.0705
57191.4231 1.2451 0.0417
57460.4772 2.8496 0.0915
56741.5882 1.2432 0.1071
57195.4008 1.3827 0.0517
57166.3209 1.1772 0.0684
57123.5324 1.2201 0.0716
57105.5603 1.1698 0.0511
57134.4685 1.3114 0.0591
56721.5940 1.3639 0.1160
57419.5304 2.4520 0.1090
57104.4590 1.3227 0.0633
54620.3656 1.5634 0.0428
53467.4985 3.1452 0.0185
