57420.5763 3.4047 0.0306
56801.3688 3.3145 0.0421
56833.3478 3.4148 0.0410
53147.4525 3.7112 0.0080
56744.5358 3.3152 0.0464
56776.4795 3.3196 0.0430
56772.5585 3.2282 0.0506
56723.5097 3.3084 0.0447
56781.3691 3.2782 0.0508
56831.3363 3.5121 0.0402
57213.3079 3.6113 0.0333
57223.3832 3.6489 0.0373
56798.4422 3.3946 0.0427
56722.4684 3.4174 0.0419
56839.3341 3.5786 0.0467
57160.5054 3.6968 0.0398
56751.3634 3.3528 0.0442
56805.4306 3.3016 0.0436
57542.3791 3.4293 0.0328
56809.4772 3.3230 0.0495
56803.4885 3.3714 0.0551
56837.3417 3.3496 0.0425
57433.5460 3.5478 0.0328
56835.3395 3.6210 0.0410
57547.4125 3.4264 0.0339
57492.5660 3.4201 0.0382
56715.5711 3.2842 0.0394
57191.4517 3.6269 0.0386
56712.4997 3.3026 0.0424
57216.2975 3.5957 0.0360
57220.2845 3.7450 0.0379
57157.4650 3.6474 0.0403
56807.3096 3.2402 0.0444
56780.3275 3.3429 0.0463
56811.4533 3.3772 0.0411
56841.3393 3.3952 0.0468
57508.4284 3.3653 0.0347
56778.3170 3.3223 0.0453
56783.3659 3.4512 0.0539
56741.6270 3.3268 0.0795
57479.5657 3.4366 0.0483
57185.4838 3.5364 0.0550
57134.4901 3.6738 0.0508
57520.3327 3.4080 0.0483
57166.3513 3.5832 0.0457
57123.5689 3.5374 0.1003
57078.4898 2.6125 0.0487
57105.5730 3.5804 0.0583
57104.5182 3.5224 0.0565
54620.3618 3.0910 0.0459
