57420.5609 7.5885 0.0369
57492.5551 7.4898 0.0305
57479.5555 7.3323 0.0311
57542.3692 8.1253 0.0285
57520.3223 7.6204 0.0319
57508.4185 7.5344 0.0297
57433.5360 7.7382 0.0279
57567.3051 8.3524 0.0323
57547.4029 7.9724 0.0290
53472.5316 6.3199 0.0108
57078.4779 4.4965 0.0303
57213.2976 7.1255 0.0768
57191.4456 6.5164 0.0397
56833.3407 5.6648 0.0424
57123.5562 5.1760 0.0603
57134.4846 5.3373 0.0410
56839.3248 5.5877 0.0494
56831.3281 5.6585 0.0440
56783.3558 6.0376 0.0607
56723.5016 7.2671 0.0501
56805.4223 5.7005 0.0487
56741.6140 6.9950 0.0650
57160.3779 5.4652 0.0364
57157.4560 5.3009 0.0421
56776.4714 6.0973 0.0466
56798.4341 5.7833 0.0446
56835.3306 5.5254 0.0443
56803.4771 5.7407 0.0564
56837.3334 5.5806 0.0466
56809.4686 5.6073 0.0493
57216.2878 7.1287 0.0425
56778.3088 6.0642 0.0492
56801.3570 5.8847 0.0482
56780.3187 6.1399 0.0506
56744.5276 6.8073 0.0505
56751.3553 6.7221 0.0505
57223.3746 7.0591 0.0422
56715.5630 7.1042 0.0465
56781.3610 6.1580 0.0543
57220.2754 6.9877 0.0425
56811.4451 5.6197 0.0448
56722.4603 7.1375 0.0479
56807.3013 5.7496 0.0452
56841.3295 5.6466 0.0521
56712.4916 7.0892 0.0490
56772.5497 6.3280 0.0547
57104.4873 4.5012 0.0470
53474.4540 7.0343 0.0155
57166.3406 5.4307 0.0699
57185.4755 6.2213 0.0479
57133.6081 5.5338 0.1537
57105.5696 4.8297 0.0862
53770.6220 6.4221 0.0317
54620.3581 8.2450 0.0606
