57479.5231 0.8520 0.0226
56803.4112 1.0999 0.0343
56723.4803 1.2713 0.0358
56781.3397 1.0540 0.0436
56809.4460 1.1131 0.0349
56837.3096 1.0887 0.0328
57567.2855 0.9251 0.0285
56798.4117 1.1253 0.0308
56778.2875 1.1601 0.0376
56805.4000 1.2277 0.0325
56743.5047 1.1855 0.0376
57542.3509 0.9093 0.0246
56776.4499 1.2099 0.0346
57460.4734 0.8902 0.0274
56833.3155 1.1521 0.0316
56780.2967 1.1433 0.0403
56835.3093 1.1476 0.0309
56831.3066 1.0721 0.0311
56772.5257 1.2660 0.0430
56744.5344 1.1783 0.0354
57459.5373 0.9638 0.0281
56751.3336 1.1962 0.0413
56811.4234 1.1007 0.0308
56783.3308 1.2307 0.0449
56841.3074 1.0667 0.0399
56801.3352 1.0871 0.0365
56839.3033 1.0399 0.0350
56715.5416 1.2377 0.0341
56807.2799 1.0699 0.0346
56712.4708 1.2392 0.0391
53496.3516 2.6293 0.0080
57508.3997 0.7988 0.0283
57520.3018 0.9061 0.0427
57433.5183 0.8918 0.0266
57216.2664 0.8149 0.0320
56722.4392 1.2148 0.0459
56829.3208 1.1597 0.0463
57213.2777 0.8232 0.0287
57194.3999 0.9286 0.0323
57133.4106 0.9550 0.0309
57157.4336 1.0168 0.0345
56721.5907 1.3048 0.0457
57160.3564 0.8829 0.0297
57547.3854 0.8303 0.0272
57191.4184 0.9034 0.0430
57420.5525 0.7743 0.0376
52793.2667 1.5438 0.0274
57223.3536 0.9559 0.0360
57492.5346 0.8148 0.0468
57185.4502 0.9962 0.0552
57104.4484 1.1192 0.0449
57134.4666 0.8801 0.0552
56711.5225 1.3372 0.0813
57195.3988 0.9360 0.0523
57123.5278 0.9242 0.0871
56741.5841 1.1453 0.0518
57078.4234 1.1535 0.0521
57166.3176 1.0651 0.0926
53388.6169 2.2895 0.0193
57156.4557 1.0286 0.0412
57105.5577 0.9525 0.0726
57220.2539 0.9081 0.0511
