56743.5069 18.1546 0.0408
57420.5459 10.6373 0.0488
57508.4044 11.5122 0.0481
56776.4550 17.4530 0.0627
56780.3019 17.2426 0.0666
56803.4007 18.0470 0.0675
56831.3117 18.9101 0.0612
56778.2926 17.2388 0.0649
56835.3144 19.0880 0.0609
56805.4052 18.2335 0.0629
56712.4754 17.7095 0.0626
56723.4853 18.0427 0.0626
56811.4286 18.6315 0.0600
56741.5892 14.3544 0.0707
57133.4154 18.7271 0.0546
56715.5467 18.1507 0.0613
56751.3388 18.1251 0.0663
56744.5487 18.3030 0.0653
56781.3448 17.3836 0.0688
56841.3128 19.2707 0.0669
57223.3574 17.5178 0.0543
56837.3164 19.2225 0.0628
56833.3206 18.9137 0.0613
56772.5313 17.6015 0.0667
57213.2820 17.2414 0.0504
56722.4431 17.7991 0.0625
56801.3407 17.9858 0.0640
56809.4513 18.3540 0.0644
56783.3361 17.3373 0.0691
56798.4174 17.8561 0.0585
56807.2850 18.2503 0.0636
57567.2909 11.7087 0.0583
57185.4561 16.9681 0.0682
57078.4410 20.1153 0.0760
52816.2887 15.9527 0.0177
57191.4231 16.7652 0.0660
57160.3618 17.4376 0.0721
57194.4053 16.6959 0.0736
56839.3094 19.5016 0.0931
57479.5424 11.5048 0.0675
57157.4393 17.6013 0.0821
57433.5237 12.7788 0.0646
57542.3566 12.1286 0.0677
57520.3078 11.2497 0.0689
57220.2589 17.3511 0.0779
57547.3904 12.0110 0.0657
57105.5603 20.1271 0.0879
57216.2717 17.3380 0.0752
57459.5435 11.8351 0.0668
57134.4685 17.6166 0.0902
56721.5940 18.0380 0.1646
54620.3656 24.6604 0.0877
57104.4590 20.0272 0.1132
53770.6182 14.3910 0.0377
57492.5393 11.4025 0.1172
57195.4013 16.7282 0.1155
57166.3221 17.3329 0.1421
