57420.5625 7.8721 0.0341
56833.3397 6.4340 0.0379
53496.3516 7.2589 0.0096
53472.4934 6.9156 0.0102
56712.4876 6.7467 0.0478
56783.3499 6.4912 0.0581
56715.5589 6.6835 0.0450
57157.4515 7.2833 0.0439
56722.4562 6.6291 0.0467
56809.4644 6.1866 0.0506
56839.3207 6.5218 0.0495
56841.3254 6.6297 0.0535
56781.3570 6.5680 0.0533
56835.3266 6.6078 0.0452
56811.4410 6.3523 0.0455
57492.5529 8.1333 0.0435
56751.3512 6.9548 0.0510
56837.3290 6.5427 0.0479
57133.6087 7.0627 0.0532
57213.2951 7.8858 0.0396
56780.3146 6.5605 0.0515
57160.3736 7.3120 0.0389
57123.5514 6.8955 0.0559
56772.5452 6.6304 0.0559
57191.4374 7.6892 0.0456
56805.4182 6.4084 0.0493
56744.5234 6.9329 0.0486
57223.3703 8.0017 0.0430
57547.4010 7.9592 0.0415
57220.2711 7.9211 0.0432
56741.6082 6.9144 0.0635
56803.4723 6.5101 0.0533
57508.4165 8.0997 0.0435
56831.3240 6.3528 0.0446
57134.4821 7.0441 0.0500
56807.2972 6.3367 0.0473
57433.5341 8.3143 0.0410
56778.3048 6.6650 0.0499
56798.4301 6.4381 0.0445
56801.3529 6.3770 0.0486
57567.3029 8.2786 0.0463
56776.4673 6.5334 0.0484
57542.3673 7.9571 0.0406
57216.2834 7.8766 0.0424
57479.5533 8.1716 0.0456
57520.3201 7.8688 0.0468
56723.4975 6.6488 0.0491
52793.2667 4.3039 0.0296
57078.4761 7.0497 0.0515
57166.3371 7.2279 0.0509
57185.4701 7.6217 0.0655
53388.6169 5.4416 0.0224
57104.4732 6.8682 0.0849
