57420.5625 1.2700 0.0296
56833.3397 1.0769 0.0328
53496.3516 1.9996 0.0075
56712.4876 1.4710 0.0423
56783.3499 1.3862 0.0545
56715.5589 1.4693 0.0391
57157.4515 1.4973 0.0380
56722.4562 1.4543 0.0411
56809.4644 1.1921 0.0453
56839.3207 0.9404 0.0434
56841.3254 1.1051 0.0488
56781.3570 1.2160 0.0483
56835.3266 1.1844 0.0388
56811.4410 1.1899 0.0395
57492.5529 1.1530 0.0343
56751.3512 1.3447 0.0454
56837.3290 1.2400 0.0421
57133.6087 1.4351 0.0491
57213.2951 1.3679 0.0314
56780.3146 1.3515 0.0468
57160.3736 1.4169 0.0317
57123.5514 1.2930 0.0540
56772.5452 1.2806 0.0525
57191.4374 1.2040 0.0383
56805.4182 1.2082 0.0439
56744.5234 1.3936 0.0428
57223.3703 1.2403 0.0350
57547.4010 1.0931 0.0309
57220.2711 1.3787 0.0352
56741.6082 1.3812 0.0606
56803.4723 1.1359 0.0487
57508.4165 1.1295 0.0332
56831.3240 1.1027 0.0385
57134.4821 1.4337 0.0444
56807.2972 1.1529 0.0413
57433.5341 1.3200 0.0304
56778.3048 1.2626 0.0441
56798.4301 1.2348 0.0387
56801.3529 1.2155 0.0433
57567.3029 1.1067 0.0352
56776.4673 1.2501 0.0428
57542.3673 1.0935 0.0302
57216.2834 1.3835 0.0341
57479.5533 1.2241 0.0386
57520.3201 1.1326 0.0405
56723.4975 1.3249 0.0435
52793.2667 1.7981 0.0270
57078.4761 1.4075 0.0443
57166.3371 1.3998 0.0460
53388.6201 1.3532 0.0135
57185.4701 1.2990 0.0571
57104.4732 1.3893 0.0707
