52730.5552 2.3732 0.0367
52698.6084 2.2406 0.0098
53911.3347 2.8198 0.0193
54186.5179 2.3227 0.0186
53462.4932 2.3873 0.0469
53586.2974 2.8324 0.0139
53853.4462 2.7748 0.0241
53847.5764 2.8009 0.0455
53583.3079 2.7659 0.0136
56801.3755 3.2103 0.0440
54531.5768 2.6162 0.0107
54570.4316 2.1218 0.0261
53524.3045 2.7056 0.0147
53799.4857 2.9655 0.0234
53122.4963 1.9912 0.0080
52790.4020 2.6973 0.0399
53466.6160 2.2561 0.0150
57420.5822 2.0986 0.0415
56833.3547 3.0256 0.0436
53851.4077 2.7932 0.0248
52815.2914 2.2963 0.0092
54144.5920 2.6014 0.0151
53495.4426 2.4881 0.0148
53772.6297 2.9220 0.0157
53411.6270 1.8711 0.0132
53502.3911 2.5429 0.0163
54591.3895 2.0505 0.0130
54183.5095 2.3188 0.0152
54266.2955 2.2146 0.0140
53578.3463 2.7315 0.0203
54588.5554 1.9782 0.0194
54179.5251 2.4050 0.0142
53175.3877 1.9897 0.0138
54535.5108 2.5804 0.0133
53743.6390 2.9378 0.0132
53943.3059 2.5022 0.0152
53121.5165 2.0043 0.0137
54624.3861 2.1520 0.0148
54600.4490 2.1133 0.0360
53769.6097 2.9325 0.0144
54124.6341 2.6006 0.0137
53551.3322 2.2250 0.0141
54563.4974 2.2899 0.0146
53149.3362 2.0759 0.0140
54594.4558 2.0289 0.0134
53195.3507 1.8828 0.0138
54561.4270 2.3385 0.0143
54176.5674 2.4760 0.0145
53553.4174 2.6658 0.0154
54538.5803 2.5594 0.0160
53165.4132 2.0352 0.0137
53117.4887 1.9831 0.0138
53939.3099 2.5282 0.0150
53146.4943 2.1286 0.0153
53446.5357 2.2295 0.0142
54528.5253 2.7120 0.0124
53766.6203 2.9695 0.0140
54597.4541 2.0645 0.0130
54120.6662 2.6477 0.0211
54524.5298 2.7297 0.0219
53178.3783 1.9342 0.0135
54557.5486 2.4805 0.0142
53500.3190 2.5072 0.0149
54511.5838 2.7233 0.0145
53879.3116 2.8660 0.0195
56841.3445 3.1051 0.0663
56837.3468 3.2447 0.0609
57220.2902 2.3309 0.0478
54151.6535 2.4050 0.0197
54153.6000 2.4574 0.0183
53531.3651 2.7133 0.0183
57134.4965 2.8789 0.0556
57213.3132 2.5164 0.0445
54255.3383 2.2790 0.0278
56809.4832 3.1335 0.0630
56715.5762 2.9570 0.0551
54621.4090 2.1534 0.0174
54117.6493 2.5828 0.0161
56839.3391 3.1314 0.0678
56772.5638 2.9269 0.0720
53892.3802 2.8789 0.0349
56776.4846 3.0011 0.0576
53390.6521 1.8174 0.0181
54234.4909 2.2795 0.0173
53916.3280 2.6047 0.0228
56722.4745 2.8961 0.0602
54614.3956 2.1131 0.0178
56744.5410 2.8524 0.0637
53936.3106 2.5162 0.0184
56811.4584 3.2679 0.0578
56783.3709 2.8558 0.0744
53859.3702 3.0964 0.0246
57166.3562 2.7550 0.0569
56723.5148 2.7683 0.0595
56741.6355 2.7981 0.0884
56835.3446 3.0446 0.0564
57123.5770 2.7907 0.0781
53473.5911 2.2177 0.0207
57547.4172 1.9792 0.0453
54262.4029 2.1977 0.0206
57191.4577 2.7162 0.0507
53883.3925 2.8751 0.0196
57223.3887 2.4443 0.0495
56798.4488 3.2740 0.0652
57520.3387 1.8707 0.0524
56712.5048 2.9394 0.0590
57542.3838 1.9787 0.0423
56807.3146 3.0632 0.0560
53888.4096 2.8565 0.0198
57433.5514 2.0725 0.0426
53855.4193 2.7710 0.0183
56781.3742 3.0216 0.0672
56831.3414 3.2533 0.0559
57508.4332 1.9906 0.0467
53469.5220 2.2866 0.0182
53906.3717 2.7014 0.0215
54205.4890 2.1997 0.0191
54618.4171 2.1981 0.0167
53138.4632 2.1262 0.0194
53200.2683 1.8834 0.0162
57185.4913 2.7133 0.0574
53505.3908 2.5040 0.0286
53527.3558 2.6763 0.0177
57216.3038 2.5979 0.0486
53875.3626 2.9210 0.0177
54229.4818 2.2442 0.0297
54201.4569 2.1966 0.0185
57479.5717 2.0936 0.0536
57492.5714 2.0818 0.0492
53518.4511 2.5966 0.0385
54213.5754 2.1938 0.0218
52721.6265 2.5197 0.0456
54259.3160 2.1497 0.0161
56778.3220 2.8623 0.0629
56780.3326 3.0455 0.0645
56751.3686 2.8059 0.0601
56805.4358 3.2922 0.0625
54209.4945 2.2087 0.0178
57157.4705 2.8538 0.0550
57105.5754 2.6180 0.0806
56803.4944 3.3189 0.1372
53523.4216 2.6779 0.0393
57078.4947 2.7824 0.0838
57160.5116 3.0549 0.0626
57104.5235 2.8431 0.0729
52722.6024 2.2695 0.0561
53463.5772 2.2782 0.0449
54113.6612 2.5676 0.0300
53563.3425 2.7605 0.0430
