57420.5741 9.1671 0.0251
56833.3460 10.7143 0.0351
56801.3657 10.2248 0.0372
56741.6261 9.0724 0.0474
56723.5077 8.7470 0.0371
57157.4628 11.0680 0.0350
56715.5691 8.4093 0.0334
56837.3397 10.7411 0.0377
56809.4750 10.4625 0.0414
57479.5641 9.5112 0.0329
56839.3317 10.7430 0.0399
56841.3368 10.8092 0.0400
56811.4513 10.5892 0.0365
56835.3373 10.7691 0.0364
57223.3811 10.2596 0.0327
57492.5638 9.2054 0.0322
56744.5338 9.4028 0.0383
57220.2823 10.0569 0.0333
57216.2948 10.3005 0.0329
56798.4402 10.3850 0.0365
57213.3058 10.2459 0.0303
57134.4883 11.4166 0.0346
56831.3342 10.7746 0.0360
56722.4664 8.8244 0.0354
57547.4106 9.5984 0.0309
56712.4977 8.4518 0.0355
56805.4285 10.3786 0.0384
56751.3614 9.4059 0.0375
56807.3075 10.4791 0.0387
57191.4493 10.3945 0.0329
57433.5438 9.6856 0.0302
57542.3772 9.7641 0.0305
56803.4857 10.4077 0.0485
57160.4866 11.2697 0.0371
56783.3628 10.2345 0.0505
57166.3484 11.3132 0.0413
56776.4765 10.0192 0.0428
57508.4254 9.4256 0.0362
57520.3300 9.6799 0.0383
56780.3242 10.1591 0.0452
57123.5673 11.5191 0.0506
56781.3661 10.1254 0.0474
56772.5552 9.8036 0.0480
56778.3139 10.0198 0.0452
57185.4821 10.4208 0.0500
53147.4525 7.7391 0.0096
57105.5720 11.7385 0.0528
57078.4864 11.9144 0.0472
57104.5101 11.7297 0.0487
57567.3097 9.4311 0.1168
54620.3618 7.7567 0.0577
