52730.5705 42.7986 0.0501
53462.4908 41.4999 0.0421
53847.5732 36.8708 0.0791
53911.3288 35.8514 0.0276
53851.4182 36.6976 0.0250
56801.3749 44.3571 0.0549
53853.4352 36.4757 0.0252
53586.2942 39.1284 0.0214
53524.3013 42.4263 0.0204
54186.5147 36.1661 0.0250
54531.5740 36.3167 0.0194
57420.5809 37.7483 0.0546
53466.6127 40.9588 0.0223
52710.6200 43.3392 0.0268
53583.3046 39.4073 0.0239
54570.4284 35.4237 0.0298
53799.4817 38.7420 0.0319
52817.2960 41.4842 0.0488
54262.4012 37.6002 0.0248
54209.4929 37.7859 0.0241
54624.3824 32.3575 0.0228
57191.4580 40.1295 0.0670
53505.3888 42.4745 0.0286
56833.3526 44.7990 0.0728
53769.6082 38.0602 0.0245
54561.4254 35.7965 0.0237
53146.4901 39.2501 0.0259
54151.6503 36.3104 0.0271
54153.5968 36.1684 0.0266
54117.6461 35.1955 0.0243
54524.5266 36.9127 0.0285
53553.4142 39.6470 0.0269
54144.5888 35.8851 0.0256
53578.3431 39.5049 0.0315
53411.6236 41.2788 0.0262
54511.5807 37.8926 0.0232
54213.5722 37.8656 0.0290
54614.3924 34.0322 0.0253
53936.3074 35.4037 0.0260
54255.3352 38.3120 0.0278
54600.4459 34.5306 0.0346
53446.5324 40.9645 0.0261
54621.4059 33.8922 0.0246
52790.4028 41.4367 0.1478
54266.2923 37.5867 0.0255
54557.5455 35.8505 0.0251
54234.4877 38.3104 0.0258
53859.3669 36.9338 0.0269
53200.2667 41.4790 0.0262
53473.5879 41.3329 0.0278
53121.5132 39.0683 0.0254
54591.3863 34.7021 0.0237
54179.5219 36.0209 0.0249
54563.4941 35.7771 0.0255
52813.3474 41.8258 0.0314
54588.5522 34.5220 0.0281
53175.3845 40.4731 0.0264
53883.3893 36.3614 0.0265
53109.5778 39.2346 0.0301
54183.5063 35.9103 0.0260
53551.3290 41.1944 0.0259
53939.3067 35.3165 0.0257
53875.3594 36.5167 0.0255
53772.6264 38.3307 0.0275
52792.4193 42.9022 0.0382
54201.4537 37.0106 0.0262
53527.3526 42.6927 0.0263
54535.5077 36.5494 0.0245
53943.3027 34.8983 0.0263
54259.3128 37.9202 0.0252
53138.4614 38.9762 0.0262
53469.5188 41.3363 0.0267
53178.3751 40.4763 0.0257
53149.3330 39.1123 0.0244
53906.3684 35.9639 0.0285
52722.5967 42.9451 0.0366
53390.6489 41.5215 0.0266
53531.3615 42.5122 0.0271
53916.3248 35.8306 0.0286
53117.4850 38.8852 0.0253
53766.6170 38.1847 0.0262
53495.4394 42.2605 0.0273
52815.2953 42.3364 0.0194
54176.5642 35.6893 0.0252
54124.6309 35.1338 0.0246
52698.6068 42.9897 0.0317
54205.4858 37.3317 0.0271
54594.4526 34.5184 0.0244
53165.4100 39.8259 0.0252
54618.4140 34.0529 0.0238
53195.3465 41.4781 0.0262
53743.6336 37.2370 0.0248
54229.4787 38.1360 0.0305
53518.4479 42.0973 0.0347
54538.5772 36.2235 0.0275
54113.6612 35.2641 0.0259
53083.6071 38.5773 0.0262
53855.4161 36.8304 0.0255
53502.3879 42.4403 0.0269
54597.4509 34.4119 0.0241
53892.3770 36.9067 0.0311
54120.6630 35.1546 0.0271
53879.3083 36.4606 0.0263
53500.3158 42.7409 0.0263
53888.4064 36.5029 0.0262
54528.5221 37.3348 0.0232
56712.5038 40.3907 0.0839
52791.4573 43.0029 0.0391
56751.3675 41.8148 0.0867
52721.6238 43.4943 0.0452
57433.5504 40.1101 0.0745
56744.5399 41.1470 0.0886
56837.3458 44.9739 0.0892
56772.5627 42.4050 0.0922
57220.2890 40.1585 0.0750
57542.3828 38.1729 0.0727
57520.3376 38.7242 0.0723
57216.3027 40.1192 0.0779
56715.5752 40.4768 0.0820
56839.3381 45.1014 0.0950
56811.4574 44.7099 0.0870
56741.6340 40.7775 0.0987
56783.3699 43.1342 0.0936
56723.5137 40.6911 0.0860
56798.4478 43.7966 0.0879
57547.4163 38.1888 0.0749
57213.3122 40.0125 0.0714
56805.4347 44.5158 0.0904
56831.3404 44.9433 0.0865
57134.4954 41.5684 0.0767
56807.3136 44.3464 0.0882
56778.3210 43.0534 0.0902
56780.3316 43.0682 0.0889
56841.3435 45.1506 0.0905
56781.3732 42.9607 0.0917
57123.5755 42.2807 0.0834
56776.4836 42.8012 0.0852
56722.4730 40.4630 0.0863
57508.4323 39.1425 0.0757
56809.4820 44.3645 0.0923
57492.5703 39.5608 0.0781
57479.5706 40.8717 0.0739
57223.3876 39.8415 0.0753
56835.3435 44.9149 0.0869
53463.5851 41.0756 0.0380
53523.4194 42.6382 0.0370
56803.4932 43.7060 0.1249
53563.3393 39.7321 0.0429
57157.4700 40.4122 0.0853
57166.3553 40.3945 0.0919
54620.3574 34.0098 0.0757
57160.5099 40.1015 0.1076
57078.4942 44.0835 0.1136
57185.4913 39.9385 0.1070
53890.4800 36.2297 0.1333
53198.3064 42.2101 0.1421
57105.5754 43.3244 0.1764
57104.5235 43.3356 0.1646
