52730.5705 4.1442 0.0263
53462.4908 3.4920 0.0327
53847.5741 5.0220 0.0416
56801.3736 4.5405 0.0268
53911.3288 4.1181 0.0180
53851.4182 4.9377 0.0160
57420.5798 5.1858 0.0263
53853.4352 4.9206 0.0162
53586.2942 4.3569 0.0116
53524.3013 3.9290 0.0099
54186.5147 4.4152 0.0170
56833.3518 4.7248 0.0306
54531.5740 3.6172 0.0090
57191.4567 4.6507 0.0299
53466.6127 3.5387 0.0111
52710.6200 4.1491 0.0135
53583.3046 4.3809 0.0121
56744.5389 5.0779 0.0394
57479.5695 5.0443 0.0340
57213.3111 4.6762 0.0282
57508.4313 5.0588 0.0309
56712.5028 5.1992 0.0364
56778.3200 4.9665 0.0386
54570.4284 3.5007 0.0224
56837.3448 4.8812 0.0364
56722.4718 5.1706 0.0370
53799.4817 4.4293 0.0176
56831.3394 4.6617 0.0337
52817.2960 4.1293 0.0251
56839.3371 4.7171 0.0399
57216.3016 4.6009 0.0308
53505.3888 3.6253 0.0174
56783.3689 4.9277 0.0455
57433.5495 5.4459 0.0295
56723.5127 5.1354 0.0375
56809.4807 4.7395 0.0410
56772.5617 5.0863 0.0437
54262.4012 5.0687 0.0136
56751.3665 5.2084 0.0375
56798.4463 4.6153 0.0379
56841.3424 4.8140 0.0395
57123.5741 4.9466 0.0464
54209.4929 4.6368 0.0119
56807.3126 4.4910 0.0350
54624.3824 3.9379 0.0114
57220.2879 4.5530 0.0305
57134.4942 4.7939 0.0330
57542.3819 5.1446 0.0292
56715.5742 5.1850 0.0340
56781.3722 4.9927 0.0421
56741.6324 4.9763 0.0523
56780.3305 4.8907 0.0388
57492.5692 4.9170 0.0334
57547.4153 5.1332 0.0303
56776.4826 5.0252 0.0362
56805.4337 4.6798 0.0375
56811.4564 4.6465 0.0347
56835.3425 4.7259 0.0343
53769.6082 3.9316 0.0112
54561.4254 3.6235 0.0113
57223.3865 4.4638 0.0313
57520.3365 5.1353 0.0341
53146.4901 3.4070 0.0125
54151.6503 4.4139 0.0137
54153.5968 4.3060 0.0129
54524.5266 3.5733 0.0180
53553.4142 4.2520 0.0129
54144.5888 4.4779 0.0129
53578.3431 4.3545 0.0170
53411.6236 2.9461 0.0111
54511.5807 3.4944 0.0098
54213.5722 4.6443 0.0153
54614.3924 3.7110 0.0125
53936.3074 4.2916 0.0130
54255.3352 5.0842 0.0178
54600.4459 3.6136 0.0279
53200.2667 3.6591 0.0123
54621.4059 3.9062 0.0119
53175.3845 3.5136 0.0117
54266.2923 5.0851 0.0130
54557.5455 3.6893 0.0121
54234.4877 4.6828 0.0127
53859.3669 4.8104 0.0165
53473.5879 3.5837 0.0137
53121.5132 3.3246 0.0116
54591.3863 3.5702 0.0112
54179.5219 4.3898 0.0124
57157.4684 4.5981 0.0358
54563.4941 3.6385 0.0126
52813.3474 4.1415 0.0154
54117.6461 4.2645 0.0116
54588.5522 3.5237 0.0157
53883.3893 4.6845 0.0137
54183.5063 4.5302 0.0134
53551.3290 4.1681 0.0121
53939.3067 4.3046 0.0130
53875.3594 4.7208 0.0125
53772.6264 3.9673 0.0132
52792.4193 4.1196 0.0208
54201.4537 4.5625 0.0133
54535.5077 3.6453 0.0112
53446.5324 3.2139 0.0117
53943.3027 4.2099 0.0131
54259.3128 5.0652 0.0123
53138.4614 3.3229 0.0128
53109.5778 3.3092 0.0164
53469.5188 3.6256 0.0123
53178.3751 3.5282 0.0116
53149.3330 3.4289 0.0118
53906.3684 4.1396 0.0145
52722.5967 4.1009 0.0244
53390.6489 3.1621 0.0122
53531.3615 3.9167 0.0124
53916.3248 4.0534 0.0157
53117.4850 3.3361 0.0116
53766.6170 3.9012 0.0118
53495.4394 3.4005 0.0124
54176.5642 4.3580 0.0127
54124.6309 4.3387 0.0121
54205.4858 4.6282 0.0142
54594.4526 3.5739 0.0115
53165.4100 3.5204 0.0115
54618.4140 3.8182 0.0116
53527.3526 3.9308 0.0120
53122.4995 3.3759 0.0077
57166.3539 4.4444 0.0386
53195.3465 3.6187 0.0117
56803.4918 4.5009 0.0540
53743.6336 4.1060 0.0113
54229.4787 4.6876 0.0200
53518.4479 3.9111 0.0248
54538.5772 3.6283 0.0134
54113.6612 4.2428 0.0156
53083.6071 3.2455 0.0124
53855.4161 4.9287 0.0131
53502.3879 3.5381 0.0132
54597.4509 3.5938 0.0114
53892.3770 4.5366 0.0227
54120.6630 4.3252 0.0158
53879.3083 4.7257 0.0135
53500.3158 3.4797 0.0122
53888.4064 4.5960 0.0141
54528.5221 3.6281 0.0103
57160.5082 4.4674 0.0395
52791.4573 4.0829 0.0213
52721.6238 4.2344 0.0330
52790.4020 4.0615 0.0401
53463.5851 3.4673 0.0224
53523.4194 3.8967 0.0197
57078.4933 5.1205 0.0431
53563.3393 4.3274 0.0253
57185.4892 4.6013 0.0565
54620.3574 3.9212 0.0376
57105.5745 5.0378 0.0617
53890.4800 4.4818 0.0706
53198.3064 3.7368 0.0955
54619.3119 3.8342 0.0662
57104.5235 5.3253 0.0805
