52730.5705 4.0385 0.0264
53462.4914 2.5679 0.0275
53847.5729 2.5820 0.0251
56801.3736 2.4971 0.0251
53911.3288 2.8321 0.0175
53851.4182 2.5703 0.0150
57420.5798 2.4850 0.0243
56833.3504 2.6143 0.0253
53853.4352 2.5511 0.0152
53586.2942 2.4705 0.0108
57191.4555 2.0786 0.0238
53524.3013 2.4906 0.0093
54186.5147 3.8534 0.0169
56831.3383 2.6106 0.0267
54531.5740 2.7873 0.0086
56837.3438 2.4144 0.0284
56741.6309 2.4403 0.0431
56772.5606 2.9194 0.0357
56839.3361 2.4476 0.0317
56744.5379 2.6098 0.0313
56783.3679 2.7138 0.0374
56781.3712 2.6327 0.0339
56780.3295 2.6936 0.0314
56841.3414 2.2570 0.0315
56778.3190 2.6561 0.0309
56776.4816 2.8312 0.0291
53466.6127 2.6016 0.0106
57123.5727 2.4990 0.0386
57134.4930 2.6123 0.0269
56835.3415 2.3314 0.0264
52710.6200 3.7088 0.0133
53583.3046 2.4552 0.0111
57213.3111 2.0487 0.0246
57508.4313 2.7140 0.0276
56712.5028 2.1515 0.0324
54570.4284 3.0602 0.0223
56722.4718 2.2477 0.0330
53799.4817 2.6280 0.0165
57479.5695 2.8200 0.0317
52817.2960 3.8287 0.0246
57216.3016 2.1045 0.0272
57433.5495 2.6445 0.0254
56723.5127 2.2278 0.0337
56809.4807 2.5894 0.0381
54262.4012 3.9683 0.0130
56751.3665 2.4393 0.0339
56798.4463 2.6275 0.0355
54209.4929 3.7248 0.0113
56807.3126 2.6017 0.0323
54624.3824 2.8074 0.0107
57220.2879 2.1755 0.0273
57542.3819 2.4169 0.0253
56715.5742 2.1794 0.0298
57492.5692 2.7662 0.0305
57547.4153 2.3766 0.0263
53505.3888 2.5614 0.0170
56805.4337 2.6039 0.0347
56811.4564 2.6590 0.0320
53769.6082 2.9235 0.0105
54561.4254 2.8930 0.0108
57223.3865 2.2066 0.0284
57520.3365 2.5720 0.0315
53146.4901 2.2392 0.0118
54151.6503 3.3562 0.0130
54153.5968 3.3843 0.0122
54524.5266 2.7752 0.0176
53553.4142 2.4022 0.0116
54144.5888 3.3980 0.0122
53578.3431 2.4389 0.0157
53411.6236 2.3976 0.0107
54511.5807 2.8056 0.0093
54213.5722 3.6901 0.0147
54614.3924 2.9594 0.0120
53936.3074 3.2017 0.0122
54255.3352 3.9171 0.0173
54600.4459 3.1691 0.0278
53200.2667 2.6027 0.0116
54621.4059 2.8371 0.0112
54266.2923 4.0443 0.0124
54557.5455 2.8754 0.0116
54234.4877 3.8129 0.0121
53859.3669 2.6499 0.0154
53473.5879 2.6322 0.0132
53121.5132 2.3083 0.0110
54591.3863 3.1299 0.0109
54179.5219 3.5751 0.0119
57157.4684 2.2591 0.0328
54563.4941 2.9097 0.0121
52813.3474 3.8685 0.0152
54117.6461 3.3848 0.0110
54588.5522 3.0496 0.0154
53175.3845 2.4087 0.0110
53883.3893 2.5986 0.0123
54183.5063 3.5672 0.0127
53551.3290 2.4196 0.0110
53939.3067 3.2201 0.0123
53875.3594 2.5924 0.0110
54205.4858 3.7118 0.0136
52792.4193 3.9505 0.0206
54201.4537 3.7119 0.0127
54535.5077 2.8142 0.0106
53446.5324 2.6401 0.0113
53943.3027 3.2625 0.0124
54259.3128 3.9515 0.0116
53138.4614 2.2203 0.0121
53109.5778 2.3639 0.0159
53469.5188 2.6286 0.0117
53178.3751 2.4143 0.0109
53149.3330 2.2407 0.0110
53906.3684 2.7823 0.0136
52722.5967 3.9048 0.0243
53390.6489 2.4000 0.0117
53531.3615 2.4726 0.0115
53916.3248 2.8385 0.0150
53117.4850 2.3305 0.0109
53766.6170 2.9733 0.0111
53495.4394 2.5670 0.0118
54597.4509 3.1196 0.0111
54176.5642 3.5360 0.0121
54124.6309 3.4043 0.0114
57185.4868 2.2056 0.0385
54594.4526 3.1464 0.0112
53165.4100 2.3478 0.0107
54618.4140 2.9157 0.0110
53527.3526 2.4996 0.0111
57166.3539 2.3833 0.0361
53122.4995 2.3397 0.0072
53772.6264 2.8848 0.0125
53195.3465 2.5787 0.0110
56803.4918 2.4506 0.0512
53743.6336 3.0294 0.0106
54229.4787 3.8218 0.0197
53518.4479 2.4593 0.0243
54538.5772 2.8162 0.0128
54113.6612 3.4238 0.0152
53083.6071 2.3855 0.0118
53855.4161 2.5454 0.0115
53502.3879 2.5685 0.0126
53892.3770 2.7092 0.0220
54120.6630 3.4003 0.0153
53879.3083 2.5936 0.0121
53500.3158 2.5969 0.0117
53888.4064 2.6154 0.0129
54528.5221 2.8299 0.0098
57160.5082 2.3061 0.0364
52791.4573 3.9878 0.0213
52721.6238 3.9256 0.0328
57078.4920 2.4877 0.0345
52790.4020 3.9614 0.0400
53463.5851 2.5853 0.0218
53523.4194 2.4275 0.0187
53563.3393 2.3702 0.0238
54620.3574 2.9722 0.0357
57105.5745 2.4928 0.0555
53890.4800 2.6355 0.0649
53198.3064 2.6766 0.0937
54619.3119 2.8383 0.0629
57104.5235 2.4868 0.0706
