57420.5582 4.8848 0.0312
56741.6094 4.9012 0.0624
53472.4612 5.5337 0.0092
56743.5385 4.8769 0.1456
56811.4368 4.8989 0.0425
57216.2792 5.4093 0.0391
56833.3288 4.9650 0.0436
56807.2931 4.8831 0.0479
57479.5491 5.3759 0.0438
56712.4835 5.3766 0.0457
56837.3245 5.0030 0.0453
57220.2668 5.3862 0.0387
57567.2988 5.6948 0.0380
57191.4328 5.1401 0.0394
56723.4935 4.9831 0.0500
56831.3199 5.0455 0.0424
57223.3660 5.4303 0.0396
57194.4128 5.3814 0.0387
56722.4512 4.8878 0.0445
56744.5188 4.9976 0.0457
57542.3634 5.4204 0.0374
57508.4126 5.3844 0.0375
57185.4654 5.2321 0.0431
57433.5303 5.0663 0.0353
56839.3166 5.1113 0.0479
56801.3488 4.9349 0.0459
57492.5483 5.4112 0.0426
57520.3156 5.3592 0.0441
56772.5406 5.0821 0.0566
56751.3471 5.1214 0.0498
56798.4255 4.8633 0.0417
56715.5548 4.9670 0.0424
57160.3693 5.2230 0.0354
57547.3970 5.3039 0.0366
57213.2908 5.4281 0.0358
56835.3225 5.0200 0.0424
57157.4471 5.1098 0.0419
57123.5441 5.0433 0.0682
57104.4669 4.3964 0.0632
56780.3093 4.7971 0.0713
56778.2997 4.8244 0.0658
56776.4622 4.7086 0.0628
56783.3448 5.0149 0.0800
57459.5499 5.1620 0.0543
56805.4124 5.0293 0.0659
56781.3519 4.8837 0.0723
57134.4738 4.9010 0.0628
56841.3201 4.9707 0.0738
56803.4657 4.9441 0.0726
57166.3310 5.3530 0.0710
56809.4585 4.9415 0.0662
57133.5998 4.8420 0.1051
54620.3631 5.5248 0.0521
