53147.4525 22.5334 0.0139
56833.3442 24.9686 0.0629
52814.3124 22.6796 0.0150
56805.4265 24.7948 0.0711
56798.4382 24.8605 0.0668
56839.3294 25.1211 0.0722
56841.3344 25.2420 0.0723
56712.4957 24.9755 0.0691
57420.5708 22.4397 0.0637
56801.3611 25.0380 0.0714
56809.4728 24.9327 0.0740
56722.4643 25.3293 0.0691
56715.5670 25.4230 0.0667
56835.3351 24.9963 0.0676
56811.4492 24.9192 0.0677
56807.3055 25.1728 0.0711
56723.5056 25.2128 0.0713
56837.3376 24.8202 0.0693
56831.3322 24.7214 0.0666
56803.4819 25.0273 0.0932
56741.6257 25.0859 0.1101
56744.5308 25.2869 0.1022
56776.4745 25.2792 0.0981
57213.3026 24.6368 0.0824
57508.4234 21.3346 0.0828
57157.4594 26.5574 0.0924
56781.3641 25.2092 0.1065
57433.5407 22.7352 0.0832
57520.3278 21.3918 0.0835
57542.3743 21.3145 0.0827
56751.3583 25.4679 0.1008
56783.3606 25.0879 0.1087
57191.4458 25.0499 0.0831
57220.2790 24.6863 0.0904
57492.5605 21.7954 0.0840
57479.5609 21.8240 0.0830
57547.4077 21.1737 0.0818
56772.5530 25.5337 0.1061
57166.3449 26.2391 0.0915
57123.5621 26.3914 0.1011
57223.3778 24.6213 0.0865
57134.4844 26.6939 0.0866
57216.2911 24.6127 0.0884
56778.3119 25.0649 0.1019
56780.3217 25.3565 0.1023
57104.4972 26.5362 0.1012
57078.4849 25.6967 0.1072
57185.4790 24.9370 0.1078
57105.5706 26.9784 0.1383
57567.3097 20.5312 0.1500
57160.3805 26.1818 0.1309
