57420.5718 2.3961 0.0303
56833.3442 1.4063 0.0361
56741.6247 1.4589 0.0611
56805.4265 1.2432 0.0424
56781.3651 1.5572 0.0480
52814.3124 1.8207 0.0093
57492.5616 2.5835 0.0348
56798.4382 1.3609 0.0392
57542.3753 2.7942 0.0324
56841.3344 1.2609 0.0468
57157.4605 2.4372 0.0385
57520.3289 2.7503 0.0396
56801.3611 1.3860 0.0438
56776.4755 1.3885 0.0409
56809.4728 1.3170 0.0446
56839.3294 1.3607 0.0436
53147.4525 2.0258 0.0081
57508.4244 2.7200 0.0342
57191.4470 2.6053 0.0359
56722.4643 1.7624 0.0408
57134.4858 2.0834 0.0369
56835.3351 1.2775 0.0379
56723.5056 1.7634 0.0433
56811.4492 1.2050 0.0384
57223.3789 2.4455 0.0359
57216.2922 2.5635 0.0359
56778.3129 1.3619 0.0444
56783.3617 1.4358 0.0544
57220.2801 2.5138 0.0363
56772.5541 1.4368 0.0506
56807.3055 1.3529 0.0400
56780.3231 1.4291 0.0449
56837.3376 1.2540 0.0406
56831.3322 1.1897 0.0367
57547.4087 2.6819 0.0326
56751.3593 1.5787 0.0435
56744.5318 1.6039 0.0438
56712.4957 1.7344 0.0415
57479.5619 2.6030 0.0387
56715.5670 1.7742 0.0379
57213.3036 2.4933 0.0324
57433.5416 2.4171 0.0311
56803.4819 1.3091 0.0618
57160.4616 2.4783 0.0428
57078.4859 1.6771 0.0371
57166.3455 2.4501 0.0497
57105.5711 1.7231 0.0530
57104.5060 1.5881 0.0431
57185.4795 2.5259 0.0651
57123.5621 1.8290 0.0781
57567.3097 2.7800 0.0920
