57420.5718 4.3431 0.0320
56833.3442 4.0365 0.0393
53147.4525 3.9807 0.0081
52814.3124 4.1092 0.0093
57213.3036 4.7490 0.0356
56781.3651 4.0907 0.0507
57492.5616 5.0471 0.0389
56751.3593 4.5375 0.0471
57542.3753 4.4911 0.0358
56841.3344 3.6836 0.0494
57157.4605 4.6097 0.0411
57520.3289 4.6712 0.0421
56741.6208 3.5044 0.0605
56839.3294 3.9770 0.0469
57508.4244 4.9218 0.0382
56722.4643 4.6305 0.0446
57191.4470 4.6752 0.0386
56715.5670 4.8258 0.0422
57134.4858 4.3913 0.0395
56835.3351 4.0353 0.0419
56723.5056 4.6344 0.0470
57223.3789 4.7003 0.0389
57216.2922 4.6242 0.0389
56778.3129 4.2643 0.0480
56783.3617 4.1904 0.0566
57220.2801 4.6210 0.0392
56772.5541 4.4409 0.0537
56780.3231 4.2824 0.0481
56837.3376 3.7775 0.0441
56831.3322 4.1451 0.0412
57547.4087 4.5992 0.0363
56744.5318 4.1276 0.0468
56712.4957 4.7737 0.0456
57479.5619 4.6890 0.0414
56776.4755 4.3098 0.0448
57433.5416 4.7406 0.0356
57160.4616 4.5605 0.0462
57078.4859 4.4747 0.0418
57166.3455 4.5963 0.0522
57105.5711 4.4554 0.0590
56798.4371 5.0429 0.0613
56809.4716 4.4437 0.0686
56803.4806 4.4927 0.0730
57104.5060 4.4834 0.0493
57185.4795 4.4892 0.0686
56811.4481 2.6641 0.0555
56805.4253 4.2975 0.0650
57123.5621 3.5477 0.0783
56807.3044 3.7353 0.0615
56801.3600 3.4754 0.0637
57567.3097 4.8137 0.1025
