57420.5473 17.8993 0.0407
57567.2954 19.3160 0.0438
57547.3913 19.3219 0.0407
57520.3089 19.1910 0.0413
57542.3576 19.2115 0.0403
57479.5434 17.3264 0.0419
57433.5246 19.6639 0.0397
57459.5445 19.6840 0.0430
56743.5231 16.3216 0.0512
57508.4065 19.2657 0.0410
57492.5408 16.0046 0.0464
56803.4428 19.1468 0.0623
53467.4922 18.3104 0.0129
57223.3605 16.3649 0.0670
56741.6039 18.2318 0.0750
57220.2624 18.9739 0.0585
56801.3447 18.7694 0.0646
57133.5964 18.4750 0.0622
56722.4472 17.7182 0.0618
56723.4894 15.0744 0.0608
57194.4085 19.0020 0.0556
56798.4214 19.0005 0.0611
57134.4703 16.5130 0.0886
56751.3430 13.5155 0.0615
56783.3403 18.6283 0.0723
56772.5360 18.3637 0.0676
57185.4684 18.9321 0.0669
57160.3650 18.6789 0.0532
56841.3171 18.7330 0.0679
56837.3204 18.8279 0.0636
57157.4427 16.0942 0.0551
56712.4795 17.6009 0.0632
56811.4327 18.9210 0.0619
56778.2967 18.3844 0.0661
57216.2749 18.9730 0.0572
56715.5507 16.4191 0.0596
56839.3125 18.8911 0.0679
56780.3062 18.2251 0.0691
56805.4093 19.4630 0.0659
56835.3184 18.7817 0.0619
56744.5528 17.9282 0.0657
56781.3489 18.5990 0.0688
56776.4591 18.5040 0.0628
57213.2865 19.0502 0.0531
56831.3158 18.7989 0.0625
56833.3247 18.8444 0.0614
56807.2890 18.7993 0.0659
57078.4450 17.2522 0.0690
56809.4559 19.0653 0.0742
57460.4772 20.0590 0.1334
53883.4566 16.9091 0.0192
57195.4028 18.7419 0.0882
57104.4634 18.0544 0.1119
57191.4276 19.0773 0.0995
57123.5397 18.2065 0.1589
57419.5304 19.2931 0.1471
57105.5621 6.2981 0.0889
57166.3288 18.7862 0.1165
