57420.5648 1.6765 0.0287
57191.4456 1.3623 0.0327
56833.3407 1.3248 0.0358
57134.4846 1.4126 0.0363
56831.3281 1.4211 0.0369
56744.5276 1.3620 0.0422
57520.3246 1.8646 0.0381
56805.4223 1.2933 0.0418
56723.5016 1.4023 0.0409
56751.3553 1.4074 0.0428
57542.3711 1.6906 0.0293
57160.3779 1.3295 0.0297
57157.4560 1.4521 0.0367
57216.2878 1.5026 0.0331
56798.4341 1.4176 0.0376
56835.3306 1.4012 0.0374
56803.4771 1.2939 0.0500
56837.3334 1.4745 0.0402
52813.3181 0.9002 0.0086
57492.5572 2.0023 0.0357
56839.3248 1.5370 0.0430
56778.3088 1.3840 0.0423
56801.3570 1.3255 0.0412
57433.5379 1.8105 0.0294
57223.3746 1.5562 0.0340
56715.5630 1.4199 0.0372
57220.2754 1.3921 0.0338
56809.4686 1.3163 0.0422
56811.4451 1.3185 0.0376
56722.4603 1.4548 0.0391
57479.5576 1.9758 0.0378
57508.4204 2.0301 0.0329
56807.3013 1.3291 0.0375
56841.3295 1.4941 0.0470
57567.3072 1.7196 0.0343
56712.4916 1.4421 0.0404
57547.4049 1.6503 0.0303
57213.2988 1.3428 0.0360
56741.6147 1.4619 0.0608
57104.4873 1.2852 0.0406
57123.5590 1.3612 0.0768
56783.3584 1.5476 0.0826
56780.3197 1.5107 0.0624
56776.4725 1.3743 0.0557
56781.3621 1.3675 0.0674
57166.3406 1.4498 0.0630
56772.5509 1.5107 0.0688
57185.4755 1.4225 0.0414
57078.4811 1.4820 0.0768
56829.3175 1.4197 0.0689
57105.5696 1.3095 0.0744
56865.2985 1.5350 0.0710
54620.3581 0.9108 0.0409
