57420.5495 10.1151 0.0375
56743.5067 7.8986 0.0503
57194.4042 10.1778 0.0455
57547.3894 9.9496 0.0443
57433.5227 10.5338 0.0438
57459.5423 10.4221 0.0475
57160.3607 10.3431 0.0436
57133.4154 10.0338 0.0455
57157.4382 10.3275 0.0498
56841.3128 9.2657 0.0579
57216.2706 10.2772 0.0462
57223.3574 10.1588 0.0463
57078.4375 9.8103 0.0513
57479.5414 10.1822 0.0471
57213.2820 10.1203 0.0425
57220.2575 10.1867 0.0491
57520.3067 9.9823 0.0481
57567.2966 9.7300 0.0552
57508.4044 10.0889 0.0463
57542.3556 9.9604 0.0444
56807.2844 8.3256 0.0625
57185.4561 10.3512 0.0604
57492.5382 10.1191 0.0603
56839.3078 9.2694 0.0659
56715.5461 7.7761 0.0600
56778.2920 8.2806 0.0671
56831.3112 9.2270 0.0611
56837.3159 8.5689 0.0622
56801.3402 8.4004 0.0649
56783.3355 8.2491 0.0756
56780.3013 8.4319 0.0710
57191.4231 10.3019 0.0574
56798.4168 8.1780 0.0578
56833.3201 9.1927 0.0613
57460.4772 10.5006 0.1092
56835.3138 9.4548 0.0798
56741.5882 7.8043 0.1203
56809.4507 8.2783 0.0845
56723.4848 7.9442 0.0812
57195.4008 10.1044 0.0714
56744.5482 7.7509 0.0868
56722.4425 7.8524 0.0834
56772.5306 8.0990 0.0955
56803.4002 8.5176 0.0921
57166.3209 10.5906 0.0864
57123.5324 9.8717 0.0828
56751.3382 7.7556 0.0914
57105.5603 9.9673 0.0710
56776.4544 8.2745 0.0852
56781.3443 8.4557 0.0976
56811.4281 8.7830 0.0782
56712.4748 7.8140 0.0824
56805.4046 8.5049 0.0827
57134.4685 10.2973 0.0785
56721.5940 7.6576 0.1370
57419.5304 10.5690 0.1246
57104.4590 10.0992 0.0917
54620.3656 9.7884 0.0633
