57420.5729 3.6217 0.0251
56801.3655 4.0492 0.0361
56741.6252 4.0155 0.0504
56833.3443 3.9454 0.0331
56783.3628 3.9832 0.0447
57547.4097 3.7365 0.0282
57542.3762 3.6533 0.0275
57220.2812 3.6077 0.0306
57157.4616 3.5396 0.0321
56776.4765 4.0290 0.0358
57216.2933 3.6192 0.0297
56811.4502 3.9784 0.0342
56831.3332 3.9464 0.0332
57508.4254 3.7045 0.0291
56723.5066 4.1863 0.0374
56715.5680 4.3409 0.0335
56837.3386 3.8921 0.0356
56841.3356 3.9324 0.0395
56809.4739 4.0766 0.0390
57479.5630 3.6285 0.0325
56839.3306 4.0290 0.0381
56805.4275 3.9260 0.0367
56807.3065 4.7493 0.0378
56835.3362 4.0222 0.0338
56772.5552 4.0013 0.0422
57223.3800 3.5888 0.0301
57492.5628 3.6931 0.0301
57520.3300 3.7635 0.0328
57213.3047 3.6844 0.0274
56722.4654 4.2247 0.0353
56744.5328 4.0249 0.0378
57134.4871 3.4919 0.0320
57433.5426 3.6509 0.0272
56780.3242 3.8758 0.0383
56798.4392 3.9548 0.0345
56781.3661 3.8988 0.0405
57191.4482 3.5919 0.0303
56751.3604 4.0782 0.0373
56712.4967 4.3067 0.0361
56778.3139 4.0273 0.0382
57160.4787 3.5070 0.0347
53147.4525 6.5313 0.0091
57166.3467 3.4717 0.0413
57123.5653 3.3818 0.0551
57185.4814 3.6268 0.0438
57078.4864 3.4953 0.0358
56803.4819 3.9456 0.0637
57104.5101 3.4474 0.0362
57105.5716 3.5445 0.0463
57567.3097 3.7928 0.0965
54620.3618 5.1851 0.0515
