57420.5718 1.2176 0.0283
56801.3645 1.2065 0.0332
56833.3443 1.2637 0.0294
56837.3386 1.2841 0.0320
56811.4502 1.3130 0.0304
56831.3332 1.3686 0.0294
56723.5066 1.3775 0.0336
56715.5680 1.3224 0.0293
56841.3356 1.2596 0.0364
56809.4739 1.2335 0.0350
56839.3306 1.3344 0.0344
56805.4275 1.2621 0.0331
56807.3065 1.2106 0.0323
56835.3362 1.3092 0.0299
56722.4654 1.2642 0.0313
57191.4482 1.0670 0.0271
56712.4967 1.2936 0.0320
53147.4525 1.3540 0.0069
56781.3651 1.2416 0.0453
57492.5616 1.3048 0.0324
56751.3593 1.3333 0.0413
57542.3753 1.2949 0.0295
57157.4605 1.1993 0.0354
57520.3289 1.2480 0.0371
56803.4851 1.2074 0.0487
56776.4755 1.1705 0.0389
57547.4087 1.3574 0.0300
57134.4858 1.2032 0.0344
56744.5318 1.2767 0.0413
57223.3789 1.1803 0.0327
57216.2922 1.2097 0.0324
56778.3129 1.1407 0.0421
56783.3617 1.2583 0.0515
57220.2801 1.2109 0.0330
56772.5541 1.2507 0.0481
56780.3231 1.2235 0.0426
57508.4244 1.3926 0.0318
57185.4814 0.9577 0.0401
57479.5619 1.3798 0.0366
57213.3036 1.2638 0.0294
57433.5416 1.3048 0.0290
57078.4859 1.2270 0.0353
57160.4616 1.2181 0.0391
57166.3455 1.1192 0.0459
57105.5711 1.3109 0.0504
56798.4371 1.2858 0.0524
57104.5060 1.3393 0.0414
56741.6219 1.1733 0.0478
57123.5632 1.2813 0.0619
57567.3097 1.3137 0.0861
54620.3618 1.3637 0.0407
