53472.4934 2.7750 0.0086
56809.4644 2.5667 0.0447
56807.2972 2.6413 0.0409
56811.4410 2.6856 0.0395
56805.4182 2.6259 0.0434
53496.3500 2.9876 0.0089
56798.4301 2.6808 0.0386
56803.4723 2.5653 0.0478
57420.5614 2.7261 0.0419
56801.3529 2.7258 0.0431
52793.2667 3.0458 0.0282
57134.4836 2.4934 0.0499
56776.4663 2.7973 0.0609
56741.6067 2.7174 0.0836
56831.3230 2.7708 0.0546
56778.3038 2.6819 0.0620
56833.3319 2.7661 0.0553
57213.2940 2.5677 0.0444
57216.2824 2.4090 0.0474
56783.3488 2.8037 0.0754
56715.5579 2.8169 0.0548
56723.4965 2.7208 0.0585
57508.4155 2.7262 0.0495
57220.2700 2.5951 0.0493
56744.5224 2.7036 0.0599
57567.3017 2.7805 0.0557
56839.3197 2.7432 0.0620
56841.3244 2.7415 0.0693
56781.3560 2.5682 0.0676
56772.5440 2.6645 0.0755
56835.3256 2.8395 0.0550
56751.3502 2.8029 0.0640
56837.3276 2.8804 0.0596
57479.5522 2.7420 0.0549
56780.3135 2.8483 0.0664
57433.5331 2.6125 0.0453
57191.4363 2.5184 0.0542
57542.3663 2.8205 0.0459
57157.4503 2.6603 0.0542
57133.6071 2.5047 0.0698
57123.5498 2.4509 0.0745
56722.4552 2.8135 0.0575
57547.3999 2.5551 0.0460
57492.5517 2.5856 0.0492
57223.3692 2.5927 0.0495
56712.4866 2.6005 0.0588
57160.3725 2.6634 0.0448
57520.3190 2.6879 0.0588
53388.6169 2.5174 0.0193
57078.4740 2.4782 0.0842
57166.3360 2.6513 0.0653
57185.4683 2.4621 0.0940
