57420.5582 7.8885 0.0333
56743.5383 7.1797 0.0461
56741.6094 7.2598 0.0634
56744.5188 7.1846 0.0479
56780.3104 7.1123 0.0532
56833.3288 7.3289 0.0463
56807.2931 7.2745 0.0510
57479.5491 8.7462 0.0473
56712.4835 7.3591 0.0478
56778.3007 7.1640 0.0488
56837.3245 7.3826 0.0479
57220.2668 9.6303 0.0437
57567.2988 9.8495 0.0438
56776.4632 7.2278 0.0481
57191.4328 9.4499 0.0440
56831.3199 7.3621 0.0452
57216.2792 9.6143 0.0443
56839.3166 7.4706 0.0503
57223.3660 9.2987 0.0441
56841.3211 7.5762 0.0545
57194.4128 9.5449 0.0434
56722.4512 7.4797 0.0474
57542.3634 9.5731 0.0432
56723.4935 7.3791 0.0526
56805.4134 7.1488 0.0492
57508.4126 9.2695 0.0428
57185.4654 9.4740 0.0471
56781.3529 7.0441 0.0531
57433.5303 8.2131 0.0396
56801.3488 7.0378 0.0480
57492.5483 9.1257 0.0471
57520.3156 9.3177 0.0477
56811.4368 7.1111 0.0447
56772.5406 6.9526 0.0574
56809.4595 7.2609 0.0493
56803.4668 7.1814 0.0539
56798.4255 6.9597 0.0439
56783.3458 6.9484 0.0574
56715.5548 7.2960 0.0451
57160.3693 9.8914 0.0409
57547.3970 9.5676 0.0426
57213.2908 9.4325 0.0404
56835.3225 7.4074 0.0452
56751.3471 7.2140 0.0510
57157.4471 9.9870 0.0472
57123.5441 10.0409 0.0718
57104.4669 9.3219 0.0696
57133.6028 9.7507 0.0613
57459.5499 8.4206 0.0601
57134.4738 9.8640 0.0710
57166.3310 9.8486 0.0772
54620.3631 9.3115 0.0634
