57420.5763 2.0977 0.0294
56776.4795 2.0864 0.0410
56751.3634 1.9605 0.0418
56781.3691 2.1932 0.0491
57123.5698 1.9552 0.0549
57213.3079 2.6167 0.0316
57134.4907 2.0161 0.0383
56798.4422 2.0380 0.0405
56801.3702 1.9721 0.0550
56839.3341 2.3527 0.0446
57520.3333 2.7966 0.0389
57542.3791 3.1964 0.0324
57223.3832 2.6819 0.0357
57433.5460 1.9861 0.0298
57479.5663 2.4428 0.0384
56837.3417 2.4450 0.0410
57547.4125 3.0814 0.0333
57492.5660 2.5218 0.0366
57191.4517 2.7574 0.0373
56833.3485 2.2978 0.0448
57508.4284 2.8397 0.0338
57220.2845 2.6670 0.0361
57157.4650 2.5584 0.0386
57160.5054 2.6211 0.0381
56780.3275 2.0591 0.0443
56841.3393 2.2602 0.0451
57216.2975 2.5982 0.0342
56783.3659 2.2654 0.0523
56772.5586 1.8554 0.0596
57185.4838 2.5855 0.0536
57166.3513 2.8331 0.0445
56778.3165 2.1196 0.0520
56722.4679 1.9464 0.0627
56807.3090 2.1720 0.0677
56811.4528 2.1337 0.0617
56744.5353 1.9698 0.0701
56723.5091 1.8475 0.0657
56715.5705 1.7321 0.0582
56741.6268 1.7971 0.1092
56835.3389 2.3854 0.0615
56712.4992 1.8174 0.0636
57078.4898 1.9836 0.0467
56805.4301 2.1337 0.0658
57105.5730 2.0235 0.0543
56803.4877 2.3017 0.0936
56809.4766 4.0686 0.0792
56831.3357 2.5047 0.0610
57104.5182 2.0953 0.0523
