57479.5240 4.7177 0.0246
56715.4984 3.9619 0.0354
57420.5453 4.4209 0.0325
56803.4112 4.2499 0.0372
56743.5101 3.9381 0.0361
56741.5899 3.9479 0.0515
57567.2896 4.9636 0.0324
56723.4803 4.0108 0.0381
56781.3397 3.9770 0.0462
56809.4460 4.2059 0.0385
56721.5901 3.9187 0.0425
56798.4117 4.2146 0.0344
56778.2875 3.9460 0.0406
56805.4000 4.2812 0.0357
56837.3096 4.2024 0.0364
57520.3008 4.6902 0.0441
57542.3509 4.7295 0.0296
56776.4499 4.0290 0.0374
57460.4734 4.9218 0.0329
56833.3155 4.2664 0.0354
57508.3994 4.6874 0.0309
56780.2967 4.0784 0.0432
56835.3093 4.2190 0.0345
56831.3066 4.1602 0.0351
56744.5344 3.9119 0.0376
56751.3336 4.0326 0.0432
56811.4234 4.2930 0.0348
56783.3308 4.1422 0.0469
56841.3074 4.2159 0.0425
57492.5332 4.5275 0.0342
56801.3352 4.2544 0.0399
56839.3033 4.2374 0.0388
57459.5373 4.8250 0.0332
56772.5257 3.9721 0.0449
56807.2799 4.2144 0.0387
53496.3516 5.5705 0.0091
56712.4708 3.9058 0.0413
57433.5183 4.4917 0.0316
57216.2664 4.9766 0.0377
57160.3564 4.6337 0.0351
56829.3208 4.2661 0.0510
56800.5027 4.1998 0.0717
57213.2777 4.9458 0.0349
57194.3999 5.0368 0.0378
57133.4106 4.5072 0.0351
57220.2508 4.7770 0.0885
57223.3531 4.8463 0.0381
57157.4336 4.6062 0.0385
56722.4392 3.9478 0.0491
57547.3854 4.6362 0.0327
57419.5251 4.3365 0.0640
57191.4184 4.9708 0.0495
52793.2667 5.1481 0.0315
57123.5278 4.4169 0.0914
57104.4484 4.7955 0.0517
57156.4565 4.7028 0.0652
57134.4666 4.5434 0.0621
56711.5225 3.9123 0.0841
57155.3464 4.3049 0.2404
57195.3988 4.9592 0.0602
57185.4502 5.0766 0.0622
57078.4234 5.0186 0.0564
57166.3176 4.6607 0.1006
53388.6169 4.7576 0.0218
52814.3053 5.1624 0.0230
57105.5577 4.8098 0.0840
