57420.5565 0.9478 0.0237
56778.2987 0.9954 0.0288
57433.5284 0.9914 0.0201
57160.3671 0.8231 0.0201
57213.2886 0.8152 0.0200
56776.4612 0.9759 0.0274
57479.5472 0.8907 0.0280
56841.3191 1.0600 0.0330
57542.3614 0.9618 0.0208
56781.3509 1.0737 0.0324
57547.3951 0.8319 0.0206
57220.2651 0.8758 0.0235
57223.3644 0.8550 0.0240
57567.2972 0.9898 0.0257
56811.4344 0.9699 0.0293
57508.4102 0.8155 0.0247
56805.4110 1.0472 0.0327
56809.4580 1.0570 0.0312
56783.3436 1.0609 0.0400
57157.4443 0.8744 0.0277
56801.3464 1.0334 0.0327
56798.4231 1.0401 0.0294
56807.2907 1.0134 0.0320
57216.2767 0.8927 0.0258
56751.3447 1.1082 0.0359
56712.4812 0.9199 0.0366
56803.4521 1.0310 0.0386
56780.3093 1.0574 0.0364
53472.4612 1.3330 0.0076
56722.4489 1.0313 0.0351
56723.4904 1.0152 0.0413
56772.5380 0.9484 0.0431
56835.3205 1.0123 0.0358
57492.5467 0.8797 0.0253
56744.5358 1.1699 0.0413
56715.5528 0.9771 0.0365
57520.3134 0.7953 0.0388
56839.3138 1.0782 0.0400
57194.4115 0.7390 0.0289
56837.3225 0.9645 0.0382
56831.3178 1.1114 0.0359
56833.3268 1.0754 0.0370
57185.4645 0.7823 0.0393
56741.5990 1.0124 0.0384
57191.4318 0.7173 0.0353
57134.4722 0.7276 0.0540
57459.5473 0.9326 0.0387
56743.5241 1.0993 0.0464
57133.6005 0.7599 0.0375
57166.3323 0.8175 0.0854
57195.4023 0.8811 0.0747
57105.5621 0.7438 0.0720
57078.4382 0.6734 0.0372
