53472.4612 2.2561 0.0081
57420.5584 1.8162 0.0333
57547.3932 2.0168 0.0327
57433.5265 1.8531 0.0311
56798.4214 1.5018 0.0375
57223.3617 1.5856 0.0347
56831.3158 1.5138 0.0378
56772.5360 1.4426 0.0486
57160.3650 1.7739 0.0314
57542.3595 2.0537 0.0322
56722.4472 1.5735 0.0400
57216.2749 1.5429 0.0336
57520.3112 1.9810 0.0401
56811.4327 1.5176 0.0375
56837.3204 1.4186 0.0397
57213.2865 1.6627 0.0308
56715.5509 1.5073 0.0473
57157.4433 1.7964 0.0409
56803.4629 1.5348 0.0498
56778.2962 1.5622 0.0521
56723.4896 1.7423 0.0518
56835.3186 1.3298 0.0450
57078.4450 1.8268 0.0484
56833.3249 1.5416 0.0454
56776.4589 1.5305 0.0441
57134.4710 2.0053 0.0448
56743.5257 1.7277 0.0567
56712.4796 1.5601 0.0508
56807.2892 1.4947 0.0487
57220.2629 1.5932 0.0381
57567.2950 2.1876 0.0443
56839.3135 1.4903 0.0629
57459.5456 1.8913 0.0500
56744.5538 1.7587 0.0639
57508.4075 2.0574 0.0457
57185.4773 1.6341 0.0718
57133.5978 1.8135 0.0669
56783.3392 1.6290 0.0754
56781.3479 1.5129 0.0673
56809.4564 1.5389 0.0599
56751.3440 1.7013 0.0653
56780.3051 1.5497 0.0668
56841.3181 1.5265 0.0674
56801.3458 1.4720 0.0582
57479.5463 1.8842 0.0612
56805.4104 1.6232 0.0585
53884.4341 1.9170 0.0115
57194.4096 1.5986 0.0479
57123.5397 1.6472 0.1252
57492.5456 2.0683 0.0547
57195.4033 1.5613 0.0776
57104.4634 1.8399 0.0674
57105.5621 1.8407 0.0762
