56803.4428 12.3586 0.0551
57420.5614 8.6104 0.0412
53475.5620 9.0668 0.0125
56841.3171 12.2937 0.0606
56801.3447 12.1576 0.0563
56722.4472 12.2974 0.0548
56715.5507 12.3364 0.0541
57194.4085 9.8077 0.0449
57567.2949 10.2635 0.0486
57185.4684 9.8971 0.0564
56837.3204 12.1203 0.0551
56712.4795 12.1284 0.0561
56811.4327 12.2796 0.0534
56805.4093 12.1455 0.0564
56839.3125 12.2598 0.0595
57479.5453 10.4904 0.0551
56723.4894 12.3609 0.0570
56835.3184 12.2846 0.0535
56743.5259 12.2919 0.0590
56831.3158 12.1314 0.0537
56833.3247 12.1804 0.0531
56807.2890 12.3240 0.0573
57492.5435 10.3737 0.0508
56809.4559 12.0234 0.0641
57078.4450 9.3508 0.0601
53467.4985 9.3886 0.0132
57223.3628 9.5026 0.0653
56744.5538 12.4179 0.0847
57542.3605 9.7275 0.0649
56776.4601 12.5433 0.0792
57157.4438 9.2462 0.0688
57134.4715 9.2880 0.0664
57547.3942 9.7822 0.0640
56778.2977 12.3429 0.0829
57459.5477 9.9764 0.0706
57213.2876 9.3960 0.0599
57133.5978 9.2113 0.0804
57508.4095 9.7484 0.0645
56780.3072 12.2288 0.0892
57520.3123 9.7172 0.0698
56741.5967 12.4178 0.0982
56751.3440 12.4487 0.0858
56798.4224 12.1818 0.0755
56781.3499 12.5506 0.0875
57160.3661 9.3861 0.0604
57195.4028 9.9744 0.0724
56772.5372 12.5707 0.0863
57433.5275 11.3373 0.0648
57216.2759 11.4317 0.0694
56783.3413 12.4176 0.0931
57220.2635 9.5151 0.0664
53884.4379 13.3931 0.0249
57104.4634 9.1192 0.0909
57191.4276 10.4209 0.0809
57166.3288 9.3629 0.0986
57123.5397 9.3440 0.1422
