57420.5608 2.1891 0.0255
57542.3702 2.2394 0.0246
57567.3062 2.3736 0.0282
57547.4040 2.1247 0.0254
57479.5565 2.3647 0.0308
57520.3234 2.2939 0.0312
57508.4194 2.2945 0.0270
57492.5562 2.3340 0.0290
57433.5369 2.3258 0.0245
53472.5316 2.2097 0.0092
57191.4456 1.9167 0.0329
56833.3407 1.4571 0.0354
56839.3248 1.4639 0.0421
56831.3281 1.4974 0.0365
56783.3558 1.5483 0.0554
56723.5016 1.4966 0.0404
56805.4223 1.4366 0.0412
57123.5575 2.0529 0.0535
57160.3779 2.0737 0.0306
57157.4560 2.0023 0.0368
56776.4714 1.4300 0.0388
56744.5276 1.4122 0.0415
56798.4341 1.5438 0.0372
56835.3306 1.5335 0.0370
56803.4771 1.4099 0.0493
56837.3334 1.7283 0.0398
56809.4686 1.5458 0.0420
56741.6140 1.3744 0.0583
57216.2878 2.0762 0.0336
56778.3088 1.4935 0.0415
57134.4855 2.0479 0.0367
56801.3570 1.6106 0.0410
56780.3187 1.4185 0.0433
57223.3746 2.1749 0.0343
56715.5630 1.5567 0.0369
56781.3610 1.4607 0.0469
57220.2754 2.0768 0.0342
56811.4451 1.5089 0.0372
56722.4603 1.4129 0.0383
56751.3553 1.5803 0.0422
56807.3013 1.4781 0.0372
56841.3295 1.6557 0.0463
56712.4916 1.6405 0.0399
56772.5497 1.3402 0.0476
57104.4873 1.9395 0.0417
57213.2988 2.2002 0.0372
53474.4540 2.2701 0.0124
57166.3406 1.9241 0.0623
57185.4755 1.8778 0.0412
57078.4806 1.7673 0.0462
57105.5696 2.2126 0.0761
53770.6220 2.5381 0.0262
54620.3581 2.0482 0.0438
