57420.5582 1.5436 0.0288
56743.5343 1.0331 0.0442
53472.4934 1.5710 0.0083
56780.3104 1.4018 0.0473
56833.3288 1.5346 0.0388
57479.5491 1.5347 0.0396
56712.4835 1.6761 0.0413
56778.3007 1.3537 0.0420
56837.3245 1.4835 0.0405
57220.2668 1.4824 0.0331
57567.2988 1.5174 0.0310
56776.4632 1.3379 0.0409
56831.3199 1.5420 0.0374
57216.2792 1.4168 0.0330
57223.3660 1.5793 0.0343
56841.3211 1.7594 0.0493
56722.4512 1.6015 0.0402
56811.4368 1.4412 0.0373
57542.3634 1.6714 0.0311
56723.4935 1.1004 0.0448
56805.4134 1.3939 0.0421
57508.4126 1.5844 0.0314
57185.4654 1.2421 0.0387
56781.3529 1.2596 0.0474
57433.5303 1.6504 0.0296
56801.3488 1.3014 0.0412
57520.3156 1.5685 0.0403
56803.4668 1.4931 0.0480
56772.5406 1.3325 0.0534
56809.4595 1.5809 0.0420
56783.3458 1.3716 0.0528
56839.3166 1.5302 0.0432
57160.3693 1.5393 0.0300
57547.3970 1.6838 0.0306
57213.2908 1.3844 0.0298
56835.3225 1.4043 0.0372
57157.4471 1.2720 0.0373
57133.6028 1.3153 0.0512
57123.5441 1.3541 0.0659
57104.4669 1.4220 0.0587
56751.3461 1.2947 0.0647
56744.5177 1.1226 0.0588
56798.4244 1.3430 0.0535
56741.6030 1.3749 0.0496
57459.5499 1.5346 0.0478
56715.5538 1.1912 0.0543
56807.2921 1.2951 0.0634
57134.4738 1.6564 0.0568
57194.4118 1.2777 0.0484
57191.4316 1.3219 0.0509
57166.3310 1.4242 0.0646
57492.5472 1.4077 0.0482
54620.3631 1.5005 0.0411
