56801.3749 11.9024 0.0354
52698.6084 11.3161 0.0137
57420.5809 10.7423 0.0367
56833.3526 11.6526 0.0445
57191.4580 10.2992 0.0418
52816.2955 9.8546 0.0116
56712.5038 11.7736 0.0540
56778.3210 11.8636 0.0576
57492.5703 10.4465 0.0479
57479.5706 10.4970 0.0474
56807.3136 11.8679 0.0537
57216.3027 9.8255 0.0457
56780.3316 11.8041 0.0573
56811.4574 11.6840 0.0531
56741.6340 11.5914 0.0727
56809.4820 11.7497 0.0587
56783.3699 11.6993 0.0645
57433.5504 10.6941 0.0433
56715.5752 11.8101 0.0517
57508.4323 10.5832 0.0452
56841.3435 11.4101 0.0580
56744.5399 11.7513 0.0579
56723.5137 11.7593 0.0554
57134.4954 11.0788 0.0483
56751.3675 11.6604 0.0554
56781.3732 11.7723 0.0597
57123.5755 10.8681 0.0618
56798.4478 11.7178 0.0569
56772.5627 11.6588 0.0626
57223.3876 9.7077 0.0455
56835.3435 11.5544 0.0524
57547.4163 10.1127 0.0440
57220.2890 9.8364 0.0443
56805.4347 11.7652 0.0565
57542.3828 10.1103 0.0425
56776.4836 11.8123 0.0537
57213.3122 9.8230 0.0417
57520.3376 10.2003 0.0468
56831.3404 11.6360 0.0519
56837.3458 11.6294 0.0549
56839.3381 11.6055 0.0596
56722.4730 11.9027 0.0558
56803.4932 11.6775 0.0844
57157.4700 11.2565 0.0543
57166.3553 11.5167 0.0605
57185.4913 10.5373 0.0696
57160.5099 11.1652 0.0683
57078.4942 11.4868 0.0681
52815.2940 10.5736 0.0246
57104.5235 11.1318 0.0968
57105.5754 11.0915 0.1055
