57420.5540 7.9506 0.0349
56743.5233 9.8232 0.0462
56803.4428 11.5272 0.0552
53475.5639 8.3380 0.0107
56741.6039 10.1136 0.0683
57216.2749 8.5362 0.0439
57220.2624 8.6532 0.0466
56801.3447 11.5747 0.0563
57133.5964 8.0599 0.0510
56722.4472 9.9873 0.0522
57547.3932 11.3579 0.0463
56723.4894 9.9698 0.0544
57194.4085 8.2922 0.0430
57433.5265 8.4979 0.0411
56798.4214 11.8448 0.0526
57223.3617 8.5512 0.0444
56751.3430 10.9099 0.0584
56783.3403 11.6231 0.0652
56772.5360 11.1707 0.0606
57185.4684 8.6166 0.0547
57160.3650 8.2755 0.0407
56841.3171 10.4299 0.0594
57542.3595 11.4241 0.0458
57157.4427 8.3575 0.0460
56712.4795 9.6933 0.0535
57459.5467 9.4491 0.0473
57520.3112 10.6174 0.0499
56811.4327 11.1758 0.0522
57567.2949 11.3520 0.0501
56715.5507 9.8587 0.0512
56839.3125 10.4970 0.0577
56780.3062 11.3562 0.0614
57479.5453 9.6995 0.0537
56805.4093 11.6359 0.0562
56835.3184 10.3151 0.0511
56744.5528 10.3644 0.0568
57508.4085 9.8211 0.0440
56781.3489 11.5057 0.0609
56776.4591 11.2904 0.0539
56837.3204 10.3281 0.0532
57078.4502 9.4347 0.0548
57213.2865 8.5944 0.0407
56831.3158 10.3928 0.0515
56778.2967 11.0470 0.0572
56833.3247 10.3249 0.0509
56807.2890 11.3684 0.0560
57492.5435 9.8582 0.0494
56809.4559 11.4643 0.0633
57134.4710 8.1896 0.0542
53467.5081 8.8651 0.0159
53884.4341 8.2723 0.0154
53883.4566 7.9625 0.0151
57195.4028 8.3992 0.0691
57123.5397 8.0817 0.1397
57104.4634 8.6136 0.0877
57191.4276 8.4945 0.0788
57105.5621 8.3676 0.0950
57166.3288 8.5061 0.0972
