53462.4914 2.8359 0.0268
52730.5719 4.3040 0.0248
53911.3288 2.8843 0.0171
53851.4182 2.6387 0.0147
53847.5700 2.5886 0.0265
53853.4352 2.6526 0.0149
53524.3013 2.5877 0.0091
54186.5147 2.6102 0.0161
54531.5740 3.0782 0.0086
53586.2926 2.4422 0.0118
57420.5763 2.6549 0.0296
53466.6127 2.8186 0.0105
52710.6200 4.4692 0.0134
53583.3046 2.2469 0.0107
54570.4284 3.4238 0.0218
53799.4817 2.4461 0.0159
52817.2960 3.9961 0.0244
54262.4012 2.5013 0.0119
54209.4929 2.5399 0.0103
54624.3824 3.5085 0.0108
53505.3888 2.5574 0.0165
56801.3688 3.8948 0.0420
53769.6082 2.4201 0.0100
54561.4254 3.4205 0.0109
53146.4901 2.9668 0.0120
54151.6503 2.5523 0.0122
54153.5968 2.4920 0.0113
54229.4787 2.4879 0.0186
54117.6461 2.2256 0.0099
54213.5722 2.4977 0.0136
54524.5266 3.0683 0.0173
53553.4142 2.4997 0.0114
53578.3431 2.5050 0.0154
53411.6236 3.1042 0.0110
54511.5807 3.0531 0.0093
54614.3924 3.4858 0.0121
53936.3074 2.7088 0.0116
54255.3352 2.5086 0.0163
54600.4459 3.3487 0.0271
54621.4059 3.5056 0.0114
54266.2923 2.4500 0.0111
54557.5455 3.4713 0.0117
54234.4877 2.2115 0.0108
53859.3669 2.7813 0.0151
54179.5219 2.6145 0.0110
54563.4941 3.3911 0.0122
52813.3474 3.6767 0.0147
54588.5522 3.3810 0.0152
53175.3845 3.0737 0.0112
53883.3893 2.9768 0.0123
53200.2667 3.0975 0.0117
53109.5778 3.0488 0.0159
54183.5063 2.6364 0.0119
53551.3290 2.5348 0.0108
53531.3615 2.6104 0.0113
53939.3067 2.6454 0.0116
53875.3594 2.6070 0.0108
56833.3478 3.7870 0.0410
52792.4193 4.2140 0.0202
54535.5077 3.0994 0.0106
53446.5324 2.8974 0.0112
53943.3027 2.6789 0.0117
54259.3128 2.4935 0.0103
53138.4614 2.9245 0.0122
53469.5188 2.8228 0.0115
53178.3751 3.0641 0.0111
53149.3330 2.7981 0.0111
53906.3684 2.8872 0.0133
52722.5967 4.5060 0.0241
53390.6489 3.1531 0.0119
53916.3248 2.8250 0.0146
53117.4850 3.0452 0.0111
53766.6170 2.4631 0.0105
53495.4394 2.5735 0.0116
53083.6071 3.1135 0.0121
54528.5221 2.9996 0.0097
53473.5879 2.7880 0.0129
54176.5642 2.6245 0.0113
54124.6309 2.2289 0.0103
54205.4858 2.5095 0.0125
54594.4526 3.3416 0.0111
54618.4140 3.4964 0.0112
53527.3526 2.5684 0.0109
53122.4995 3.0204 0.0075
54591.3863 3.3760 0.0108
53195.3465 3.0721 0.0111
53743.6336 2.4340 0.0099
53888.4064 2.9800 0.0128
53518.4479 2.5598 0.0238
54538.5772 3.1898 0.0128
54113.6612 2.5317 0.0144
53855.4161 2.4101 0.0112
53502.3879 2.6071 0.0123
54597.4509 3.3384 0.0110
53892.3770 3.0501 0.0216
53879.3083 2.9984 0.0121
54201.4537 2.5620 0.0117
53772.6264 2.4413 0.0118
53500.3158 2.3335 0.0112
52791.4573 4.1947 0.0208
56831.3363 3.7979 0.0401
52721.6238 4.4808 0.0324
56798.4422 3.7909 0.0427
56723.5097 3.4157 0.0438
56809.4772 3.7163 0.0491
57547.4125 2.2853 0.0318
56741.6278 3.4880 0.0608
54120.6638 2.5308 0.0168
56807.3096 3.7854 0.0446
56780.3275 3.4612 0.0456
56778.3170 3.4809 0.0446
56776.4795 3.5610 0.0426
56781.3691 3.4369 0.0500
57123.5698 3.8047 0.0553
57213.3079 2.7629 0.0317
57223.3832 2.1918 0.0346
56751.3634 3.4183 0.0432
56805.4306 3.7492 0.0434
57433.5460 2.6807 0.0313
56835.3395 3.7471 0.0405
57216.2975 2.4870 0.0339
56744.5358 3.5151 0.0455
56772.5585 3.3477 0.0495
52790.4020 4.1822 0.0389
56722.4684 3.1748 0.0406
57492.5660 2.3922 0.0364
57542.3791 1.9233 0.0299
53165.4084 3.0313 0.0122
53121.5116 3.0035 0.0127
56715.5711 3.5006 0.0389
56712.4997 3.3567 0.0416
57220.2845 2.5963 0.0358
54144.5872 2.5480 0.0127
56841.3393 3.8521 0.0464
56839.3341 3.7556 0.0461
57520.3333 1.9124 0.0374
57134.4907 3.7366 0.0400
57479.5663 2.1743 0.0377
56803.4885 3.5906 0.0540
56837.3417 3.7225 0.0424
57191.4517 3.5930 0.0380
57157.4650 3.6132 0.0397
57160.5054 3.7141 0.0394
56811.4533 3.8308 0.0409
57508.4284 2.8022 0.0338
53523.4194 2.5463 0.0183
56783.3659 3.4959 0.0528
54620.3589 3.4491 0.0285
53563.3393 2.4876 0.0232
57185.4838 3.8149 0.0548
53463.5877 2.8517 0.0244
57105.5730 3.9577 0.0584
57078.4898 3.8629 0.0504
53890.4800 2.9490 0.0644
53198.3064 3.1908 0.0919
54619.3119 3.5869 0.0642
57104.5182 3.8252 0.0563
57166.3502 3.6929 0.0704
