52730.5705 7.6656 0.0294
53462.4886 8.4632 0.0575
53847.5732 8.7001 0.0776
53911.3288 9.2235 0.0200
53851.4182 8.7380 0.0174
56801.3749 5.3461 0.0299
53853.4352 8.7328 0.0176
53586.2942 8.7696 0.0133
53524.3013 8.4628 0.0117
54186.5147 10.6633 0.0190
54531.5740 6.4542 0.0104
57420.5809 4.3164 0.0314
53466.6127 8.4159 0.0132
52710.6200 7.5419 0.0152
53583.3046 8.7829 0.0143
54570.4284 6.9908 0.0234
53799.4817 8.6320 0.0200
52817.2960 7.5473 0.0284
54262.4012 9.9002 0.0159
54209.4929 10.4536 0.0149
54624.3824 7.2385 0.0133
57191.4580 4.7374 0.0353
53505.3888 8.4160 0.0193
56833.3526 4.9274 0.0363
53769.6082 8.8087 0.0140
54561.4254 6.8245 0.0131
53146.4901 8.4599 0.0153
54151.6503 10.1845 0.0171
54153.5968 10.1483 0.0165
54117.6461 9.5633 0.0147
54524.5266 6.3416 0.0191
53553.4142 8.6077 0.0154
54144.5888 10.0044 0.0161
53578.3431 8.7459 0.0195
53411.6236 8.2285 0.0143
54511.5807 6.5204 0.0117
54213.5722 10.3606 0.0186
54614.3924 7.2964 0.0147
53936.3074 9.3368 0.0159
54255.3352 10.1688 0.0198
54600.4459 7.3090 0.0289
53446.5324 8.3436 0.0146
54621.4059 7.2908 0.0140
52790.4028 7.8099 0.1367
54266.2923 9.8744 0.0157
54557.5455 6.7778 0.0140
54234.4877 10.0957 0.0157
53859.3669 8.7772 0.0182
53200.2667 8.4698 0.0149
53473.5879 8.3827 0.0164
53121.5132 8.4312 0.0145
54591.3863 7.2622 0.0134
54179.5219 10.6237 0.0159
54563.4941 6.8639 0.0145
52813.3474 7.5084 0.0176
54588.5522 7.2080 0.0177
53175.3845 8.5027 0.0148
53883.3893 8.8899 0.0161
53109.5778 8.5331 0.0192
54183.5063 10.6791 0.0168
53551.3290 8.5766 0.0146
53939.3067 9.3684 0.0159
53875.3594 8.9642 0.0150
53772.6264 8.8365 0.0162
52792.4193 7.7170 0.0231
54201.4537 10.6157 0.0166
53527.3526 8.4797 0.0145
54535.5077 6.5008 0.0130
53943.3027 9.3331 0.0162
54259.3128 10.0001 0.0151
53138.4614 8.5468 0.0156
53469.5188 8.4135 0.0151
53178.3751 8.5020 0.0145
53149.3330 8.4133 0.0143
53906.3684 9.1460 0.0176
52722.5967 7.6940 0.0259
53390.6489 8.0234 0.0150
53531.3615 8.5056 0.0151
53916.3248 9.1590 0.0185
53117.4850 8.4438 0.0145
53766.6170 8.8082 0.0149
53495.4394 8.5138 0.0153
54176.5642 10.5291 0.0161
54124.6309 9.6168 0.0151
54205.4858 10.5567 0.0174
54594.4526 7.2656 0.0138
53165.4100 8.4284 0.0143
54618.4140 7.2927 0.0137
53122.4995 8.5048 0.0096
53195.3465 8.5533 0.0146
53743.6336 8.8017 0.0142
54229.4787 10.1246 0.0222
53518.4479 8.3723 0.0263
54538.5772 6.4230 0.0152
54113.6612 9.5532 0.0180
53083.6071 8.3912 0.0154
53855.4161 8.7319 0.0152
53502.3879 8.3998 0.0157
54597.4509 7.3158 0.0137
53892.3770 8.9596 0.0241
54120.6630 9.5420 0.0184
53879.3083 8.9049 0.0159
53500.3158 8.4550 0.0149
53888.4064 9.0240 0.0164
54528.5221 6.4859 0.0121
56712.5038 5.3964 0.0448
52791.4573 7.8109 0.0238
56751.3675 5.5139 0.0464
52721.6238 7.6461 0.0344
57433.5504 4.4310 0.0340
56744.5399 5.5654 0.0488
56837.3458 4.9396 0.0448
56772.5627 5.6753 0.0548
57220.2890 4.6767 0.0369
57542.3828 4.6962 0.0346
57520.3376 4.4399 0.0405
57216.3027 4.7024 0.0378
56715.5752 5.2574 0.0417
56839.3381 4.7853 0.0493
56811.4574 5.2107 0.0434
56741.6340 5.5377 0.0651
56783.3699 5.5530 0.0567
56723.5137 5.4499 0.0460
56798.4478 5.4004 0.0482
57547.4163 4.7287 0.0363
57213.3122 4.8083 0.0347
56805.4347 5.3620 0.0470
56831.3404 4.9231 0.0415
57134.4954 5.1985 0.0412
56807.3136 5.0997 0.0430
56778.3210 5.5377 0.0482
56780.3316 5.4640 0.0482
56841.3435 4.8155 0.0489
56781.3732 5.6443 0.0509
57123.5755 5.1915 0.0567
56776.4836 5.5158 0.0446
56722.4730 5.4209 0.0460
57508.4323 4.5599 0.0367
56809.4820 5.3594 0.0492
57492.5703 4.5191 0.0397
57479.5706 4.5908 0.0410
57223.3876 4.6016 0.0385
56835.3435 4.9083 0.0421
53463.5851 8.4604 0.0252
53523.4194 8.5048 0.0226
56803.4932 5.3566 0.0731
53563.3393 8.6443 0.0282
57157.4700 4.9219 0.0456
57166.3553 4.9560 0.0514
54620.3574 7.2486 0.0437
57160.5099 4.8350 0.0567
57078.4942 5.0955 0.0559
57185.4913 4.5846 0.0600
53890.4800 8.9688 0.0829
53198.3064 8.7747 0.1031
57105.5754 5.0374 0.0880
54619.3119 7.4180 0.0767
57104.5235 5.0226 0.0795
