57420.5718 1.8561 0.0296
56781.3651 2.1419 0.0469
56776.4755 2.2048 0.0406
53147.4540 2.0786 0.0081
56778.3129 2.6749 0.0445
56783.3617 2.1204 0.0533
56780.3231 2.2144 0.0443
56772.5541 2.2434 0.0499
57433.5416 1.8541 0.0307
57078.4859 1.9906 0.0367
57542.3762 1.8461 0.0435
57191.4483 1.6907 0.0483
57157.4616 1.9133 0.0514
56811.4503 2.2630 0.0549
56837.3387 2.2615 0.0579
57216.2933 1.7389 0.0477
57547.4097 1.7852 0.0447
56831.3332 2.3444 0.0530
56744.5328 3.0831 0.0611
57508.4254 1.7518 0.0472
56723.5066 2.0255 0.0592
56722.4653 2.1708 0.0557
56715.5680 2.2577 0.0523
56801.3622 2.6250 0.0632
57213.3047 1.6826 0.0423
57160.5021 1.8563 0.0504
57223.3800 1.6215 0.0475
56835.3364 2.1388 0.0534
56833.3424 2.1745 0.0540
56805.4276 2.3507 0.0601
56807.3065 2.6042 0.0564
57220.2812 1.7868 0.0473
56841.3362 2.2348 0.0657
57520.3300 1.7882 0.0541
56741.6233 2.3874 0.0814
57492.5628 1.6598 0.0467
56798.4392 2.1646 0.0556
56839.3310 2.2492 0.0617
56751.3603 3.0165 0.0620
56809.4739 2.2238 0.0621
57479.5630 1.5694 0.0529
56712.4967 2.2773 0.0577
57134.4872 2.0073 0.0519
57185.4800 1.9136 0.1048
57166.3465 1.6660 0.0881
57104.5148 1.9583 0.0693
57105.5716 1.8685 0.0733
56803.4846 1.8743 0.1189
