57420.5586 3.8203 0.0312
57479.5555 3.5654 0.0277
57433.5360 3.4338 0.0226
57520.3223 3.6199 0.0285
57508.4185 3.6425 0.0249
57567.3051 3.7018 0.0264
57542.3692 3.6941 0.0230
57492.5551 3.5429 0.0260
57547.4029 3.6418 0.0237
56833.3397 4.6094 0.0346
53472.5316 6.7019 0.0108
56712.4876 4.9898 0.0439
56783.3499 4.8306 0.0545
56715.5589 5.0726 0.0414
57157.4515 3.8071 0.0384
56722.4562 5.0475 0.0432
56809.4644 4.6134 0.0463
56839.3207 4.6182 0.0450
56841.3254 4.5233 0.0489
56781.3570 4.7400 0.0492
56835.3266 4.7621 0.0411
56811.4410 4.6176 0.0413
56751.3512 5.0726 0.0471
57133.6087 3.7453 0.0483
56780.3146 4.8590 0.0479
57160.3736 3.8813 0.0331
57123.5514 3.6999 0.0526
56772.5452 5.1062 0.0530
57191.4374 4.1424 0.0401
56805.4182 4.6418 0.0451
57223.3703 4.3135 0.0371
57220.2711 4.1363 0.0369
56741.6082 4.9143 0.0596
56803.4723 4.7165 0.0497
56744.5234 4.9111 0.0445
57134.4821 3.7703 0.0447
56778.3048 4.9155 0.0458
56798.4301 4.7445 0.0407
56837.3290 4.7040 0.0438
56801.3529 4.6700 0.0449
57213.2951 4.1061 0.0334
56776.4673 4.8883 0.0446
57216.2834 4.0963 0.0359
56807.2972 4.7167 0.0430
56831.3240 4.8817 0.0412
56723.4975 4.9554 0.0453
57104.4812 7.9794 0.1166
57078.4761 3.2499 0.0441
57166.3371 3.8395 0.0460
53474.4540 6.8534 0.0152
57185.4701 3.8738 0.0578
53496.3644 6.7565 0.0212
