57420.5625 4.8773 0.0329
56833.3397 4.1642 0.0370
53496.3516 2.3414 0.0076
56712.4876 4.3734 0.0469
56783.3499 4.4466 0.0583
56715.5589 4.4517 0.0440
57157.4515 4.4718 0.0424
56722.4562 4.1893 0.0454
56809.4644 4.4745 0.0507
56839.3207 4.3926 0.0489
56841.3254 4.1935 0.0528
56781.3570 4.3860 0.0528
56835.3266 4.2643 0.0440
56811.4410 4.4049 0.0449
57492.5529 5.5258 0.0410
56751.3512 4.2401 0.0497
56837.3290 4.2517 0.0469
57133.6087 4.4861 0.0529
57213.2951 4.3718 0.0364
56780.3146 4.3653 0.0510
57160.3736 4.4759 0.0366
57123.5514 4.6472 0.0568
56772.5452 4.4597 0.0564
57191.4374 4.3156 0.0431
56805.4182 4.4705 0.0491
56744.5234 4.3613 0.0474
57223.3703 4.4173 0.0400
57547.4010 5.1589 0.0381
57220.2711 4.2948 0.0400
56741.6082 4.2606 0.0638
56803.4723 4.4154 0.0534
57508.4165 5.4156 0.0405
56831.3240 4.3003 0.0440
57134.4821 4.6674 0.0493
56807.2972 4.2911 0.0468
57433.5341 5.1119 0.0371
56778.3048 4.2608 0.0488
56798.4301 4.3794 0.0437
56801.3529 4.3493 0.0482
57567.3029 5.2422 0.0426
56776.4673 4.3366 0.0477
57542.3673 5.1897 0.0373
57216.2834 4.3629 0.0392
57479.5533 5.6515 0.0440
57520.3201 5.1510 0.0451
56723.4975 4.2934 0.0483
52793.2667 2.4664 0.0282
57078.4761 4.8054 0.0504
57166.3371 4.3378 0.0497
53388.6201 2.0715 0.0141
57185.4701 4.3226 0.0628
57104.4732 4.9672 0.0832
