56743.5114 18.7973 0.0358
57420.5518 14.1574 0.0286
56783.3382 18.8815 0.0509
56778.2946 18.9364 0.0478
56772.5336 19.0124 0.0486
56780.3040 18.8446 0.0493
56781.3469 18.8053 0.0498
57433.5246 14.8602 0.0354
57078.4438 14.4390 0.0412
56776.4570 19.0582 0.0458
57160.3626 13.2208 0.0513
57567.2958 18.2948 0.0484
56805.4069 17.7844 0.0521
56811.4303 17.4969 0.0492
56807.2867 17.6182 0.0530
57508.4061 17.3652 0.0456
57479.5430 17.4856 0.0472
56833.3223 17.1610 0.0492
57216.2724 13.5881 0.0415
56751.3405 18.6959 0.0559
56837.3181 17.1539 0.0506
56835.3161 17.0788 0.0489
56744.5504 18.7471 0.0552
56722.4448 18.5819 0.0527
57223.3592 13.3745 0.0414
57213.2839 13.8197 0.0388
56809.4530 17.5860 0.0532
56712.4771 18.4671 0.0529
56741.5917 18.6342 0.0620
56723.4870 18.5617 0.0527
56798.4190 18.2775 0.0493
57520.3086 17.4239 0.0460
57459.5441 17.0814 0.0469
56715.5484 18.4861 0.0514
57547.3910 18.3097 0.0456
56803.4216 18.0017 0.0559
57133.4762 15.1882 0.0455
57220.2595 13.3363 0.0424
56831.3134 17.1458 0.0496
56839.3101 17.3447 0.0534
56841.3145 17.3185 0.0542
56801.3424 18.0875 0.0530
57194.4060 14.2715 0.0416
57542.3572 18.2383 0.0458
57157.4401 14.8890 0.0452
53467.4922 14.1952 0.0116
57185.4646 14.4078 0.0553
57492.5400 16.5591 0.0575
57191.4242 11.3241 0.0744
57134.4700 15.1181 0.0580
57166.3236 14.5489 0.0723
57123.5349 15.3126 0.0784
57195.4016 14.2240 0.0656
57460.4772 17.5036 0.1236
57104.4612 15.7284 0.0757
57105.5603 15.5739 0.0827
53884.4341 15.8683 0.0191
56721.5940 18.2916 0.1681
57419.5304 16.1357 0.1364
54620.3656 14.1186 0.0735
53770.6182 14.3484 0.0391
