52730.5705 18.8963 0.0369
53462.4886 15.6574 0.0606
53847.5741 13.8199 0.0433
53911.3288 13.6672 0.0213
53851.4182 14.2383 0.0190
56801.3749 22.0481 0.0422
53853.4352 14.1763 0.0193
53586.2942 16.3404 0.0157
53524.3013 16.6003 0.0141
54186.5147 11.4344 0.0190
52698.6084 18.3086 0.0165
54531.5740 12.7294 0.0126
57420.5809 22.7443 0.0452
53466.6127 15.3259 0.0154
54176.5392 10.2275 0.0472
52710.6200 18.4630 0.0192
53583.3046 16.1553 0.0169
54570.4284 12.8543 0.0248
53799.4817 13.9424 0.0225
52817.2960 18.8255 0.0364
54262.4012 11.5372 0.0163
54209.4929 11.8800 0.0152
54624.3824 13.6509 0.0160
57191.4580 21.4722 0.0523
53505.3888 16.3368 0.0218
56833.3526 21.1627 0.0539
53769.6082 14.6119 0.0164
54561.4254 13.0115 0.0157
53146.4901 17.0037 0.0186
54151.6503 12.0442 0.0177
54153.5968 12.2581 0.0172
54117.6461 12.4261 0.0158
54524.5266 11.3126 0.0208
53553.4142 16.7755 0.0189
54144.5888 12.2922 0.0168
53578.3431 16.5149 0.0230
53411.6236 15.6278 0.0174
54511.5807 12.6283 0.0144
54213.5722 11.5529 0.0188
54614.3924 13.1195 0.0173
53936.3074 13.2672 0.0175
54255.3352 11.6623 0.0201
54600.4459 13.5816 0.0303
53446.5324 15.4821 0.0176
54621.4059 13.5687 0.0168
52790.4028 18.9797 0.1428
54266.2923 11.5465 0.0161
54557.5455 13.0597 0.0167
54234.4877 10.1572 0.0154
53859.3669 14.2001 0.0199
53200.2667 15.3851 0.0175
53473.5879 15.7037 0.0194
53121.5132 16.8302 0.0179
54591.3863 13.4315 0.0160
54179.5219 12.2425 0.0162
54563.4941 13.0314 0.0172
52813.3474 18.8937 0.0228
54588.5522 13.2342 0.0203
53175.3845 17.2583 0.0183
53883.3893 13.9750 0.0182
53109.5778 16.8090 0.0224
54183.5063 12.2422 0.0172
53551.3290 16.8042 0.0179
53939.3067 13.2040 0.0174
53875.3594 14.1002 0.0171
53772.6264 14.6269 0.0186
52792.4193 19.2789 0.0287
54201.4537 11.9702 0.0169
53527.3526 16.7149 0.0178
54535.5077 12.3645 0.0156
53943.3027 13.1328 0.0177
54259.3128 11.0642 0.0152
53138.4614 17.0553 0.0190
53469.5188 15.1848 0.0179
53178.3751 17.2440 0.0179
53149.3330 17.0904 0.0175
53906.3684 13.4718 0.0194
52722.5967 17.6951 0.0291
53390.6489 15.9279 0.0182
53531.3615 16.8290 0.0185
53916.3248 13.2630 0.0202
53117.4850 16.7060 0.0178
53766.6170 14.6578 0.0174
53495.4394 15.9934 0.0184
52815.2953 19.1389 0.0136
53855.4161 14.2652 0.0174
54124.6309 12.1591 0.0160
54205.4858 11.9224 0.0177
54594.4526 13.4598 0.0165
53165.4100 17.2365 0.0177
54618.4140 13.5534 0.0163
53743.6336 14.8621 0.0167
54229.4787 11.4883 0.0224
53195.3465 16.5200 0.0177
53518.4479 16.4171 0.0285
54538.5772 12.4946 0.0181
54113.6612 12.4827 0.0188
53083.6071 16.6510 0.0188
53502.3879 16.3243 0.0187
54597.4509 13.4712 0.0163
53892.3770 13.8991 0.0254
54120.6630 11.1606 0.0188
53879.3083 14.0538 0.0180
53500.3158 16.4210 0.0180
53888.4064 13.8643 0.0183
54528.5221 12.8622 0.0148
56712.5038 23.5543 0.0673
52791.4573 19.4508 0.0294
56751.3675 22.8233 0.0680
52721.6238 16.6486 0.0374
57433.5504 23.9961 0.0587
56744.5399 22.9366 0.0704
56837.3458 21.0215 0.0660
56772.5627 22.2625 0.0737
57220.2890 21.7124 0.0580
57542.3828 24.7878 0.0593
57520.3376 25.0283 0.0605
57216.3027 21.5582 0.0600
56715.5752 23.5095 0.0652
56839.3381 20.9902 0.0710
56811.4574 21.7004 0.0648
56741.6340 22.8385 0.0830
56783.3699 22.3325 0.0751
56723.5137 23.3133 0.0685
56798.4478 21.9620 0.0679
57547.4163 24.7545 0.0613
57213.3122 21.7427 0.0552
56805.4347 21.9521 0.0684
56831.3404 21.1732 0.0634
57134.4954 21.4441 0.0591
56807.3136 21.8314 0.0659
56778.3210 22.3965 0.0698
56780.3316 22.1310 0.0688
56841.3435 20.9569 0.0684
56781.3732 22.2692 0.0716
57123.5755 21.6190 0.0697
56776.4836 22.2241 0.0655
56722.4730 23.3326 0.0689
57508.4323 24.8909 0.0616
56809.4820 21.6306 0.0701
57492.5703 24.9199 0.0638
57479.5706 24.5828 0.0604
57223.3876 21.6953 0.0588
56835.3435 21.0775 0.0638
53463.5851 15.6795 0.0284
53523.4194 16.6079 0.0267
56803.4932 21.8764 0.0985
53563.3393 16.5557 0.0324
57157.4700 21.3654 0.0666
57166.3553 21.6049 0.0729
54620.3574 13.7048 0.0526
57160.5099 21.5818 0.0842
57078.4942 22.4372 0.0857
57185.4913 21.5215 0.0855
53122.5027 16.5524 0.0196
53890.4800 13.9536 0.0935
53198.3064 17.4589 0.1144
57105.5754 21.6787 0.1328
57104.5235 21.9132 0.1231
