57420.5718 2.8716 0.0300
56833.3442 3.2494 0.0378
53147.4525 2.1770 0.0073
56741.6247 3.1161 0.0598
56805.4265 3.2021 0.0442
56781.3651 3.1594 0.0482
57492.5616 2.6478 0.0346
56798.4382 3.1644 0.0407
57542.3753 2.7791 0.0324
56841.3344 3.0828 0.0472
57157.4605 3.1787 0.0385
57520.3289 2.8274 0.0392
56801.3611 3.2107 0.0450
56776.4755 3.1776 0.0423
56809.4728 3.2313 0.0461
56839.3294 3.1277 0.0447
57508.4244 2.8092 0.0344
57191.4470 3.1025 0.0356
56722.4643 3.3523 0.0421
57134.4858 3.1416 0.0373
56835.3351 3.2322 0.0401
56811.4492 3.2993 0.0407
57223.3789 3.2319 0.0362
57216.2922 3.0794 0.0359
56778.3129 3.1645 0.0455
56783.3617 3.2157 0.0540
57220.2801 3.0543 0.0363
56772.5541 3.2854 0.0509
56807.3055 3.1700 0.0421
56780.3231 3.2642 0.0458
56723.5056 3.1683 0.0440
56837.3376 3.1006 0.0423
56831.3322 3.2546 0.0393
57547.4087 2.7266 0.0326
56751.3593 3.2918 0.0445
56744.5318 3.2722 0.0446
56712.4957 3.3433 0.0426
57479.5619 2.8260 0.0385
56715.5670 3.3651 0.0394
57213.3036 3.0912 0.0326
57433.5416 2.8044 0.0319
56803.4819 3.2863 0.0626
57160.4616 3.0880 0.0427
57078.4859 3.1868 0.0390
57166.3455 3.0379 0.0491
57105.5711 3.1293 0.0551
57104.5060 3.0246 0.0454
57185.4795 3.1936 0.0641
57123.5621 3.0907 0.0767
57567.3097 2.8938 0.0929
