57420.5625 4.7532 0.0304
56833.3397 3.8297 0.0336
53472.4934 3.7688 0.0090
56712.4876 4.1846 0.0426
56783.3499 4.0083 0.0539
56715.5589 4.2260 0.0401
57157.4515 3.4661 0.0376
56722.4562 4.1957 0.0417
56809.4644 3.9055 0.0456
56839.3207 3.8706 0.0442
56841.3254 3.8581 0.0488
56781.3570 3.9733 0.0485
56835.3266 3.9886 0.0400
56811.4410 3.9282 0.0406
57492.5529 5.1416 0.0377
56751.3512 4.2129 0.0458
56837.3290 3.7541 0.0423
57133.6087 3.4079 0.0473
57213.2951 3.0625 0.0313
56780.3146 3.9692 0.0468
57160.3736 3.3579 0.0319
57123.5514 3.6662 0.0522
56772.5452 4.1178 0.0516
57191.4374 3.0437 0.0378
56805.4182 3.8000 0.0440
56744.5234 4.2350 0.0434
57223.3703 3.1035 0.0349
57547.4010 5.4838 0.0360
57220.2711 3.1060 0.0348
56741.6082 4.2282 0.0594
56803.4723 3.8178 0.0486
57508.4165 5.3043 0.0375
56831.3240 3.9020 0.0397
57134.4821 3.6500 0.0439
56807.2972 3.8277 0.0419
57433.5341 5.1577 0.0346
56778.3048 3.9582 0.0444
56798.4301 3.8210 0.0394
56801.3529 3.8570 0.0436
57567.3029 5.4646 0.0400
56776.4673 4.0387 0.0433
57542.3673 5.5295 0.0354
57216.2834 3.0275 0.0337
57479.5533 5.2821 0.0409
57520.3201 5.2944 0.0425
56723.4975 4.1996 0.0440
57078.4761 4.0278 0.0448
57166.3371 3.3773 0.0450
57185.4701 3.2631 0.0559
57104.4732 3.7568 0.0725
