57420.5506 5.3214 0.0366
57567.2954 2.4800 0.0267
57547.3913 2.5834 0.0237
57520.3089 2.7543 0.0292
57542.3576 2.6709 0.0236
57479.5434 2.8755 0.0298
57433.5246 3.1482 0.0237
57459.5445 3.0051 0.0267
57508.4065 2.8358 0.0248
56743.5234 3.7829 0.0382
57492.5408 2.7404 0.0312
56803.4428 4.2733 0.0472
53467.4922 3.0628 0.0078
57220.2609 3.8336 0.0679
56741.6039 3.9623 0.0618
56841.3171 4.3086 0.0517
56801.3447 4.2014 0.0457
57133.5964 3.6501 0.0453
56722.4472 4.2835 0.0437
56723.4894 4.2476 0.0460
57194.4085 3.6338 0.0361
56798.4214 4.3825 0.0421
57223.3617 3.5162 0.0370
56751.3430 3.9239 0.0488
56783.3403 4.3090 0.0567
56772.5360 4.2830 0.0525
57185.4684 3.4269 0.0472
57160.3650 3.5068 0.0337
56837.3204 4.0669 0.0440
57157.4427 3.5710 0.0394
56715.5507 4.3339 0.0429
56811.4327 4.4782 0.0425
56778.2967 4.3277 0.0476
57216.2749 3.5803 0.0363
57078.4408 39.9999 0.0928
56780.3062 4.2905 0.0522
56805.4093 4.4034 0.0458
56839.3125 4.2038 0.0486
56835.3184 4.3561 0.0423
56744.5528 4.0684 0.0478
56712.4795 4.2378 0.0454
56781.3489 4.2332 0.0514
56776.4591 4.3283 0.0442
57213.2865 3.6482 0.0335
56831.3158 4.4015 0.0426
56833.3247 4.3522 0.0422
56807.2890 4.4353 0.0453
56809.4559 4.4680 0.0520
57134.4710 3.6742 0.0468
57460.4772 2.7678 0.0907
53883.4566 2.7626 0.0122
57195.4028 3.7199 0.0585
57104.4634 3.6857 0.0717
57191.4276 3.6508 0.0659
57123.5397 3.5297 0.1290
57419.5304 2.9666 0.1137
57105.5621 3.8566 0.0808
57166.3288 3.6616 0.0863
