52730.5705 3.3732 0.0276
53911.3299 2.5478 0.0170
53851.4210 2.6260 0.0160
53853.4372 2.6678 0.0167
53586.2942 2.6989 0.0117
57420.5763 3.5731 0.0317
53524.3013 2.5464 0.0098
53462.4877 2.4283 0.0210
52710.6200 3.1170 0.0125
53847.5741 2.5986 0.0224
54531.5720 3.0738 0.0098
52817.2960 3.0837 0.0242
54186.5136 3.2039 0.0191
53583.3052 2.6596 0.0117
56801.3688 4.0100 0.0444
53466.6126 2.2293 0.0115
53146.4901 2.6728 0.0116
53147.4525 2.9611 0.0077
53505.3892 2.5490 0.0180
54600.4459 2.6377 0.0265
54561.4257 3.1447 0.0117
54179.5219 3.0250 0.0111
52813.3474 3.1743 0.0141
54570.4287 3.1134 0.0235
53109.5778 2.7407 0.0155
56833.3478 4.0085 0.0433
53149.3330 2.8168 0.0110
52722.5967 3.2043 0.0231
53769.6085 2.5718 0.0109
54209.4932 3.2094 0.0116
53799.4823 2.7058 0.0185
53195.3465 2.7173 0.0107
53083.6071 2.7869 0.0117
52792.4193 3.2534 0.0194
54262.4016 3.0294 0.0131
54597.4509 3.0549 0.0107
54535.5077 3.0926 0.0117
54151.6503 3.1060 0.0140
54153.5968 3.2715 0.0131
52791.4573 3.1770 0.0196
56831.3363 4.0631 0.0428
54229.4787 3.1888 0.0210
54117.6461 3.4207 0.0119
52721.6238 3.1814 0.0314
56798.4422 4.0249 0.0449
54524.5266 3.0332 0.0192
53553.4142 2.5905 0.0127
54144.5888 3.2984 0.0132
54511.5807 2.6607 0.0099
56723.5097 4.1410 0.0472
56809.4772 3.7837 0.0514
54614.3924 3.1171 0.0130
54255.3352 3.1852 0.0183
57547.4125 3.6207 0.0362
53936.3074 2.8567 0.0129
54621.4059 3.1804 0.0123
56741.6278 4.1243 0.0640
53531.3614 2.6434 0.0126
54266.2923 3.1081 0.0128
56807.3096 4.0619 0.0475
56780.3275 4.1624 0.0483
53772.6264 2.5994 0.0132
54557.5455 3.1192 0.0127
54234.4877 3.2265 0.0126
53859.3669 2.7188 0.0166
56778.3170 4.0705 0.0475
56776.4795 4.1539 0.0453
56781.3691 4.0941 0.0531
57123.5698 3.2829 0.0567
57213.3079 3.3404 0.0343
53121.5132 2.7795 0.0122
54591.3863 3.0852 0.0118
57223.3832 3.6291 0.0386
56751.3634 4.0330 0.0461
56805.4306 4.0850 0.0463
54588.5522 3.0771 0.0165
53175.3845 2.8305 0.0121
53883.3893 2.7274 0.0134
53446.5323 2.5776 0.0122
54624.3808 3.1983 0.0125
57433.5460 3.6145 0.0347
56835.3395 3.9984 0.0431
54183.5063 3.2028 0.0135
53551.3290 2.6652 0.0120
54563.4942 3.1510 0.0134
53875.3594 2.6967 0.0120
53855.4161 2.7017 0.0125
53117.4850 2.7928 0.0121
56744.5358 3.9643 0.0483
56772.5585 4.0880 0.0516
53200.2667 2.7264 0.0128
53943.3027 2.8772 0.0130
54259.3128 2.9949 0.0118
53138.4614 2.8771 0.0131
56722.4684 4.0956 0.0442
53578.3431 2.6810 0.0170
53469.5188 2.5161 0.0126
53178.3751 2.7622 0.0119
53906.3684 2.7930 0.0146
57542.3791 3.6002 0.0348
53527.3526 2.6125 0.0121
53916.3248 2.8112 0.0165
53766.6170 2.6258 0.0118
53411.6236 2.6225 0.0118
53495.4394 2.5999 0.0129
56715.5711 4.0985 0.0419
53473.5879 2.5288 0.0140
54176.5642 3.2476 0.0129
54124.6309 2.8342 0.0120
56712.4997 4.0446 0.0448
57220.2845 3.2504 0.0389
54213.5722 3.1754 0.0157
56841.3393 3.9202 0.0483
54205.4858 2.5923 0.0139
54594.4526 3.0938 0.0120
53165.4100 2.9024 0.0119
54618.4140 3.1873 0.0122
53743.6331 2.6594 0.0112
56839.3341 3.8985 0.0486
57520.3333 3.6347 0.0408
57134.4907 3.3257 0.0414
54201.4537 3.1821 0.0133
54528.5221 3.0011 0.0108
53500.3158 2.5964 0.0125
53888.4064 2.7183 0.0140
53518.4479 2.4520 0.0264
54538.5772 3.1400 0.0141
57479.5663 3.7004 0.0409
54113.6612 3.1182 0.0166
56803.4885 3.9406 0.0573
56837.3417 4.0652 0.0451
53939.3067 2.8731 0.0131
53502.3879 2.6057 0.0136
53390.6489 2.6483 0.0127
57492.5660 3.6465 0.0403
57191.4517 3.2056 0.0396
53892.3770 2.7587 0.0237
54120.6630 2.9073 0.0167
53879.3083 2.7206 0.0130
57216.2975 3.4144 0.0374
57157.4650 3.3083 0.0411
57160.5054 3.3052 0.0405
56811.4533 3.9825 0.0433
57508.4284 3.6821 0.0369
56783.3659 4.1092 0.0553
53523.4186 2.5683 0.0205
57166.3513 3.2658 0.0461
52790.3997 3.3323 0.0226
54620.3589 3.2678 0.0281
57185.4838 3.2620 0.0563
53463.5877 2.5276 0.0238
57105.5730 3.3717 0.0606
53563.3376 2.6179 0.0278
57078.4898 3.3951 0.0521
53890.4800 2.6797 0.0627
53198.3064 2.6514 0.0893
54619.3119 3.3849 0.0620
57104.5182 3.5205 0.0574
53122.5123 2.7799 0.0169
