52730.5705 1.9541 0.0264
53911.3288 2.1624 0.0166
53851.4182 2.1907 0.0142
53586.2942 1.7975 0.0100
53853.4391 2.2169 0.0150
53847.5738 2.0505 0.0214
53462.4888 2.6228 0.0224
54186.5147 2.4183 0.0158
53524.3018 2.1804 0.0092
54531.5740 3.4272 0.0087
57420.5763 2.9888 0.0301
53466.6127 2.6119 0.0102
53583.3046 1.7460 0.0103
54570.4284 3.6034 0.0216
53799.4817 1.9499 0.0154
52817.2960 2.0820 0.0235
54209.4929 2.6113 0.0102
54624.3824 3.7664 0.0109
54262.4012 2.6453 0.0118
56801.3688 3.0596 0.0408
53769.6082 1.8748 0.0095
54561.4254 3.5598 0.0109
52710.6188 1.7314 0.0126
53146.4901 2.6445 0.0116
54535.5077 3.4943 0.0107
54151.6503 2.5939 0.0121
54153.5968 2.5859 0.0112
54229.4787 2.6607 0.0185
54117.6461 2.1638 0.0098
54524.5266 3.2703 0.0172
53553.4142 1.9039 0.0108
54144.5888 2.6194 0.0113
53578.3431 1.7711 0.0147
53411.6236 2.6499 0.0105
54511.5807 3.0218 0.0091
54614.3924 3.7545 0.0121
53936.3074 2.2028 0.0111
54255.3352 2.1609 0.0160
54621.4059 3.5258 0.0113
54266.2923 2.7066 0.0112
54557.5455 3.2842 0.0115
54234.4877 2.6432 0.0109
53505.3885 2.4210 0.0178
53121.5132 2.0746 0.0105
54591.3863 3.6816 0.0109
54179.5219 2.4455 0.0107
54563.4941 3.5311 0.0122
52813.3474 2.1530 0.0133
53109.5778 2.2109 0.0152
54588.5522 3.6291 0.0152
53883.3893 2.0492 0.0115
53200.2667 3.0633 0.0115
54183.5063 2.4532 0.0116
53859.3669 2.0021 0.0145
53551.3290 2.1353 0.0104
53939.3067 2.0728 0.0111
53875.3594 1.9971 0.0102
56833.3478 2.9146 0.0391
52792.4193 2.0672 0.0185
53446.5324 2.7157 0.0110
53943.3027 2.1311 0.0111
54259.3128 2.6415 0.0103
53138.4614 2.5634 0.0118
53469.5188 2.5816 0.0112
53178.3751 2.8501 0.0107
53149.3330 2.6416 0.0109
53906.3684 2.2876 0.0127
52722.5967 1.8576 0.0225
53390.6489 2.9545 0.0116
53531.3615 1.9321 0.0107
53916.3248 2.2788 0.0141
53117.4850 2.1545 0.0104
53766.6170 1.6847 0.0097
53495.4394 2.3240 0.0113
54528.5221 3.2095 0.0098
53473.5879 2.6267 0.0126
54176.5642 2.4434 0.0110
54124.6309 2.4937 0.0104
54213.5722 2.5960 0.0135
54205.4858 2.5803 0.0124
54594.4526 3.1555 0.0108
53165.4100 2.5316 0.0105
54618.4140 3.7737 0.0113
53527.3526 2.3013 0.0106
53122.4995 2.4393 0.0072
53772.6264 1.9045 0.0113
53195.3465 3.0760 0.0110
53743.6336 2.0033 0.0095
53083.6071 2.2201 0.0113
53888.4064 2.0234 0.0120
53518.4479 2.3006 0.0234
54538.5772 3.4172 0.0128
54113.6612 2.5335 0.0143
53855.4161 2.2216 0.0109
53502.3879 2.1583 0.0118
54597.4509 3.6594 0.0111
54120.6630 2.4410 0.0143
53879.3083 1.9452 0.0112
54201.4537 2.5504 0.0115
53500.3158 2.4240 0.0111
53892.3754 2.2717 0.0236
52791.4573 2.0027 0.0188
53175.3837 2.8499 0.0121
56831.3363 2.9045 0.0381
56798.4422 3.2189 0.0417
56723.5097 3.5904 0.0439
56809.4772 3.1227 0.0480
57547.4125 3.0267 0.0326
56741.6278 3.5477 0.0614
56807.3096 3.0879 0.0429
56780.3275 3.1560 0.0451
54600.4451 3.6661 0.0297
56778.3170 3.3206 0.0442
56776.4795 3.1912 0.0418
56781.3691 3.3555 0.0499
57123.5698 3.1849 0.0559
57213.3079 3.1694 0.0321
57223.3832 3.2611 0.0364
56751.3634 3.4217 0.0430
56805.4306 3.0643 0.0421
57433.5460 2.9799 0.0314
56835.3395 2.9242 0.0387
57216.2975 3.1276 0.0346
56744.5358 3.4351 0.0453
56772.5585 2.5782 0.0487
56722.4684 3.6252 0.0411
57492.5660 2.9251 0.0369
57542.3791 3.0367 0.0315
56715.5711 3.6370 0.0388
56712.4997 3.6025 0.0419
57220.2845 3.2595 0.0365
56841.3393 3.0629 0.0456
56839.3341 2.9955 0.0448
57520.3333 3.0614 0.0390
57134.4907 3.0553 0.0392
57479.5663 2.9665 0.0387
56803.4885 3.1714 0.0534
56837.3417 3.0301 0.0409
53463.5851 2.5976 0.0210
57191.4517 2.9760 0.0371
57157.4650 3.1927 0.0391
57160.5054 3.2031 0.0386
56811.4533 3.0370 0.0394
57508.4284 3.0662 0.0338
53523.4194 2.3190 0.0179
56783.3659 3.1714 0.0527
57166.3513 3.3143 0.0451
52790.3997 1.6301 0.0211
54620.3589 3.7797 0.0286
53563.3393 2.0299 0.0227
57185.4838 3.0850 0.0538
52721.6243 1.9108 0.0359
57105.5730 3.1754 0.0561
57078.4898 3.1951 0.0491
53890.4800 2.4084 0.0619
53198.3064 3.0856 0.0900
54619.3119 3.8466 0.0635
57104.5182 3.2068 0.0546
