57420.5625 1.1145 0.0284
56833.3397 1.4152 0.0323
53496.3516 1.6666 0.0074
56783.3499 1.4678 0.0523
56715.5589 1.6356 0.0378
57157.4515 1.1894 0.0360
56722.4562 1.5985 0.0396
56809.4644 1.3748 0.0436
56839.3207 1.4367 0.0424
56841.3254 1.5696 0.0474
56781.3570 1.5341 0.0468
56811.4410 1.4406 0.0383
57492.5529 1.2489 0.0335
56751.3512 1.5367 0.0437
56837.3290 1.4000 0.0405
56712.4876 1.6395 0.0407
57213.2951 1.1818 0.0301
56780.3146 1.5732 0.0450
57160.3736 1.1980 0.0301
57123.5514 1.1467 0.0519
56772.5452 1.5204 0.0498
57191.4374 1.2553 0.0370
56805.4182 1.3935 0.0423
56744.5234 1.4406 0.0410
57547.4010 1.1576 0.0302
57220.2711 1.1332 0.0336
56803.4723 1.3539 0.0469
57508.4165 1.2321 0.0324
56831.3240 1.4389 0.0375
57134.4821 1.1755 0.0419
56807.2972 1.3501 0.0398
57433.5341 1.2235 0.0293
56778.3048 1.4359 0.0424
56798.4301 1.4269 0.0374
56835.3266 1.5238 0.0378
56801.3529 1.5046 0.0419
57567.3029 1.0374 0.0338
56776.4673 1.4435 0.0413
57542.3673 1.1484 0.0294
57216.2834 1.1480 0.0327
57479.5533 1.3188 0.0374
57520.3201 1.0812 0.0392
56723.4975 1.6665 0.0426
57223.3703 1.1703 0.0337
56741.6080 1.5159 0.0587
52793.2667 2.6691 0.0283
57078.4761 1.1854 0.0425
57166.3371 1.2936 0.0446
53472.5252 1.5476 0.0118
57185.4701 1.4148 0.0542
57133.6097 1.1412 0.0364
53474.4508 1.6041 0.0169
53388.6169 1.4104 0.0180
57104.4732 1.0664 0.0700
