57420.5655 3.9937 0.0347
56833.3397 2.9044 0.0322
56712.4876 2.9103 0.0407
56783.3499 2.6562 0.0518
56715.5589 2.8346 0.0377
57157.4515 3.3722 0.0379
56722.4562 2.7986 0.0395
56809.4644 2.7261 0.0431
56839.3207 2.9734 0.0424
56841.3254 3.0115 0.0470
56781.3570 2.6772 0.0462
56811.4410 2.7431 0.0381
57492.5529 2.9650 0.0345
56751.3512 2.7314 0.0435
56837.3290 2.9053 0.0409
57133.6087 3.2340 0.0476
57213.2951 3.2756 0.0320
56780.3146 2.7510 0.0449
57160.3736 3.4287 0.0324
57123.5514 3.1643 0.0521
56772.5452 2.7440 0.0500
53472.5300 2.1476 0.0101
57191.4374 3.4498 0.0391
56805.4182 2.7876 0.0421
56744.5234 2.7093 0.0411
57223.3703 3.3085 0.0356
57547.4010 2.9629 0.0320
57220.2711 3.2503 0.0354
56741.6082 2.8764 0.0574
56803.4723 2.7864 0.0469
57508.4165 2.8984 0.0337
56831.3240 2.9091 0.0378
57134.4821 3.3643 0.0441
56807.2972 2.6932 0.0394
57433.5341 3.3894 0.0316
56778.3048 2.6634 0.0422
56835.3266 2.9088 0.0380
56801.3529 2.7065 0.0418
57567.3029 2.9797 0.0357
56776.4673 2.6609 0.0411
57542.3673 2.9558 0.0310
57216.2834 3.3954 0.0347
57479.5533 3.0288 0.0384
57520.3201 3.0670 0.0403
56723.4975 2.9620 0.0422
53496.3537 2.3445 0.0099
52793.2667 3.0593 0.0288
57078.4761 3.1466 0.0439
57166.3371 3.5821 0.0457
57185.4701 3.4439 0.0570
56798.4291 2.6524 0.0529
53474.4508 2.2327 0.0171
53388.6169 1.9479 0.0187
57104.4732 3.3900 0.0720
