57420.5652 4.8857 0.0376
56743.5069 5.8241 0.0315
57508.4183 4.4877 0.0274
57542.3692 4.5076 0.0260
57520.3222 4.5607 0.0302
57479.5560 4.6070 0.0297
57547.4029 4.5427 0.0266
57433.5366 5.2605 0.0265
57492.5565 4.6325 0.0328
57213.2881 4.9589 0.0530
57078.4487 3.7216 0.0370
57223.3638 5.0481 0.0457
57220.2635 5.0774 0.0609
57157.4448 4.4803 0.0469
57160.3909 4.5530 0.0446
57123.5582 4.3623 0.0913
57567.2958 4.4476 0.0404
56781.3448 5.3759 0.0551
57166.3386 4.6093 0.0882
56776.4550 5.5328 0.0477
56803.4007 5.3319 0.0519
56780.3019 5.2665 0.0527
57191.4320 4.4609 0.0439
56831.3117 5.9815 0.0447
56778.2926 5.4264 0.0502
56835.3144 5.9137 0.0442
56723.4853 5.5689 0.0470
56811.4286 5.8436 0.0440
57459.5423 4.7328 0.0397
56805.4052 5.5759 0.0469
56744.5487 6.0449 0.0506
56839.3084 5.8053 0.0489
56741.5892 5.9228 0.0619
57133.4154 4.3175 0.0374
56712.4754 5.4472 0.0491
56715.5467 5.6760 0.0456
56751.3388 5.8741 0.0523
56841.3128 5.7753 0.0523
57216.2706 4.8282 0.0381
52816.2921 2.9858 0.0102
56837.3164 5.7897 0.0461
56833.3206 5.8985 0.0451
56772.5313 5.5902 0.0540
56801.3407 5.3310 0.0484
56722.4431 5.4889 0.0469
56809.4513 5.5535 0.0480
56783.3361 5.2816 0.0566
56798.4174 5.3631 0.0430
56807.2850 5.4405 0.0464
57194.4042 4.4685 0.0375
57185.4561 4.6066 0.0513
57105.5653 4.1617 0.0911
57460.4772 4.9260 0.0941
57195.4008 4.5853 0.0594
57134.4685 4.3908 0.0657
56721.5940 5.5488 0.1263
57419.5304 5.0595 0.1149
54620.3656 3.1918 0.0476
57104.4590 4.1887 0.0733
53770.6182 2.4537 0.0241
