57420.5625 1.9299 0.0296
53496.3516 1.7305 0.0072
56783.3499 2.7265 0.0555
56722.4562 3.1012 0.0429
56781.3570 2.8222 0.0499
56751.3512 3.1136 0.0473
56712.4876 3.0038 0.0438
56780.3146 2.7105 0.0481
56772.5452 2.5972 0.0533
56798.4301 2.9855 0.0408
57433.5341 1.9187 0.0307
56778.3048 2.7009 0.0457
56723.4975 3.2617 0.0457
56715.5589 3.1052 0.0410
56776.4673 2.6603 0.0443
52793.2667 1.6292 0.0268
57134.4836 1.9822 0.0523
57078.4761 2.2795 0.0448
57508.4155 1.5404 0.0480
56831.3230 2.8647 0.0586
57123.5498 1.9973 0.0779
56833.3319 2.9764 0.0594
57213.2940 1.5295 0.0446
56801.3519 3.0766 0.0655
57216.2824 1.5422 0.0485
56805.4172 3.1852 0.0665
56803.4711 3.0389 0.0736
57547.3999 1.6642 0.0450
57220.2700 1.5886 0.0502
56744.5224 2.7839 0.0637
57567.3017 1.6064 0.0543
56839.3197 2.8791 0.0661
56841.3244 2.9684 0.0733
56835.3256 2.9300 0.0589
56811.4400 3.1212 0.0604
56837.3276 2.9698 0.0633
57479.5522 1.5883 0.0547
57191.4363 1.7118 0.0559
57542.3663 1.7319 0.0446
57157.4503 1.6881 0.0554
56809.4634 3.1420 0.0688
57133.6071 1.9888 0.0731
56741.6067 2.7685 0.0878
57223.3692 1.5969 0.0502
56807.2962 2.9562 0.0641
57492.5517 1.6322 0.0488
57160.3725 1.8002 0.0456
57520.3190 1.5503 0.0587
57185.4683 1.7709 0.0975
53388.6169 1.7735 0.0180
57166.3360 1.7049 0.0667
53472.4998 1.6505 0.0181
