57420.5648 1.5376 0.0293
57191.4456 1.2799 0.0339
56833.3407 1.5075 0.0374
57134.4846 1.3216 0.0374
56839.3248 1.5112 0.0440
56751.3553 1.7147 0.0441
56831.3281 1.5290 0.0387
56783.3558 1.5162 0.0562
57520.3246 1.8340 0.0388
56805.4223 1.6061 0.0439
56723.5016 1.8894 0.0431
57123.5575 1.3976 0.0537
57542.3711 1.8075 0.0317
57160.3779 1.2834 0.0311
57157.4560 1.3451 0.0377
56776.4714 1.6896 0.0411
56798.4341 1.5337 0.0391
56835.3306 1.5132 0.0392
56803.4771 1.7087 0.0516
56837.3334 1.5435 0.0416
52813.3181 1.9558 0.0090
57492.5572 1.8824 0.0375
56809.4686 1.6229 0.0442
56741.6140 1.8149 0.0598
57216.2878 1.3562 0.0349
56778.3088 1.6499 0.0434
57479.5576 1.8430 0.0385
56801.3570 1.5814 0.0426
56780.3187 1.7276 0.0455
56744.5276 1.8610 0.0439
57433.5379 1.6147 0.0310
57223.3746 1.3550 0.0350
56715.5630 1.9174 0.0394
56781.3610 1.7276 0.0490
57220.2754 1.2942 0.0352
56811.4451 1.6802 0.0398
56722.4603 1.8348 0.0409
57508.4204 1.8877 0.0346
56807.3013 1.6492 0.0399
56841.3295 1.5968 0.0473
57567.3072 1.9843 0.0374
56712.4916 1.9683 0.0424
57547.4049 1.8612 0.0328
56772.5497 1.6923 0.0484
57104.4873 1.4348 0.0432
57213.2988 1.4049 0.0382
56829.3180 1.6506 0.0496
57166.3406 1.2124 0.0635
57185.4755 1.3771 0.0410
57078.4806 1.3950 0.0487
56865.2991 1.5009 0.0502
57105.5696 1.3283 0.0780
53770.6220 1.9166 0.0251
54620.3581 1.4372 0.0434
