56743.5059 1.7937 0.0299
57420.5495 2.1605 0.0320
52816.2955 1.6607 0.0085
56781.3448 1.5296 0.0521
57508.4044 2.4867 0.0361
56776.4550 1.4680 0.0435
56780.3019 1.4322 0.0495
56803.4007 1.7494 0.0488
56831.3117 1.8352 0.0398
57567.2972 2.3317 0.0415
56778.2926 1.6175 0.0466
56835.3144 1.8150 0.0393
57542.3556 2.4959 0.0340
57547.3894 2.3980 0.0339
56723.4853 2.1911 0.0439
56712.4754 2.0956 0.0444
56805.4052 2.0377 0.0433
57433.5227 2.1237 0.0324
56839.3084 1.7410 0.0449
57459.5423 2.3296 0.0369
57160.3607 1.6634 0.0323
57133.4154 1.6686 0.0349
56715.5467 1.9762 0.0416
57157.4382 1.6305 0.0391
56744.5487 1.7456 0.0464
56841.3128 1.4574 0.0491
57216.2706 1.6609 0.0343
57223.3574 1.6362 0.0353
56837.3164 1.8598 0.0420
56833.3206 1.8017 0.0405
57479.5414 2.4961 0.0395
57213.2820 1.6062 0.0312
56722.4431 2.2018 0.0437
57078.4375 1.7145 0.0441
57220.2575 1.6744 0.0418
56772.5313 1.4370 0.0511
57520.3067 2.6599 0.0418
56809.4513 2.0072 0.0444
56783.3361 1.5274 0.0549
56798.4174 1.8986 0.0396
56811.4286 2.0333 0.0396
57194.4042 1.6708 0.0346
56801.3408 1.3698 0.0536
57185.4561 2.2845 0.0500
57492.5382 2.7258 0.0493
57191.4231 1.6911 0.0444
56741.5901 1.7032 0.0596
57460.4772 2.3971 0.0925
56807.2860 1.6371 0.0600
57166.3209 1.6558 0.0726
57123.5324 1.5677 0.0752
56751.3398 1.6501 0.0682
57195.4008 1.7273 0.0550
57105.5603 1.7112 0.0548
57134.4685 1.4509 0.0619
56721.5940 1.8606 0.1203
57419.5304 2.0348 0.1133
57104.4590 1.9094 0.0684
53770.6182 2.3469 0.0238
