56743.5069 4.2501 0.0312
57420.5492 5.5184 0.0342
57567.2958 4.6445 0.0329
57479.5430 5.1477 0.0352
57433.5243 5.1562 0.0294
57508.4061 5.0238 0.0312
57520.3086 4.7929 0.0348
57459.5441 5.3497 0.0332
57547.3910 4.7417 0.0296
57542.3572 4.7195 0.0297
57492.5400 4.8979 0.0413
56781.3448 4.1958 0.0553
56776.4550 4.2549 0.0471
56780.3019 4.2404 0.0527
56803.4007 4.1654 0.0515
56831.3117 3.7578 0.0425
57185.4574 5.7881 0.1007
56778.2926 4.2671 0.0499
56835.3144 3.8034 0.0420
56712.4754 4.5587 0.0474
56805.4052 4.1491 0.0458
56741.5892 4.1042 0.0619
57160.3607 4.5260 0.0359
57078.4375 4.2166 0.0460
57133.4154 4.4037 0.0381
57194.4042 3.8137 0.0368
56715.5467 5.3503 0.0466
57157.4382 4.6351 0.0425
56744.5487 4.1638 0.0495
56841.3128 3.7117 0.0508
57216.2706 3.8391 0.0368
57223.3574 3.7639 0.0376
56751.3388 4.0761 0.0512
56833.3206 3.7649 0.0429
57213.2820 3.8077 0.0338
56722.4431 4.4016 0.0466
56837.3164 3.6654 0.0441
57220.2575 3.8337 0.0428
56772.5313 4.3005 0.0538
56801.3407 4.3686 0.0480
56809.4513 4.0835 0.0469
56783.3361 4.2384 0.0570
56723.4853 4.3957 0.0466
56798.4174 4.1489 0.0422
56807.2850 4.1240 0.0453
56811.4286 4.0521 0.0422
57123.5349 9.4546 0.1646
57191.4231 3.8904 0.0472
57460.4772 5.4905 0.0978
57195.4008 3.9073 0.0583
56839.3094 3.6279 0.0676
57166.3209 4.5144 0.0760
57105.5603 4.3009 0.0593
57134.4685 4.5143 0.0674
56721.5940 4.1889 0.1250
57419.5304 5.2112 0.1155
54620.3656 4.1684 0.0507
57104.4590 4.3702 0.0749
