57420.5648 2.5960 0.0288
57191.4456 1.8609 0.0326
56833.3407 2.2672 0.0362
56839.3248 2.3346 0.0431
56831.3281 2.2751 0.0371
56783.3558 2.4438 0.0562
57520.3246 2.4235 0.0379
56805.4223 2.3395 0.0423
56723.5016 3.0499 0.0425
57479.5576 2.6158 0.0378
57123.5575 1.7311 0.0535
57542.3711 2.2971 0.0295
57160.3779 1.8403 0.0298
57157.4560 1.7732 0.0363
56776.4714 2.6326 0.0403
56798.4341 2.3646 0.0381
56835.3306 2.2859 0.0378
56803.4771 2.3215 0.0503
56837.3334 2.2853 0.0403
57492.5572 2.6597 0.0359
56809.4686 2.2709 0.0426
56741.6140 2.7932 0.0596
57216.2878 1.9007 0.0327
56778.3088 2.4566 0.0427
57134.4855 1.7487 0.0361
56801.3570 2.3934 0.0418
56780.3187 2.6265 0.0447
56744.5276 2.8330 0.0434
57433.5379 2.6232 0.0300
57223.3746 1.8574 0.0336
56715.5630 3.2579 0.0392
56781.3610 2.4485 0.0481
57220.2754 1.8876 0.0336
56811.4451 2.3785 0.0383
56722.4603 3.1059 0.0407
57508.4204 2.4994 0.0328
56751.3553 2.6329 0.0435
56807.3013 2.3876 0.0380
56841.3295 2.3899 0.0471
57567.3072 2.2964 0.0343
56712.4916 3.1955 0.0421
57547.4049 2.3823 0.0306
56772.5497 2.5009 0.0488
57213.2988 1.9221 0.0362
53472.5382 1.7657 0.0121
57104.4873 1.7204 0.0409
53474.4540 1.7868 0.0122
57166.3406 1.7934 0.0620
57185.4755 1.8968 0.0413
57078.4806 1.7983 0.0463
57105.5696 1.8841 0.0743
53770.6220 3.5945 0.0276
54620.3581 2.6867 0.0453
