57420.5540 10.6139 0.0368
56743.5233 12.5863 0.0488
53467.4953 10.0245 0.0094
56803.4428 12.6550 0.0554
56741.6039 12.5173 0.0693
57220.2624 11.2006 0.0496
56801.3447 12.5988 0.0569
57133.5964 11.3191 0.0546
56722.4472 12.6741 0.0553
57547.3932 11.9817 0.0470
56723.4894 12.7473 0.0575
57194.4085 11.3471 0.0467
57433.5265 10.5677 0.0440
56798.4214 12.5260 0.0530
57223.3617 11.3077 0.0477
56783.3403 12.4271 0.0653
56772.5360 12.5405 0.0607
57185.4684 11.1463 0.0580
57160.3650 11.1161 0.0442
56841.3171 12.8758 0.0612
57542.3595 12.0700 0.0467
57157.4427 11.1828 0.0492
56712.4795 12.7489 0.0568
53475.5608 9.6427 0.0140
57459.5467 10.6440 0.0489
57216.2749 11.2916 0.0477
57520.3112 11.8440 0.0507
56811.4327 12.5908 0.0537
57567.2949 11.7638 0.0506
56715.5507 12.7345 0.0546
56839.3125 13.0143 0.0604
56780.3062 12.5451 0.0621
57479.5453 11.2578 0.0552
56805.4093 12.5312 0.0569
56835.3184 13.0283 0.0544
56744.5528 12.6860 0.0592
57508.4085 11.7829 0.0465
56781.3489 12.3883 0.0612
56776.4591 12.6140 0.0552
56837.3204 12.9803 0.0561
57078.4502 11.3778 0.0567
57213.2865 11.2141 0.0439
56751.3430 12.3452 0.0595
56831.3158 12.9740 0.0547
56778.2967 12.4370 0.0584
56833.3247 12.9851 0.0540
56807.2890 14.0776 0.0600
57492.5435 11.5410 0.0508
56809.4559 12.4707 0.0648
57134.4710 11.4752 0.0588
53884.4341 5.7808 0.0142
53883.4566 7.4064 0.0148
57195.4028 11.4095 0.0751
57123.5397 11.6171 0.1465
57104.4634 11.6282 0.0973
57191.4276 11.3793 0.0829
57105.5621 11.4842 0.1016
57166.3288 11.3398 0.1023
