52730.5708 34.1956 0.0460
53462.4848 35.0504 0.0786
53851.4182 34.9251 0.0249
53847.5691 40.8712 0.0973
56801.3749 43.9102 0.0535
53911.3261 41.3415 0.0331
53524.3013 32.1835 0.0185
54186.5147 43.3910 0.0291
57420.5809 37.2712 0.0537
53586.2926 32.9920 0.0229
53466.6127 26.7135 0.0190
53853.4234 40.4329 0.0290
52710.6200 33.4772 0.0247
52817.2960 34.6607 0.0465
54531.5699 40.2511 0.0239
57191.4580 41.6984 0.0669
56833.3526 42.9438 0.0702
54213.5722 44.2594 0.0316
53583.3020 33.1343 0.0267
53769.6072 38.8040 0.0277
54511.5807 35.2750 0.0229
54614.3924 31.7219 0.0250
53936.3074 41.0485 0.0282
54255.3352 44.5762 0.0300
54621.4059 38.6351 0.0265
52790.4028 34.5710 0.1479
54209.4920 44.2199 0.0288
54561.4245 39.9338 0.0277
53505.3877 34.0630 0.0297
52813.3474 34.7508 0.0298
53883.3893 40.7685 0.0283
54624.3814 38.9924 0.0276
53109.5778 37.3738 0.0301
52792.4193 34.6663 0.0360
54234.4877 43.6752 0.0279
53527.3526 33.4294 0.0240
53469.5188 28.4760 0.0231
52722.5967 34.1769 0.0352
53875.3594 40.7416 0.0272
53531.3615 33.5647 0.0249
54205.4858 44.1424 0.0297
53122.4995 36.9665 0.0167
53083.6071 35.8988 0.0262
53518.4479 29.7867 0.0321
54262.4003 43.9761 0.0297
53892.3770 40.9847 0.0327
53879.3083 40.8136 0.0281
53888.4064 40.7075 0.0279
56712.5038 44.2619 0.0854
53939.3051 41.0612 0.0313
52791.4573 34.8598 0.0370
56751.3675 44.7566 0.0873
52721.6238 34.1214 0.0438
57433.5504 38.1446 0.0724
54179.5203 43.3997 0.0309
54266.2907 44.1221 0.0313
56744.5399 44.2968 0.0893
56837.3458 42.8320 0.0858
57134.4954 41.3513 0.0755
54557.5439 40.0567 0.0301
56772.5627 44.7149 0.0921
54591.3847 39.2694 0.0285
57220.2890 36.5305 0.0716
53943.3011 41.0296 0.0320
57542.3828 42.0441 0.0753
53799.4769 40.8554 0.0317
57520.3376 42.5952 0.0741
54183.5047 43.4177 0.0323
54600.4443 39.4138 0.0405
53175.3829 35.8800 0.0285
56715.5752 44.7841 0.0841
53766.6154 38.6089 0.0300
53502.3863 34.0429 0.0279
53772.6248 39.3531 0.0319
56839.3381 42.8920 0.0913
53473.5863 34.9693 0.0296
54113.6596 42.1940 0.0311
53138.4597 37.0039 0.0296
54117.6445 42.2200 0.0302
56811.4574 43.6768 0.0847
56741.6340 44.5020 0.0985
56809.4820 43.9873 0.0902
56783.3699 44.5005 0.0923
56723.5137 44.8347 0.0878
54535.5061 40.1439 0.0291
56798.4478 43.9873 0.0863
53195.3443 36.1029 0.0279
57547.4163 43.1053 0.0784
53495.4378 34.2393 0.0284
54570.4252 39.4637 0.0393
53411.6219 35.6957 0.0281
53553.4126 33.2843 0.0284
57213.3122 37.6151 0.0687
54176.5626 43.3105 0.0315
56831.3404 43.0212 0.0834
53146.4880 36.7714 0.0286
53117.4831 36.7817 0.0281
54594.4510 39.2172 0.0294
56778.3210 44.0537 0.0893
54618.4124 38.9513 0.0285
56807.3136 43.9037 0.0863
57216.3027 33.5717 0.0716
56780.3316 44.3805 0.0882
54124.6293 42.1379 0.0306
56841.3435 42.6748 0.0867
56781.3732 44.3342 0.0909
54229.4771 44.1227 0.0366
57123.5755 41.4947 0.0812
53165.4084 36.3089 0.0276
54563.4924 39.9580 0.0306
53446.5307 35.3107 0.0280
54588.5506 39.1602 0.0337
53121.5116 36.5817 0.0282
57479.5706 42.5018 0.0742
53743.6315 37.8221 0.0285
54120.6614 42.1650 0.0325
53855.4144 40.7929 0.0304
53500.3142 34.3285 0.0274
54144.5872 42.7449 0.0315
53200.2651 35.5848 0.0280
54538.5756 40.0216 0.0327
56722.4730 44.5018 0.0880
57508.4323 42.6390 0.0780
54528.5205 40.6237 0.0274
57492.5703 42.7226 0.0799
54151.6487 43.1316 0.0334
53551.3274 32.9659 0.0267
53906.3668 40.9653 0.0341
57223.3876 40.2462 0.0745
54201.4521 43.8182 0.0320
53149.3314 36.4271 0.0271
56835.3435 42.6998 0.0836
54153.5952 42.8226 0.0327
54259.3113 44.2451 0.0307
53463.5851 35.1139 0.0367
54597.4492 39.1441 0.0291
56805.4347 43.8899 0.0882
54524.5250 40.3304 0.0340
53178.3735 35.7847 0.0278
53578.3415 33.1132 0.0339
53390.6473 36.3708 0.0287
53859.3653 40.8756 0.0318
53916.3232 40.9696 0.0340
53523.4194 33.8053 0.0344
56776.4836 44.4526 0.0851
56803.4932 44.1162 0.1224
53563.3393 33.1827 0.0410
57157.4700 41.1832 0.0847
57166.3553 41.2383 0.0914
54620.3574 38.9463 0.0816
57160.5099 41.5575 0.1076
57078.4942 41.5778 0.1096
57185.4913 41.7495 0.1070
53890.4800 40.9586 0.1424
53198.3064 36.4078 0.1377
57105.5754 41.4365 0.1710
54619.3119 36.8842 0.1353
57104.5235 40.7933 0.1587
