52730.5685 5.3476 0.0285
53462.4914 3.5008 0.0270
53847.5729 4.2215 0.0249
53911.3288 4.0771 0.0176
53851.4182 4.2048 0.0153
53853.4352 4.1798 0.0155
53586.2942 3.7099 0.0110
53524.3013 3.7911 0.0096
54186.5147 4.0410 0.0166
54531.5740 4.2123 0.0092
57420.5763 3.1121 0.0302
53466.6127 3.5628 0.0108
52710.6200 5.2889 0.0139
53583.3046 3.7281 0.0115
54570.4284 4.0350 0.0220
53799.4817 4.3573 0.0171
52817.2960 5.0739 0.0254
54262.4012 3.9750 0.0127
54209.4929 4.0419 0.0113
54624.3824 4.2667 0.0113
53505.3888 3.6916 0.0170
56801.3688 4.0068 0.0420
53769.6082 4.3691 0.0112
54561.4254 4.1265 0.0113
53146.4901 4.7251 0.0130
54535.5077 4.1816 0.0113
54151.6503 4.3165 0.0134
54153.5968 4.2772 0.0126
54229.4787 4.0497 0.0193
54117.6461 4.5017 0.0115
54213.5722 4.0027 0.0146
54524.5266 4.2738 0.0179
53553.4142 3.8005 0.0122
54144.5888 4.3214 0.0126
53578.3431 3.7274 0.0162
53411.6236 3.7154 0.0114
54511.5807 4.3511 0.0101
54614.3924 4.2189 0.0126
53936.3074 3.9864 0.0125
54255.3352 4.0294 0.0170
54600.4459 4.2425 0.0274
54621.4059 4.2889 0.0119
54266.2923 3.9947 0.0121
54557.5455 4.1384 0.0121
54234.4877 4.0696 0.0120
53859.3669 4.0901 0.0157
53121.5132 4.7065 0.0123
54591.3863 4.1853 0.0113
54179.5219 4.1637 0.0120
54563.4941 4.1264 0.0126
52813.3474 5.0635 0.0156
54588.5522 4.0963 0.0157
53175.3845 4.6017 0.0122
53883.3893 4.1382 0.0130
53200.2667 4.3417 0.0124
53109.5778 4.6999 0.0168
54183.5063 4.0899 0.0128
53551.3290 3.8116 0.0116
53939.3067 3.9918 0.0125
53875.3594 4.1607 0.0119
56833.3478 4.1556 0.0411
52792.4193 5.1418 0.0208
53446.5324 3.5503 0.0116
53943.3027 4.0290 0.0127
54259.3128 4.0163 0.0113
53138.4614 4.7424 0.0133
53469.5188 3.5528 0.0120
53178.3751 4.5670 0.0120
53149.3330 4.7278 0.0122
53906.3684 4.0378 0.0141
52722.5967 5.3769 0.0244
53390.6489 3.8439 0.0124
53531.3615 3.7741 0.0121
53916.3248 4.0447 0.0154
53117.4850 4.7119 0.0122
53766.6170 4.3732 0.0119
53495.4394 3.6678 0.0123
53083.6071 4.8989 0.0132
54528.5221 4.3038 0.0106
53473.5879 3.5684 0.0134
54176.5642 4.1689 0.0123
54124.6309 4.4347 0.0118
54205.4858 4.0126 0.0135
54594.4526 4.2177 0.0117
53165.4100 4.6851 0.0120
54618.4140 4.2671 0.0117
53527.3526 3.8170 0.0117
53772.6264 4.3457 0.0131
53195.3465 4.4049 0.0120
53743.6336 4.4462 0.0113
53888.4064 4.1160 0.0135
53518.4479 3.7821 0.0242
54538.5772 4.1431 0.0135
54113.6612 4.5468 0.0154
53855.4161 4.1226 0.0123
53502.3879 3.7435 0.0129
54597.4509 4.2119 0.0116
53892.3770 4.1566 0.0220
54120.6630 4.4343 0.0155
53879.3083 4.1557 0.0128
54201.4537 4.0546 0.0127
53500.3158 3.7322 0.0121
52791.4573 5.0978 0.0214
56831.3363 4.2382 0.0405
52721.6238 5.3455 0.0327
56798.4422 4.1486 0.0430
56723.5097 3.5794 0.0439
56809.4772 4.0444 0.0495
57547.4125 3.2746 0.0330
56741.6278 3.6996 0.0616
56807.3096 4.0027 0.0446
56780.3275 3.9570 0.0462
56778.3170 3.9268 0.0452
56776.4795 3.9710 0.0431
56781.3691 3.9308 0.0507
57123.5698 3.4506 0.0562
57213.3079 3.5120 0.0327
57223.3832 3.4100 0.0366
56751.3634 3.6912 0.0435
56805.4306 4.0216 0.0436
57433.5460 3.0752 0.0315
56835.3395 4.2055 0.0409
57216.2975 3.3965 0.0352
56744.5358 3.6609 0.0456
56772.5585 3.8142 0.0503
56722.4684 3.6164 0.0411
57492.5660 2.8156 0.0367
57542.3791 3.1513 0.0317
56715.5711 3.6197 0.0388
52790.4013 5.2682 0.1606
56712.4997 3.5459 0.0418
57220.2845 3.4798 0.0369
56841.3393 4.2094 0.0472
53122.4995 4.7042 0.0092
56839.3341 4.0188 0.0465
57520.3333 3.0216 0.0390
57134.4907 3.3937 0.0397
57479.5663 2.9877 0.0387
56803.4885 4.0963 0.0547
56837.3417 4.2045 0.0428
57191.4517 3.4011 0.0377
57157.4650 3.3573 0.0393
57160.5054 3.5319 0.0391
56811.4533 4.0489 0.0411
57508.4284 2.9653 0.0336
53523.4194 3.7976 0.0192
56783.3659 4.0247 0.0538
57166.3513 3.5209 0.0453
54620.3589 4.2822 0.0297
53563.3393 3.8152 0.0242
57185.4838 3.4189 0.0543
53463.5877 3.5543 0.0249
57105.5730 3.4618 0.0569
57078.4898 3.5111 0.0497
53890.4800 4.0313 0.0677
53198.3064 4.5564 0.0942
54619.3119 4.3904 0.0667
57104.5182 3.4637 0.0554
