56803.4325 3.7410 0.0603
53472.4591 3.5499 0.0110
56807.2900 3.8038 0.0650
57542.3605 4.2654 0.0528
56776.4601 3.5861 0.0617
57433.5275 3.8717 0.0494
57157.4438 4.0199 0.0589
57547.3942 4.3232 0.0521
56778.2977 3.7059 0.0655
57160.3661 4.0036 0.0494
56805.4083 4.3074 0.0637
57508.4095 4.4329 0.0530
56751.3440 3.4337 0.0690
56781.3499 3.6805 0.0711
53883.4566 3.4298 0.0124
57223.3628 3.6099 0.0537
57479.5463 3.8336 0.0653
57220.2635 3.7191 0.0550
56798.4224 3.4965 0.0577
56783.3413 3.7592 0.0787
57166.3288 3.8982 0.0868
57492.5456 4.2572 0.0605
57567.2964 3.7828 0.0684
56772.5364 3.6067 0.1265
57213.2869 3.6909 0.0767
57078.4382 3.9907 0.0417
57459.5483 3.5408 0.0630
56743.5297 3.2023 0.0589
56839.3129 1.7744 0.1024
56780.3078 3.6153 0.0892
56741.5978 3.3152 0.0696
56809.4549 4.5881 0.0798
