57420.5540 2.9970 0.0304
56743.5233 2.8420 0.0384
56803.4428 2.8139 0.0457
53472.4612 2.2160 0.0081
56741.6039 2.8657 0.0609
57220.2624 2.6118 0.0388
56801.3447 2.9172 0.0438
57133.5964 2.7168 0.0449
56722.4472 2.8685 0.0422
57547.3932 3.0853 0.0346
56723.4894 2.8299 0.0446
57194.4085 2.5915 0.0352
57433.5265 3.2437 0.0336
56798.4214 2.8920 0.0399
57223.3617 2.6179 0.0364
56751.3430 3.0084 0.0481
56783.3403 2.8396 0.0547
56772.5360 2.7516 0.0504
57185.4684 2.5916 0.0470
57160.3650 2.6656 0.0328
56841.3171 2.8442 0.0494
57542.3595 3.0811 0.0341
57157.4427 2.7356 0.0388
56712.4795 2.9424 0.0444
57459.5467 3.2841 0.0387
57216.2749 2.6815 0.0357
57520.3112 2.9283 0.0412
56811.4327 2.8318 0.0398
57567.2949 3.1435 0.0384
56715.5507 2.9460 0.0417
56839.3125 2.8107 0.0464
56780.3062 2.9504 0.0499
57479.5453 3.1329 0.0452
56805.4093 2.8262 0.0433
56835.3184 2.6767 0.0397
56744.5528 2.9980 0.0470
57508.4085 3.1643 0.0348
56781.3489 2.6701 0.0490
56776.4591 2.8611 0.0423
56837.3204 2.8103 0.0421
57078.4502 2.8026 0.0463
57213.2865 2.7285 0.0326
56831.3158 2.7028 0.0399
56778.2967 2.9050 0.0455
56833.3247 2.8533 0.0398
56807.2890 2.8704 0.0429
57492.5435 3.2369 0.0400
56809.4559 2.7904 0.0488
57134.4710 2.8443 0.0463
57195.4028 2.6472 0.0576
57104.4634 2.6452 0.0704
57191.4276 2.6445 0.0641
57123.5397 2.6451 0.1275
57105.5621 2.6721 0.0792
57166.3288 2.6330 0.0838
