57420.5648 2.6867 0.0289
56833.3407 2.4564 0.0369
56831.3281 2.5139 0.0380
56744.5276 2.3031 0.0428
53472.5316 2.1093 0.0102
56723.5016 2.6097 0.0420
56839.3248 2.0017 0.0428
56835.3306 1.7465 0.0372
56741.6140 2.7370 0.0598
56801.3570 1.8257 0.0410
57433.5379 2.6555 0.0303
56715.5630 2.6991 0.0386
56722.4603 2.5307 0.0400
56751.3553 2.3764 0.0433
56807.3013 2.7285 0.0391
56841.3295 2.4820 0.0474
56712.4916 3.2999 0.0422
57191.4488 2.5031 0.0462
56837.3336 1.9048 0.0479
57104.4873 2.2611 0.0420
57542.3721 2.5073 0.0435
57220.2765 2.4744 0.0517
57123.5590 2.4343 0.0765
56811.4461 2.5351 0.0553
57567.3083 2.5065 0.0543
56809.4696 2.4362 0.0615
57492.5583 2.4776 0.0507
56803.4782 2.4182 0.0730
57479.5587 2.4322 0.0535
56778.3099 2.4922 0.0616
56783.3584 2.2510 0.0818
57134.4916 2.3881 0.0498
56776.4725 2.4076 0.0571
57520.3257 2.4861 0.0541
57216.2889 2.6347 0.0468
56781.3621 2.4450 0.0683
56780.3197 2.3710 0.0628
56798.4351 2.4333 0.0547
57223.3757 2.3666 0.0492
57547.4059 2.4219 0.0449
57160.3789 2.5764 0.0445
57078.4806 2.6026 0.0481
56772.5509 2.3556 0.0692
57157.4572 2.3853 0.0502
57508.4214 2.3231 0.0478
56805.4233 2.4846 0.0602
57105.5696 2.3923 0.0768
53474.4572 2.3242 0.0182
57185.4767 2.5766 0.0598
57213.2999 2.3400 0.0700
57166.3419 2.3781 0.0885
54620.3581 3.3905 0.0477
