57420.5718 1.2493 0.0284
56833.3442 1.9266 0.0357
53147.4525 1.3809 0.0069
56805.4265 1.9387 0.0421
56781.3651 1.7107 0.0460
57492.5616 1.7698 0.0332
56798.4382 1.8972 0.0386
57542.3753 1.6655 0.0302
56841.3344 1.9632 0.0456
57157.4605 1.2384 0.0354
57520.3289 1.8522 0.0379
56741.6208 1.6798 0.0565
56801.3611 1.9924 0.0431
56776.4755 1.7462 0.0399
56809.4728 1.9767 0.0440
56839.3294 2.0453 0.0429
57508.4244 1.8785 0.0327
57191.4470 1.2954 0.0327
56722.4643 1.5775 0.0391
57134.4858 1.3705 0.0346
56835.3351 2.0327 0.0380
56811.4492 2.0187 0.0385
57223.3789 1.2423 0.0329
57216.2922 1.2298 0.0325
56778.3129 1.7668 0.0432
56783.3617 1.6998 0.0521
57220.2801 1.2011 0.0330
56772.5541 1.7916 0.0488
56807.3055 1.9047 0.0397
56780.3231 1.8694 0.0436
56723.5056 1.4567 0.0411
56837.3376 2.0576 0.0405
56831.3322 1.8987 0.0368
57547.4087 1.6381 0.0305
56751.3593 1.7287 0.0420
56744.5318 1.6415 0.0419
56712.4957 1.4399 0.0395
57479.5619 1.6323 0.0369
56715.5670 1.4910 0.0360
57213.3036 1.1325 0.0292
57433.5416 1.3156 0.0290
56803.4819 1.9601 0.0602
57160.4616 1.2933 0.0393
57078.4859 1.4027 0.0357
57166.3455 1.2779 0.0462
57105.5711 1.4010 0.0506
57104.5060 1.4956 0.0417
57185.4795 1.3787 0.0605
57123.5632 1.3587 0.0621
57567.3097 1.6739 0.0877
