57420.5540 9.6868 0.0363
56743.5230 10.3596 0.0488
53467.4953 11.2483 0.0098
56803.4428 18.5890 0.0628
53475.5639 10.4868 0.0114
56741.6039 10.7683 0.0691
57216.2749 8.4694 0.0438
57220.2624 8.4876 0.0465
56801.3447 9.6457 0.0537
57133.5964 9.6383 0.0529
56722.4472 9.8023 0.0519
57547.3932 8.9614 0.0430
56723.4894 9.8712 0.0543
57194.4085 8.8295 0.0437
57433.5265 9.9020 0.0431
57223.3617 8.5113 0.0443
56783.3403 9.6878 0.0631
56772.5360 9.9156 0.0593
57185.4684 8.9798 0.0553
57160.3650 9.6666 0.0426
56841.3171 9.5110 0.0583
57542.3595 9.2951 0.0429
57157.4427 9.6804 0.0476
56712.4795 9.9582 0.0539
57459.5467 9.7996 0.0478
57520.3112 9.3075 0.0485
56811.4327 9.8561 0.0505
57567.2949 8.6107 0.0461
56715.5507 9.8966 0.0512
56839.3125 9.7807 0.0567
56780.3062 9.6786 0.0594
57479.5453 9.3943 0.0533
56805.4093 13.3167 0.0583
56835.3184 9.5454 0.0500
56744.5528 10.3201 0.0567
57508.4085 9.3262 0.0433
56781.3489 9.7285 0.0588
56776.4591 9.8667 0.0521
56837.3204 9.6723 0.0523
57078.4502 8.4523 0.0526
57213.2865 8.5877 0.0407
56751.3430 9.6848 0.0568
56798.4214 9.3273 0.0493
56831.3158 9.5270 0.0503
56778.2967 9.9109 0.0557
56807.2890 9.5409 0.0533
57492.5435 9.3221 0.0485
56809.4559 11.8208 0.0632
57134.4710 9.6065 0.0563
56833.3246 9.5629 0.0554
53883.4566 11.2251 0.0167
57195.4028 8.7629 0.0698
53884.4341 11.7405 0.0169
57104.4634 9.5531 0.0903
57191.4276 9.2404 0.0805
57123.5397 9.1856 0.1419
57105.5621 9.7460 0.0990
57166.3288 9.6267 0.0994
