57420.5645 4.3712 0.0364
56801.3749 4.8332 0.0337
57479.5560 5.5210 0.0297
57542.3692 6.0203 0.0269
57520.3222 5.5385 0.0302
57547.4029 5.9528 0.0274
57508.4183 5.5242 0.0278
57433.5366 4.6291 0.0248
57191.4530 3.5779 0.0454
57492.5565 5.5948 0.0330
56833.3526 4.5588 0.0383
57220.2788 3.7745 0.0493
57078.4564 3.6192 0.0293
57223.3819 3.6119 0.0550
57123.5671 3.3460 0.0637
57157.4575 3.3317 0.0743
57213.3065 3.8081 0.0498
57567.2958 5.6954 0.0413
57160.4200 3.2034 0.0907
56778.3210 4.7032 0.0501
56807.3136 4.9102 0.0458
57216.3027 3.7607 0.0378
56780.3316 4.5722 0.0501
56811.4574 4.8883 0.0456
56712.5038 5.2492 0.0474
52816.2990 3.6176 0.0103
56783.3699 4.7301 0.0587
56722.4730 5.1996 0.0486
57134.4954 3.1765 0.0396
56751.3675 4.7909 0.0484
56781.3732 4.5877 0.0527
57459.5423 4.9366 0.0390
56798.4478 4.7622 0.0501
56772.5627 4.6345 0.0564
56837.3458 4.6304 0.0472
56835.3435 4.5937 0.0443
56831.3404 4.5451 0.0437
56805.4347 4.8987 0.0493
56776.4836 4.6635 0.0460
56841.3435 4.6062 0.0513
56744.5399 4.8132 0.0510
56723.5137 5.1510 0.0486
56839.3381 4.6911 0.0524
57185.4802 3.5844 0.0688
56715.5753 5.2241 0.0536
57166.3553 3.4277 0.0505
57460.4772 4.8538 0.0911
56809.4813 4.7603 0.0883
56741.6329 4.7276 0.1239
57105.5676 3.2929 0.1596
56803.4930 4.8218 0.1075
57133.4154 3.5294 0.1905
57194.4048 3.7190 0.1563
57195.4003 4.1505 0.3117
57419.5304 4.1461 0.1107
57104.5235 3.3366 0.0768
