52730.5705 3.9425 0.0259
53911.3299 2.2803 0.0172
53462.4959 2.6482 0.0253
53853.4352 1.6236 0.0144
53851.4210 1.6897 0.0160
53586.2942 2.7031 0.0106
54186.5147 2.4980 0.0161
53847.5758 1.6965 0.0219
57420.5763 1.6589 0.0289
53524.3013 2.3717 0.0099
52710.6200 3.9348 0.0132
54531.5773 3.8929 0.0096
53583.3046 2.6594 0.0109
54570.4284 3.5134 0.0218
53799.4817 2.1154 0.0157
52817.2960 3.8473 0.0243
53505.3888 2.5081 0.0165
56801.3688 1.9311 0.0393
53769.6082 2.1822 0.0098
54561.4254 3.6171 0.0110
53466.6126 2.6683 0.0119
53146.4901 3.1002 0.0120
54535.5077 3.9310 0.0111
54117.6461 2.2627 0.0099
54524.5266 3.9571 0.0177
53553.4142 2.2337 0.0112
53578.3431 2.7125 0.0155
53411.6236 3.1500 0.0110
54600.4459 3.4145 0.0271
54557.5455 3.7142 0.0118
53121.5132 3.2023 0.0114
54591.3863 3.5453 0.0109
54563.4941 3.5964 0.0123
52813.3474 3.8061 0.0148
54588.5522 3.5328 0.0153
53175.3845 2.9045 0.0111
53200.2667 2.8003 0.0115
53109.5778 3.1809 0.0160
54183.5063 2.5342 0.0118
53551.3290 2.2798 0.0106
53939.3067 2.6913 0.0117
56833.3478 1.9697 0.0376
53446.5324 2.6281 0.0110
53943.3027 2.6575 0.0117
53138.4614 3.1375 0.0124
53178.3751 2.8472 0.0109
53149.3330 3.0707 0.0113
53906.3684 2.1281 0.0128
52722.5967 3.9526 0.0238
53390.6489 3.2265 0.0120
53117.4850 3.2328 0.0112
53766.6170 2.1978 0.0103
53495.4394 2.7293 0.0117
53083.6071 3.2253 0.0121
54528.5221 3.9531 0.0103
54176.5642 2.5003 0.0112
54124.6309 2.2478 0.0103
54594.4526 3.5310 0.0112
53165.4100 2.9224 0.0109
54209.4932 2.3697 0.0112
53772.6264 2.1700 0.0116
53195.3465 2.8204 0.0110
53743.6336 2.2008 0.0097
52792.4193 3.9213 0.0200
54538.5772 3.9474 0.0134
54113.6612 2.2323 0.0143
53502.3879 2.6379 0.0123
54262.4016 2.6826 0.0131
54597.4509 3.4883 0.0111
54120.6630 2.2557 0.0144
54151.6503 2.3915 0.0136
54153.5968 2.4447 0.0126
52791.4573 3.9060 0.0206
56831.3363 2.0422 0.0366
52721.6238 3.9704 0.0322
56798.4422 1.9796 0.0398
53936.3074 2.6333 0.0129
54144.5888 2.3905 0.0126
54511.5807 3.9868 0.0111
56723.5097 1.4355 0.0403
56809.4772 1.9032 0.0459
53527.3526 2.3424 0.0120
54614.3924 3.3014 0.0133
54255.3352 2.6616 0.0183
57547.4125 1.4467 0.0295
54621.4059 3.2512 0.0125
56741.6278 1.8589 0.0595
53531.3614 2.3043 0.0124
54266.2923 2.7424 0.0127
56807.3096 2.0220 0.0410
56780.3275 1.8842 0.0430
54234.4877 2.3095 0.0121
53859.3669 1.7510 0.0164
56778.3170 2.0288 0.0422
56776.4795 1.9589 0.0398
56781.3691 1.8607 0.0476
54213.5722 2.3207 0.0152
57123.5698 2.1037 0.0550
57213.3079 1.8972 0.0299
57223.3832 1.7285 0.0339
57134.4907 2.4081 0.0383
54179.5227 2.4969 0.0122
56751.3634 1.9605 0.0407
56805.4306 1.9671 0.0403
53883.3893 1.8239 0.0129
54624.3808 3.1698 0.0126
57433.5460 1.7328 0.0290
56835.3395 2.0225 0.0370
53875.3594 1.7693 0.0114
53855.4161 1.7228 0.0119
57216.2975 1.6962 0.0321
56744.5358 1.9215 0.0429
56772.5585 1.9119 0.0477
54259.3128 2.6907 0.0117
56722.4684 1.5851 0.0377
57492.5660 1.7722 0.0349
53469.5188 2.6814 0.0128
57542.3791 1.5976 0.0288
53916.3248 2.3920 0.0164
56715.5711 1.4621 0.0350
53473.5879 2.7467 0.0144
56712.4997 1.3935 0.0382
57220.2845 1.9570 0.0343
56841.3393 1.9863 0.0441
54205.4858 2.4238 0.0140
54618.4140 3.2924 0.0124
57520.3333 1.7957 0.0374
54229.4787 2.2593 0.0208
53500.3158 2.6491 0.0128
53888.4064 1.8830 0.0136
53518.4479 2.3833 0.0268
57479.5663 1.7532 0.0372
56803.4885 1.9117 0.0516
56837.3417 1.9036 0.0390
57191.4517 2.2688 0.0360
53892.3770 1.9612 0.0237
53879.3083 1.8241 0.0125
54201.4537 2.4870 0.0130
57157.4650 2.3461 0.0379
57160.5054 2.5332 0.0376
56811.4533 1.9275 0.0375
56839.3341 2.0550 0.0433
57508.4284 1.6749 0.0313
56783.3659 2.0540 0.0514
53523.4186 2.3463 0.0206
57166.3513 1.5066 0.0423
52790.3997 4.0258 0.0235
54620.3589 3.2360 0.0280
53563.3393 2.2670 0.0231
57185.4838 2.1145 0.0522
53463.5877 2.6403 0.0242
53122.5059 3.1900 0.0099
57105.5730 2.0297 0.0532
57078.4898 1.9293 0.0462
53890.4800 2.0191 0.0614
53198.3064 2.7959 0.0913
54619.3119 3.2932 0.0633
57104.5182 1.7802 0.0504
