57420.5718 8.5971 0.0357
56833.3442 7.6724 0.0452
53147.4525 7.0033 0.0092
52814.3124 7.3794 0.0105
56741.6247 8.5190 0.0678
56805.4265 7.8253 0.0526
56781.3651 7.9210 0.0569
57492.5616 11.0612 0.0467
56798.4382 7.8739 0.0489
57542.3753 10.9397 0.0451
56841.3344 7.4769 0.0549
57157.4605 7.2351 0.0453
57520.3289 10.9820 0.0488
56801.3611 7.9133 0.0533
56776.4755 7.9038 0.0507
56809.4728 7.8439 0.0549
56839.3294 7.4936 0.0529
57508.4244 11.1321 0.0469
57191.4470 8.0768 0.0435
56722.4643 8.5582 0.0511
57134.4858 6.3844 0.0428
56835.3351 7.4667 0.0479
56723.5056 7.9135 0.0526
56811.4492 7.9020 0.0490
57223.3789 7.9693 0.0441
57216.2922 7.9002 0.0445
56778.3129 8.0138 0.0543
56783.3617 8.0980 0.0620
57220.2801 8.1031 0.0451
56772.5541 7.9656 0.0588
56807.3055 7.9502 0.0510
56780.3231 7.8014 0.0538
56837.3376 7.4661 0.0502
56831.3322 7.6559 0.0473
57547.4087 10.9291 0.0455
56751.3593 7.7820 0.0527
56744.5318 8.4813 0.0539
56712.4957 8.6509 0.0518
57479.5619 10.8457 0.0482
56715.5670 6.9743 0.0462
57213.3036 7.9119 0.0407
57433.5416 9.2968 0.0423
56803.4819 7.8689 0.0726
57160.4616 7.7350 0.0518
57078.4859 7.7862 0.0473
57166.3455 7.7038 0.0575
57105.5711 7.2025 0.0660
57104.5060 7.5221 0.0559
57185.4795 8.0721 0.0757
57123.5621 7.4906 0.0846
57567.3097 10.7405 0.1208
