53462.4907 1.9572 0.0224
53911.3288 1.9391 0.0167
52730.5734 1.7178 0.0199
53851.4182 1.7658 0.0143
53847.5762 1.8264 0.0223
53853.4352 1.7720 0.0145
53586.2942 1.9428 0.0103
53524.3013 1.8310 0.0087
54186.5147 1.8073 0.0158
54531.5740 1.7034 0.0078
57420.5763 1.8764 0.0288
53466.6127 1.9744 0.0101
52710.6200 1.8160 0.0120
53583.3046 1.9616 0.0105
54570.4284 1.7615 0.0213
53799.4817 1.7120 0.0154
52817.2960 1.7900 0.0220
54262.4012 1.9150 0.0116
54209.4929 1.7681 0.0098
54624.3824 1.8478 0.0097
53505.3888 1.8808 0.0163
53769.6082 1.8405 0.0096
54561.4254 1.7276 0.0098
54535.5077 1.7017 0.0096
54151.6503 1.8191 0.0117
54153.5968 1.7952 0.0108
53146.4901 1.8698 0.0113
54117.6461 1.7318 0.0095
54524.5266 1.6912 0.0167
53553.4142 1.9500 0.0110
54144.5888 1.8093 0.0109
53578.3431 1.9555 0.0150
53411.6236 2.0681 0.0103
54511.5807 1.7509 0.0083
54213.5722 1.7488 0.0131
54614.3924 1.8573 0.0110
53936.3074 1.8300 0.0110
54255.3352 1.9327 0.0161
54600.4459 1.8585 0.0267
53200.2667 1.8612 0.0109
54621.4059 1.8600 0.0102
54266.2923 1.9198 0.0108
54557.5455 1.7240 0.0105
54234.4877 1.8707 0.0105
53859.3669 1.7251 0.0146
54229.4787 1.8655 0.0184
53121.5132 1.8412 0.0105
54591.3863 1.8027 0.0098
54563.4941 1.7001 0.0110
52813.3474 1.8029 0.0133
54588.5522 1.7697 0.0143
53175.3845 1.9428 0.0104
53883.3893 1.7900 0.0115
54183.5063 1.7549 0.0112
53551.3290 1.9452 0.0104
53939.3067 1.8456 0.0111
53875.3594 1.7481 0.0102
53772.6264 1.8086 0.0114
52792.4193 1.8213 0.0185
54201.4537 1.8029 0.0112
53446.5324 1.9713 0.0105
53943.3027 1.8555 0.0111
54259.3128 1.9462 0.0099
53138.4614 1.8412 0.0115
53109.5778 1.9095 0.0152
53469.5188 1.9823 0.0110
53178.3751 1.9357 0.0103
53149.3330 1.9012 0.0106
53906.3684 1.9608 0.0127
52722.5967 1.7650 0.0229
53390.6489 1.9925 0.0112
53531.3615 1.9041 0.0108
53916.3248 1.8982 0.0140
53117.4850 1.8574 0.0103
53766.6170 1.8463 0.0100
53495.4394 1.8855 0.0111
53473.5879 1.9837 0.0124
54176.5642 1.7569 0.0106
54124.6309 1.7379 0.0100
54205.4858 1.8055 0.0120
54594.4526 1.8177 0.0100
53165.4100 1.9301 0.0102
54618.4140 1.8927 0.0101
53527.3526 1.8284 0.0104
53122.4995 1.8539 0.0070
53195.3465 1.9208 0.0103
53743.6336 1.7810 0.0094
54179.5219 1.7540 0.0104
53518.4479 1.8543 0.0236
54538.5772 1.6771 0.0117
54113.6612 1.7346 0.0140
53083.6071 1.9270 0.0113
53855.4161 1.7364 0.0107
53502.3879 1.8893 0.0119
54597.4509 1.8334 0.0099
53892.3770 1.9300 0.0212
54120.6630 1.7305 0.0141
53879.3083 1.7907 0.0112
53500.3158 1.9207 0.0110
53888.4064 1.8175 0.0121
54528.5221 1.7430 0.0089
52791.4573 1.8431 0.0191
52721.6238 1.7744 0.0312
56780.3275 2.0434 0.0433
56778.3170 2.0338 0.0422
56776.4795 2.2191 0.0404
56781.3691 2.0745 0.0478
57433.5460 1.8206 0.0296
56772.5585 1.9881 0.0475
52790.4020 1.8590 0.0373
56803.4885 2.0940 0.0519
53523.4194 1.8281 0.0178
56783.3659 2.0221 0.0509
56833.3500 2.1371 0.0512
54620.3589 1.9063 0.0260
53563.3393 1.9872 0.0229
53463.5877 1.9612 0.0238
56798.4432 2.1959 0.0580
56722.4695 2.1382 0.0557
57157.4661 1.8232 0.0524
57520.3344 1.6194 0.0530
56712.5008 2.0560 0.0558
56809.4782 1.9984 0.0687
56807.3106 2.0793 0.0571
56831.3373 2.1914 0.0528
57479.5673 1.6594 0.0521
57542.3800 1.7259 0.0421
56801.3664 1.8718 0.0604
57191.4528 1.8108 0.0494
56841.3403 2.2686 0.0611
57123.5713 1.7859 0.0761
56751.3644 2.0413 0.0574
57223.3843 1.7242 0.0481
57216.2995 1.7994 0.0467
57160.5065 1.8626 0.0502
56741.6293 1.9003 0.0825
56744.5368 2.1231 0.0614
56715.5721 1.8663 0.0508
57492.5671 1.6330 0.0506
57078.4898 1.8810 0.0457
57220.2856 1.9179 0.0488
56839.3351 2.1300 0.0612
57166.3518 1.7233 0.0541
57213.3090 1.8371 0.0424
57134.4919 1.6728 0.0502
56837.3427 2.1171 0.0560
57547.4135 1.7994 0.0433
56835.3405 2.0518 0.0534
56805.4316 1.9415 0.0579
57508.4294 1.6930 0.0453
56811.4543 2.1560 0.0539
56723.5107 2.0603 0.0587
53890.4800 1.8114 0.0607
53198.3064 2.0911 0.0903
54619.3119 1.8150 0.0584
57105.5735 1.8242 0.0752
57185.4850 1.8265 0.1100
