57420.5644 3.5803 0.0541
57542.3741 1.3642 0.0251
57479.5612 0.9729 0.0304
57508.4234 1.0026 0.0260
57520.3277 1.1037 0.0309
57433.5415 1.1546 0.0240
57547.4077 1.3252 0.0256
57492.5703 1.0627 0.0360
52816.2956 1.1805 0.0095
56780.3024 1.0257 0.0506
56778.2931 0.9728 0.0474
56712.4759 1.0034 0.0447
56783.3366 1.1467 0.0570
56781.3454 0.9697 0.0537
56837.3174 1.6540 0.0562
56751.3394 0.9827 0.0525
57213.2831 1.1613 0.0409
56805.4062 1.5523 0.0576
57220.2589 1.1217 0.0525
56809.4523 1.4026 0.0576
56798.4184 1.2598 0.0520
57160.3618 1.2572 0.0424
57567.2919 1.2580 0.0482
56715.5477 0.8057 0.0527
57078.4473 1.0103 0.0473
57194.4053 1.1847 0.0452
56841.3138 1.5373 0.0671
57133.4165 1.1979 0.0464
56776.4560 1.0234 0.0559
56839.3094 1.3065 0.0605
56803.4017 1.2398 0.0658
57157.4393 1.3628 0.0537
56801.3417 1.4968 0.0590
56811.4297 1.3823 0.0517
56722.4436 0.8774 0.0460
56743.5051 0.9887 0.0453
57185.4571 1.2683 0.0516
57223.3584 1.1305 0.0461
56835.3154 1.6701 0.0528
57216.2717 1.2153 0.0440
56807.2860 1.4865 0.0561
56831.3127 1.6081 0.0526
57459.5435 0.9462 0.0448
56833.3217 1.6791 0.0549
56744.5503 0.9450 0.0764
57195.4013 1.2962 0.0719
56741.5917 1.0525 0.0691
56723.4869 0.8046 0.0669
57134.4690 1.1120 0.0793
57191.4241 1.2337 0.0752
54620.3656 1.9791 0.0440
56772.5331 0.9168 0.0752
57104.4590 1.1781 0.0619
53770.6182 1.2007 0.0224
57105.5608 1.1244 0.0719
57166.3221 1.1331 0.1029
