57420.5718 8.3848 0.0346
56833.3442 9.9568 0.0462
52813.3181 8.5583 0.0106
56741.6247 9.3591 0.0665
56805.4265 9.8441 0.0530
56781.3651 9.7260 0.0568
52814.3124 8.3682 0.0122
57492.5616 8.2214 0.0420
56798.4382 9.7786 0.0494
57542.3753 8.1281 0.0401
56841.3344 9.9106 0.0559
57157.4605 8.3417 0.0452
57520.3289 8.3266 0.0451
56801.3611 9.9198 0.0539
57213.3036 7.7924 0.0390
56809.4728 9.9187 0.0552
56839.3294 10.0377 0.0542
56712.4957 9.7146 0.0513
57508.4244 8.2148 0.0418
57191.4470 7.8037 0.0419
56722.4643 9.4743 0.0503
57134.4858 8.4627 0.0440
56835.3351 9.9476 0.0494
56723.5056 9.5567 0.0527
56811.4492 9.8867 0.0495
57223.3789 7.8333 0.0425
57216.2922 7.9364 0.0429
56778.3129 9.7338 0.0543
56783.3617 9.7547 0.0614
57220.2801 7.8887 0.0432
57479.5619 8.3264 0.0446
56807.3055 9.8507 0.0515
56780.3231 9.7462 0.0540
56837.3376 10.0039 0.0516
56831.3322 10.0301 0.0486
57547.4087 7.9104 0.0400
56751.3593 9.3999 0.0526
56744.5318 9.3281 0.0527
56772.5541 9.6568 0.0589
56715.5670 9.8124 0.0482
56776.4755 9.6130 0.0509
57433.5416 8.3341 0.0398
56803.4819 9.9854 0.0726
57160.4616 8.2643 0.0507
57078.4859 9.2108 0.0480
57166.3455 8.2414 0.0566
57105.5711 8.9334 0.0675
56829.3180 9.8576 0.0655
57104.5060 8.9243 0.0568
57185.4795 7.8382 0.0730
57123.5621 8.4841 0.0840
56865.2991 10.0895 0.0696
57567.3097 7.7490 0.1075
