57420.5763 3.0050 0.0312
56801.3688 2.6885 0.0428
56833.3478 2.9119 0.0417
53147.4525 2.8849 0.0077
56744.5358 2.9657 0.0468
56776.4795 2.8681 0.0434
56772.5585 2.8758 0.0501
56723.5097 2.9104 0.0453
56781.3691 2.7839 0.0513
57123.5698 2.5433 0.0560
56831.3363 2.8928 0.0409
57213.3079 2.5649 0.0331
57223.3832 2.6493 0.0373
57134.4907 2.5780 0.0404
56798.4422 2.7816 0.0431
56722.4684 2.8955 0.0424
56839.3341 2.9899 0.0473
57160.5054 2.6550 0.0396
56751.3634 2.8851 0.0444
56805.4306 2.7414 0.0443
57520.3333 3.1082 0.0401
57542.3791 3.0568 0.0339
56809.4772 2.7232 0.0497
57479.5663 3.2123 0.0403
56803.4885 2.7325 0.0558
56837.3417 3.0440 0.0435
57433.5460 3.1595 0.0340
56835.3395 2.9291 0.0414
57547.4125 3.0795 0.0353
57492.5660 3.1864 0.0396
56715.5711 2.8228 0.0400
57191.4517 2.5409 0.0387
56741.6278 3.0998 0.0629
56712.4997 2.8917 0.0431
56778.3170 2.7960 0.0456
57220.2845 2.5322 0.0378
57157.4650 2.6735 0.0402
56807.3096 2.7712 0.0453
56780.3275 2.7205 0.0464
56811.4533 2.8053 0.0415
56841.3393 2.9541 0.0471
57508.4284 3.2148 0.0362
57216.2975 2.5503 0.0360
56783.3659 2.9647 0.0540
57185.4838 2.7460 0.0556
57166.3513 2.6468 0.0452
57078.4898 2.7507 0.0508
57105.5730 2.6543 0.0590
57104.5182 2.5822 0.0548
54620.3618 2.4977 0.0451
