52730.5705 6.1211 0.0283
53462.4908 3.5483 0.0334
53847.5729 3.9012 0.0256
53911.3288 4.3124 0.0181
53851.4182 3.8597 0.0156
56801.3749 4.5666 0.0302
53853.4352 3.8639 0.0158
53586.2942 4.3710 0.0117
53524.3013 3.8172 0.0099
54186.5147 4.4124 0.0169
52698.6084 5.7554 0.0116
54531.5740 3.9015 0.0091
57420.5809 5.2572 0.0327
53466.6127 3.4229 0.0111
52710.6200 5.9164 0.0141
53583.3046 4.4054 0.0122
54570.4284 3.8436 0.0223
53799.4817 4.0254 0.0175
52817.2960 5.6844 0.0270
54262.4012 3.9708 0.0129
54209.4929 4.3905 0.0116
54624.3824 4.1030 0.0113
57191.4580 4.5748 0.0358
53505.3888 3.7907 0.0176
56833.3526 4.3705 0.0368
53769.6082 4.2023 0.0113
54561.4254 3.7755 0.0112
53146.4901 3.9026 0.0128
54151.6503 4.5350 0.0137
54153.5968 4.4377 0.0128
54117.6461 4.1719 0.0114
54524.5266 3.7957 0.0180
53553.4142 3.8439 0.0126
54144.5888 4.5434 0.0128
53578.3431 4.3362 0.0171
53411.6236 3.7083 0.0116
54511.5807 3.7193 0.0098
54213.5722 4.3234 0.0150
54614.3924 4.0186 0.0125
53936.3074 4.0026 0.0126
54255.3352 4.1180 0.0173
54600.4459 3.8937 0.0280
53446.5324 3.8803 0.0121
54621.4059 4.1025 0.0119
52790.4028 5.5525 0.1378
54266.2923 3.9874 0.0123
54557.5455 3.8078 0.0120
54234.4877 4.1631 0.0122
53859.3669 3.8537 0.0159
53200.2667 3.4145 0.0120
53473.5879 3.3221 0.0137
53121.5132 3.9643 0.0121
54591.3863 3.7622 0.0112
54179.5219 4.4083 0.0123
54563.4941 3.8249 0.0125
52813.3474 5.6445 0.0162
54588.5522 3.6862 0.0157
53175.3845 3.7195 0.0117
53883.3893 3.9566 0.0132
53109.5778 4.1798 0.0168
54183.5063 4.4062 0.0131
53551.3290 3.7837 0.0119
53939.3067 3.9607 0.0127
53875.3594 3.8492 0.0118
53772.6264 4.2711 0.0133
52792.4193 5.7763 0.0218
54201.4537 4.4594 0.0131
53527.3526 3.8193 0.0119
54535.5077 3.8666 0.0112
53943.3027 3.9235 0.0127
54259.3128 4.0070 0.0114
53138.4614 3.8445 0.0130
53469.5188 3.4148 0.0122
53178.3751 3.7257 0.0116
53149.3330 3.8677 0.0119
53906.3684 4.1227 0.0144
52722.5967 6.1137 0.0250
53390.6489 3.9126 0.0126
53531.3615 3.7771 0.0124
53916.3248 4.1744 0.0158
53117.4850 4.0392 0.0119
53766.6170 4.1338 0.0119
53495.4394 3.5862 0.0125
52815.2953 5.6957 0.0096
54176.5642 4.4160 0.0125
54124.6309 4.2263 0.0118
54205.4858 4.4335 0.0139
54594.4526 3.7785 0.0115
53165.4100 3.6611 0.0115
54618.4140 4.0998 0.0116
53195.3465 3.5347 0.0115
53743.6336 4.1756 0.0112
54229.4787 4.1591 0.0196
53518.4479 3.7934 0.0248
54538.5772 3.7715 0.0133
54113.6612 4.1610 0.0154
53083.6071 4.2577 0.0129
53855.4161 3.8531 0.0123
53502.3879 3.6950 0.0133
54597.4509 3.7826 0.0114
53892.3770 4.1169 0.0225
54120.6630 4.2097 0.0156
53879.3083 3.8841 0.0128
53500.3158 3.6672 0.0123
53888.4064 4.0299 0.0137
54528.5221 3.9198 0.0104
56712.5038 4.4765 0.0447
52791.4573 5.8306 0.0223
56751.3675 4.6458 0.0464
52721.6238 6.1052 0.0336
57433.5504 5.5052 0.0360
56744.5399 4.5556 0.0487
56837.3458 4.2916 0.0452
56772.5627 4.3095 0.0546
57220.2890 4.4660 0.0374
57542.3828 4.5321 0.0345
57520.3376 4.5444 0.0408
57216.3027 4.4104 0.0383
56715.5752 4.4857 0.0419
56839.3381 4.3994 0.0503
56811.4574 4.6014 0.0436
56741.6340 4.4866 0.0665
56783.3699 4.1637 0.0568
56723.5137 4.3792 0.0456
56798.4478 4.5899 0.0486
57547.4163 4.3696 0.0359
57213.3122 4.5792 0.0351
56805.4347 4.5602 0.0472
56831.3404 4.4803 0.0422
57134.4954 4.6952 0.0412
56807.3136 4.5977 0.0437
56778.3210 4.2562 0.0478
56780.3316 4.1901 0.0478
56841.3435 4.4234 0.0499
56781.3732 4.1785 0.0504
57123.5755 4.4733 0.0575
53122.4979 3.9180 0.0090
56776.4836 4.1333 0.0438
56722.4730 4.3243 0.0456
57508.4323 4.3993 0.0366
56809.4820 4.5343 0.0494
57492.5703 4.4333 0.0399
57479.5706 4.7002 0.0413
57223.3876 4.3647 0.0389
56835.3435 4.4036 0.0427
53463.5851 3.4938 0.0224
53523.4194 3.8149 0.0200
56803.4932 4.6933 0.0745
53563.3393 4.0835 0.0252
57157.4700 4.7365 0.0462
57166.3553 4.6485 0.0519
54620.3574 4.1416 0.0380
57160.5099 4.5589 0.0572
57078.4942 4.3329 0.0554
57185.4913 4.5530 0.0613
53890.4800 4.0787 0.0700
53198.3064 3.4180 0.0958
57105.5754 4.6489 0.0886
57104.5235 4.7479 0.0797
