57420.5752 8.0721 0.0285
56833.3463 6.3310 0.0372
57508.4274 8.8441 0.0359
56780.3265 6.5027 0.0413
57216.2961 8.2112 0.0357
57223.3821 8.2455 0.0357
57492.5649 8.9581 0.0373
56783.3648 6.6560 0.0471
56744.5348 7.0702 0.0417
56776.4785 6.8572 0.0394
56801.3688 6.5101 0.0460
56781.3681 6.5101 0.0445
56722.4674 7.3127 0.0390
57157.4639 7.2450 0.0367
57520.3322 8.7253 0.0378
56741.6263 7.0326 0.0530
57213.3068 8.1540 0.0327
56712.4987 7.0850 0.0394
56835.3385 6.2708 0.0369
56839.3331 6.3200 0.0414
57479.5652 8.5831 0.0376
56751.3624 6.9983 0.0406
57433.5449 8.2863 0.0334
56841.3382 6.2965 0.0417
57542.3781 8.5496 0.0338
56778.3160 6.6745 0.0414
57160.5043 7.2597 0.0362
56772.5574 6.7314 0.0453
56837.3407 6.2087 0.0384
57134.4895 7.1376 0.0365
56831.3353 6.3517 0.0365
57191.4505 7.7555 0.0359
57220.2834 8.3776 0.0364
56715.5701 7.1322 0.0370
57547.4116 8.6313 0.0349
56723.5087 7.3423 0.0413
56805.4306 6.4975 0.0485
57123.5698 7.1333 0.0591
57185.4829 7.6026 0.0554
57166.3501 7.3759 0.0464
57078.4881 7.4811 0.0416
56809.4772 6.4946 0.0546
56798.4422 6.6370 0.0474
56803.4885 6.4798 0.0593
56807.3096 6.5042 0.0499
56811.4533 6.4866 0.0460
57105.5725 7.1204 0.0538
57104.5165 7.2434 0.0550
54620.3618 6.0009 0.0526
