56743.5080 15.4793 0.0501
57420.5495 14.5850 0.0420
57567.2958 14.5207 0.0549
52816.2955 10.3254 0.0119
56776.4550 16.8884 0.0639
56780.3019 16.6648 0.0679
56778.2926 16.5943 0.0660
57542.3556 15.4115 0.0526
57547.3894 13.8628 0.0507
57433.5227 15.4176 0.0510
57459.5423 15.2853 0.0549
57133.4154 15.4049 0.0526
57160.3607 15.5232 0.0506
57194.4042 14.9538 0.0521
57157.4382 14.5404 0.0557
56781.3448 16.8309 0.0704
57223.3574 14.8500 0.0529
57213.2820 14.9490 0.0491
57220.2575 14.9741 0.0547
56772.5313 16.8439 0.0678
57520.3067 15.6298 0.0549
57508.4044 15.8595 0.0548
56783.3361 16.9463 0.0707
57216.2706 14.9616 0.0530
57185.4561 13.9101 0.0650
57492.5382 11.5947 0.0628
57191.4231 11.6969 0.0598
57460.4772 15.7267 0.1216
56798.4163 16.5327 0.0826
53467.4953 12.0925 0.0174
57195.4008 14.9636 0.0820
57479.5403 15.3375 0.0760
57166.3209 15.6856 0.0968
56751.3377 16.2185 0.0941
57123.5324 15.7948 0.0916
56744.5477 15.6597 0.0888
57105.5603 16.0388 0.0836
57134.4685 15.5516 0.0895
53770.6182 12.2866 0.0366
57419.5304 15.4704 0.1376
54620.3656 9.5812 0.0635
