57420.5625 11.7578 0.0383
56833.3397 11.4595 0.0455
53496.3516 11.0117 0.0108
56835.3266 11.3747 0.0541
56712.4876 11.6384 0.0567
56783.3499 11.0107 0.0654
56715.5589 11.5628 0.0539
57157.4515 11.2645 0.0508
56722.4562 11.5430 0.0556
56809.4644 11.4963 0.0606
56839.3207 11.2551 0.0582
56841.3254 11.1229 0.0608
56781.3570 11.1347 0.0612
56811.4410 11.4146 0.0548
56751.3512 11.2609 0.0590
56837.3290 11.3483 0.0567
57133.6087 10.9785 0.0603
57213.2951 12.1009 0.0466
56780.3146 10.9487 0.0593
57160.3736 11.2213 0.0457
57123.5514 11.1705 0.0618
56772.5452 11.1686 0.0638
57191.4374 11.7233 0.0527
56805.4182 11.2799 0.0585
56744.5234 11.3320 0.0566
57223.3703 11.9590 0.0498
56798.4301 11.2889 0.0531
57220.2711 11.9034 0.0504
56741.6082 11.4222 0.0710
56803.4723 11.3106 0.0620
57508.4165 12.6080 0.0504
56831.3240 11.3894 0.0541
57134.4821 11.1306 0.0579
56807.2972 11.3209 0.0571
57433.5341 11.9440 0.0467
56778.3048 11.1104 0.0580
56801.3529 11.3800 0.0575
57567.3029 12.0706 0.0527
56776.4673 11.1251 0.0569
57542.3673 12.0683 0.0469
57216.2834 12.0679 0.0500
57547.4010 11.9479 0.0477
57520.3201 12.4235 0.0525
56723.4975 11.4069 0.0580
52793.2667 9.6453 0.0353
57166.3371 11.6261 0.0582
57185.4701 11.7494 0.0751
57479.5522 11.9034 0.0713
57492.5517 12.1863 0.0688
57104.4732 10.9577 0.1007
53474.4508 10.6380 0.0244
53388.6169 9.9368 0.0262
53472.5318 10.5939 0.0298
57078.4740 10.9061 0.1152
