53911.3297 1.1950 0.0148
53851.4182 1.2367 0.0141
52730.5754 2.4230 0.0144
53853.4352 1.2781 0.0143
53586.2942 0.9963 0.0098
53524.3013 1.1351 0.0084
54186.5147 1.2518 0.0156
53462.4836 1.0285 0.0194
54531.5740 1.4643 0.0077
53847.5743 1.3252 0.0209
57420.5763 1.3790 0.0291
53466.6127 1.0611 0.0096
53583.3046 1.0317 0.0100
52710.6200 2.5602 0.0124
54570.4284 1.1734 0.0211
53799.4817 1.1877 0.0151
52817.2960 2.6181 0.0228
54262.4012 1.3387 0.0112
54209.4929 1.3580 0.0095
54624.3824 1.1671 0.0093
53505.3888 1.1619 0.0160
53769.6082 1.2285 0.0091
54561.4254 1.2250 0.0094
54535.5077 1.3947 0.0093
54151.6503 1.2324 0.0112
54153.5968 1.2114 0.0103
54524.5266 1.4184 0.0166
53553.4142 1.0262 0.0103
54144.5888 1.2350 0.0105
53578.3431 1.0044 0.0144
53411.6236 1.0535 0.0095
54511.5807 1.4594 0.0081
54213.5722 1.3504 0.0128
54614.3924 1.1652 0.0104
53936.3074 1.1207 0.0104
54255.3352 1.3931 0.0158
54600.4459 1.1494 0.0265
53200.2667 2.1791 0.0111
54621.4059 1.1587 0.0097
54266.2923 1.3722 0.0104
54557.5455 1.2971 0.0102
54234.4877 1.4201 0.0102
53121.5132 2.3132 0.0108
54591.3863 1.1487 0.0093
54179.5219 1.2718 0.0101
54563.4941 1.2366 0.0107
52813.3474 2.6114 0.0139
54117.6461 1.3356 0.0092
54588.5522 1.1325 0.0139
53175.3845 2.3256 0.0107
53883.3893 1.2002 0.0111
54183.5063 1.2316 0.0108
53859.3669 1.2719 0.0144
53551.3290 1.0647 0.0098
53939.3067 1.1499 0.0106
53875.3594 1.2250 0.0098
53772.6264 1.2112 0.0109
54201.4537 1.3424 0.0108
53446.5324 1.0216 0.0099
53943.3027 1.1418 0.0105
54259.3128 1.3774 0.0094
53138.4614 2.2893 0.0118
53109.5778 2.4129 0.0155
53469.5188 1.0819 0.0103
53178.3751 2.3137 0.0106
53906.3684 1.1325 0.0120
52722.5967 2.6148 0.0232
53390.6489 1.1346 0.0106
53531.3615 1.1017 0.0103
53916.3248 1.1615 0.0136
52792.4193 2.2415 0.0188
53117.4850 2.3529 0.0107
53766.6170 1.2321 0.0095
53495.4394 1.0999 0.0105
53473.5879 1.0703 0.0118
54176.5642 1.2254 0.0102
54124.6309 1.2787 0.0096
54205.4858 1.3464 0.0117
54594.4526 1.3110 0.0096
53165.4100 2.3082 0.0105
54618.4140 1.1699 0.0096
53527.3526 1.1388 0.0099
53122.4995 2.3542 0.0073
53195.3465 2.2323 0.0106
53743.6336 1.2750 0.0090
54229.4787 1.4338 0.0182
53518.4479 1.0789 0.0233
54538.5772 1.3873 0.0115
54113.6612 1.4047 0.0139
53083.6071 2.6751 0.0118
53855.4161 1.2641 0.0104
53502.3879 1.1430 0.0114
54597.4509 1.1419 0.0094
53892.3770 1.2172 0.0210
54120.6630 1.3130 0.0138
53879.3083 1.2950 0.0108
53500.3158 1.1534 0.0105
53888.4064 1.2058 0.0117
54528.5221 1.4795 0.0087
52791.4573 2.1937 0.0194
52721.6238 2.5005 0.0315
56780.3275 1.4530 0.0428
56778.3170 1.2918 0.0413
56776.4795 1.4605 0.0393
56781.3691 1.4583 0.0473
57433.5460 1.3813 0.0297
53146.4880 2.3108 0.0128
56772.5585 1.4582 0.0473
52790.4020 2.2522 0.0377
53149.3314 2.3381 0.0122
53463.5851 1.0157 0.0204
53523.4194 1.0917 0.0173
56783.3659 1.4146 0.0505
54620.3589 1.2366 0.0248
53563.3393 1.0683 0.0222
56801.3690 1.2940 0.0540
56833.3445 1.7380 0.0568
57508.4274 1.4591 0.0468
56744.5348 1.2961 0.0598
56723.5087 1.1986 0.0574
57213.3068 2.0661 0.0439
57123.5684 2.2965 0.0786
56715.5701 1.3802 0.0506
57185.4833 1.9931 0.0556
57220.2834 1.7321 0.0493
57542.3781 1.3909 0.0431
57160.5043 2.0304 0.0545
56811.4523 1.5664 0.0532
56831.3353 1.4703 0.0515
57191.4505 1.9937 0.0519
56835.3385 1.6221 0.0521
57547.4116 1.3655 0.0455
56722.4674 1.3549 0.0530
56841.3382 1.7052 0.0639
57223.3821 2.0061 0.0494
57520.3322 1.4606 0.0538
56798.4412 1.5293 0.0551
56712.4987 1.2791 0.0550
57479.5652 1.4355 0.0546
57078.4898 2.3615 0.0479
56809.4762 1.6484 0.0620
57134.4895 2.2353 0.0567
56839.3331 1.6139 0.0611
56807.3085 1.5066 0.0596
56837.3407 1.7590 0.0563
57492.5650 1.2127 0.0504
56751.3624 1.5135 0.0581
56805.4296 1.4066 0.0560
57216.2954 1.8555 0.0463
53890.4800 1.2899 0.0589
56741.6273 1.3781 0.0753
53198.3064 2.3635 0.0907
57105.5725 2.1801 0.0774
54619.3119 1.1728 0.0562
57104.5182 2.2069 0.0523
57157.4633 1.9313 0.0882
57166.3502 2.0440 0.0681
