57420.5582 4.5644 0.0311
56743.5383 4.9218 0.0444
56741.6094 5.0557 0.0629
53472.4612 4.1985 0.0088
56744.5188 5.1665 0.0460
56780.3104 4.8296 0.0512
56833.3288 4.8029 0.0434
56807.2931 4.7819 0.0477
57479.5491 4.7461 0.0431
56712.4835 4.9530 0.0454
56778.3007 4.7445 0.0463
56837.3245 4.7347 0.0450
57220.2668 4.3595 0.0373
57567.2988 4.7137 0.0364
56776.4632 4.7577 0.0455
57191.4328 4.5205 0.0386
56831.3199 4.9010 0.0423
57216.2792 4.3262 0.0374
56839.3166 4.9031 0.0476
57223.3660 4.3341 0.0382
56841.3211 4.9108 0.0525
57194.4128 4.6674 0.0379
56722.4512 5.0285 0.0448
57542.3634 4.8804 0.0365
56723.4935 4.8506 0.0499
56805.4134 4.6273 0.0465
57508.4126 4.7723 0.0366
57185.4654 4.7321 0.0428
56781.3529 4.7324 0.0512
57433.5303 4.6745 0.0347
56801.3488 4.8478 0.0458
57492.5483 4.6721 0.0415
57520.3156 4.7788 0.0435
56811.4368 4.8374 0.0422
56772.5406 4.7736 0.0564
56809.4595 4.7544 0.0464
56803.4668 4.6515 0.0514
56798.4255 4.6878 0.0415
56783.3458 4.8057 0.0561
56715.5548 5.0050 0.0427
57160.3693 4.6830 0.0346
57547.3970 4.5995 0.0354
57213.2908 4.3342 0.0342
56835.3225 4.7759 0.0420
56751.3471 4.9101 0.0490
57157.4471 4.6572 0.0415
57123.5441 4.4513 0.0682
57104.4669 4.2731 0.0630
57133.6028 4.2605 0.0549
57459.5499 4.7365 0.0534
57134.4738 4.3706 0.0620
57166.3310 4.6745 0.0698
54620.3631 3.6483 0.0479
