57420.5648 2.4575 0.0287
57191.4456 2.4221 0.0335
56833.3407 2.2068 0.0360
57134.4846 2.6357 0.0371
56839.3248 2.1517 0.0428
56751.3553 2.2931 0.0430
56831.3281 2.1175 0.0369
56783.3558 2.3600 0.0562
57520.3246 2.2244 0.0376
56805.4223 2.2719 0.0422
56723.5016 2.0954 0.0409
57479.5576 2.3248 0.0374
57123.5575 2.5807 0.0542
57542.3711 2.2043 0.0293
57160.3779 2.4531 0.0308
57157.4560 2.5010 0.0375
57216.2878 2.3740 0.0336
56798.4341 2.3440 0.0381
56835.3306 2.2889 0.0378
56803.4771 2.4333 0.0505
56837.3334 2.1223 0.0400
57492.5572 2.2968 0.0353
56809.4686 2.3124 0.0427
56776.4714 2.3195 0.0398
56741.6140 2.2427 0.0590
56778.3088 2.2567 0.0423
56801.3570 2.4134 0.0418
56780.3187 2.2988 0.0442
56744.5276 2.1872 0.0423
57433.5379 2.3974 0.0295
57223.3746 2.4083 0.0346
56715.5630 2.2480 0.0374
56781.3610 2.3156 0.0479
57220.2754 2.3710 0.0344
56811.4451 2.1547 0.0379
56722.4603 2.0897 0.0390
57508.4204 2.3079 0.0324
56807.3013 2.3188 0.0379
56841.3295 2.0955 0.0466
57567.3072 2.2489 0.0343
56712.4916 2.0604 0.0402
57547.4049 2.2900 0.0305
56772.5497 2.3259 0.0485
57213.2988 2.3987 0.0372
53472.5339 2.5162 0.0123
57104.4873 2.4067 0.0423
57166.3406 2.3657 0.0632
57185.4755 2.3898 0.0420
57078.4806 2.4764 0.0478
57105.5696 2.6665 0.0771
53474.4508 2.5353 0.0177
53770.6220 2.6738 0.0263
54620.3581 2.3666 0.0444
