52730.5705 3.2407 0.0258
53462.4908 2.4026 0.0331
53847.5729 3.3019 0.0255
53911.3288 3.7500 0.0179
53851.4182 3.3037 0.0154
53853.4352 3.2605 0.0156
53586.2942 2.8390 0.0111
56801.3749 2.5503 0.0308
53524.3013 2.6849 0.0094
54186.5147 3.7803 0.0167
52698.6084 3.1486 0.0102
54531.5740 4.4215 0.0093
57420.5809 2.2072 0.0300
53466.6127 2.5505 0.0107
52710.6200 3.2975 0.0129
53583.3046 2.8742 0.0114
54570.4284 4.3399 0.0225
53799.4817 3.2733 0.0170
52817.2960 2.9500 0.0245
54262.4012 4.2753 0.0131
54209.4929 3.6578 0.0111
54624.3824 4.4330 0.0115
57191.4580 2.5663 0.0333
53505.3888 2.6778 0.0172
56833.3526 2.4145 0.0343
53769.6082 3.2569 0.0107
54561.4254 4.2795 0.0115
53146.4901 2.6812 0.0121
54151.6503 3.9061 0.0133
54153.5968 3.8727 0.0125
54117.6461 3.8853 0.0112
54524.5266 4.5252 0.0183
53553.4142 2.7286 0.0119
54144.5888 3.8751 0.0124
53578.3431 2.7664 0.0161
53411.6236 2.3962 0.0107
54511.5807 4.6288 0.0104
54213.5722 3.6756 0.0146
54614.3924 4.4803 0.0128
53936.3074 3.7366 0.0125
54255.3352 4.2611 0.0173
54600.4459 4.6130 0.0281
53446.5324 2.4505 0.0112
54621.4059 4.4712 0.0121
54266.2923 4.3855 0.0125
54557.5455 4.3522 0.0123
54234.4877 3.8711 0.0120
53859.3669 3.3289 0.0156
53200.2667 3.0246 0.0117
53473.5879 2.5691 0.0132
53121.5132 2.6464 0.0113
54591.3863 4.5611 0.0116
54179.5219 3.6901 0.0118
54563.4941 4.2962 0.0128
52813.3474 2.9802 0.0145
54588.5522 4.5076 0.0161
53175.3845 2.8776 0.0112
53883.3893 3.5007 0.0129
53109.5778 2.6750 0.0161
54183.5063 3.6615 0.0127
53551.3290 2.7126 0.0113
53939.3067 3.7589 0.0126
53875.3594 3.3592 0.0115
53772.6264 3.2223 0.0126
52792.4193 3.0696 0.0202
54201.4537 3.6120 0.0125
53527.3526 2.7166 0.0113
54535.5077 4.3823 0.0115
53943.3027 3.7697 0.0126
54259.3128 4.2611 0.0116
53138.4614 2.7108 0.0124
53469.5188 2.5873 0.0117
53178.3751 2.8987 0.0111
53149.3330 2.7404 0.0113
53906.3684 3.5779 0.0140
52722.5967 3.3025 0.0239
53390.6489 2.4841 0.0118
53531.3615 2.6857 0.0117
53916.3248 3.6509 0.0155
53117.4850 2.6236 0.0110
53766.6170 3.2687 0.0113
53495.4394 2.5749 0.0119
52815.2953 2.9803 0.0085
54176.5642 3.7005 0.0121
54124.6309 3.9110 0.0116
54205.4858 3.6671 0.0135
54594.4526 4.5352 0.0120
53165.4100 2.7900 0.0110
54618.4140 4.5140 0.0119
53743.6336 3.0402 0.0105
54229.4787 3.7379 0.0195
53518.4479 2.6437 0.0245
54113.6612 3.8711 0.0153
53083.6071 2.5974 0.0119
53855.4161 3.2747 0.0119
53502.3879 2.6247 0.0127
54597.4509 4.5331 0.0118
53892.3770 3.5102 0.0223
54120.6630 3.8918 0.0154
53879.3083 3.3951 0.0125
53500.3158 2.6394 0.0117
53888.4064 3.4954 0.0134
54528.5221 4.5322 0.0107
56712.5038 2.8260 0.0421
52791.4573 3.0239 0.0205
56751.3675 2.6996 0.0435
52721.6238 3.3299 0.0325
57433.5504 2.3898 0.0306
56744.5399 2.7849 0.0460
56837.3458 2.5041 0.0424
56772.5627 2.6249 0.0524
57220.2890 2.5629 0.0345
57542.3828 3.2588 0.0323
53195.3454 2.9942 0.0125
57216.3027 2.5468 0.0352
56715.5752 2.8112 0.0392
56839.3381 2.4589 0.0473
57520.3376 3.2609 0.0393
56811.4574 2.5845 0.0404
56783.3699 2.5875 0.0549
56723.5137 2.9157 0.0433
56798.4478 2.4973 0.0457
57547.4163 3.2970 0.0341
57213.3122 2.5420 0.0318
56805.4347 2.4573 0.0439
56831.3404 2.4651 0.0389
57134.4954 2.8531 0.0387
56807.3136 2.5639 0.0403
56778.3210 2.5675 0.0451
56780.3316 2.6077 0.0455
52790.4020 3.1168 0.0401
56841.3435 2.4414 0.0472
56781.3732 2.6309 0.0481
57123.5755 2.9581 0.0564
56776.4836 2.5796 0.0414
54538.5756 4.3633 0.0153
56722.4730 2.7973 0.0432
57508.4323 3.3367 0.0348
56809.4820 2.4635 0.0463
57492.5703 3.1377 0.0378
57479.5706 2.7948 0.0390
57223.3876 2.6731 0.0364
56835.3435 2.4686 0.0394
53463.5851 2.5062 0.0219
53523.4194 2.6627 0.0192
53563.3393 2.6979 0.0243
56741.6341 2.9402 0.0826
57157.4700 2.8063 0.0433
57166.3553 2.6918 0.0489
54620.3574 4.4934 0.0386
57160.5099 2.7903 0.0536
57078.4942 2.7989 0.0520
57185.4913 2.5234 0.0578
56803.4930 2.5688 0.0989
53890.4800 3.5090 0.0684
53198.3064 3.0413 0.0954
57105.5754 3.0364 0.0832
57104.5235 2.9649 0.0738
