53147.4525 1.2567 0.0069
57420.5729 1.3262 0.0429
57542.3762 2.1064 0.0455
57191.4483 0.8223 0.0492
57157.4616 0.8016 0.0521
56811.4503 0.9054 0.0552
56837.3387 0.8855 0.0581
56776.4765 1.0155 0.0580
57216.2933 0.7365 0.0483
57547.4097 1.8884 0.0464
56831.3332 0.7469 0.0525
57508.4254 2.2180 0.0500
56723.5066 1.0721 0.0607
56722.4653 1.1601 0.0568
56715.5680 1.3200 0.0535
56801.3622 1.1097 0.0634
57213.3047 0.8086 0.0430
57078.4864 0.8050 0.0472
57134.4872 0.7655 0.0525
57160.5021 0.8335 0.0513
56835.3364 0.8487 0.0538
56833.3424 0.8368 0.0542
56805.4276 1.0554 0.0611
56772.5552 1.2094 0.0738
56807.3065 0.9878 0.0565
57220.2812 0.7167 0.0477
56841.3362 0.9683 0.0665
57520.3300 2.0633 0.0565
57492.5628 1.8503 0.0485
56744.5328 1.1637 0.0608
57433.5426 1.4725 0.0435
56798.4392 1.2766 0.0571
56781.3661 1.0931 0.0666
56839.3310 0.8296 0.0622
56751.3603 1.1452 0.0615
56809.4739 0.9793 0.0630
56783.3628 1.2366 0.0757
56780.3244 1.0384 0.0626
57479.5630 1.8245 0.0552
56712.4967 1.4255 0.0594
56778.3139 1.1909 0.0639
57185.4800 1.0187 0.1087
57104.5148 0.9834 0.0704
57223.3806 0.8165 0.0586
57166.3465 0.6953 0.0901
57105.5716 0.7894 0.0743
56741.6244 1.1510 0.0673
