57420.5568 4.0610 0.0344
56743.5233 3.8140 0.0397
56803.4428 3.7827 0.0468
53472.4612 2.7472 0.0083
56741.6039 3.8168 0.0620
57220.2624 4.0169 0.0409
56801.3447 4.0135 0.0456
57133.5964 4.0152 0.0467
56722.4472 3.6544 0.0435
56841.3171 3.6926 0.0506
56723.4894 3.8221 0.0462
57194.4085 3.7088 0.0370
57433.5265 4.2538 0.0354
56798.4214 3.9596 0.0415
57223.3617 4.0260 0.0386
56751.3430 3.7649 0.0492
56783.3403 3.9975 0.0561
56772.5360 3.9142 0.0518
57185.4684 3.7199 0.0487
57160.3650 3.7879 0.0347
57542.3595 4.4607 0.0365
57157.4427 3.8844 0.0405
56712.4795 3.6652 0.0455
57459.5467 4.1401 0.0402
57216.2749 3.9564 0.0378
57547.3932 4.5232 0.0371
56811.4327 3.9036 0.0416
57567.2949 4.6118 0.0409
56715.5507 3.6349 0.0428
57479.5453 4.3375 0.0470
56805.4093 3.9639 0.0452
56835.3184 3.7151 0.0415
56744.5528 3.7586 0.0481
57508.4085 4.5052 0.0370
56781.3489 3.8554 0.0507
56776.4591 3.9811 0.0441
56837.3204 3.6409 0.0434
57078.4502 4.2045 0.0483
57213.2865 4.0557 0.0347
56780.3062 3.9227 0.0514
56831.3158 3.7492 0.0418
56778.2967 3.9850 0.0472
56833.3247 3.6810 0.0412
56807.2890 3.8868 0.0448
56839.3123 3.7439 0.0526
57492.5435 4.3951 0.0420
56809.4559 3.9123 0.0509
57134.4710 3.9541 0.0481
57520.3101 4.5966 0.0610
57195.4028 3.6250 0.0599
57104.4634 4.2617 0.0759
57191.4276 3.7053 0.0669
57123.5397 4.0748 0.1307
57105.5621 4.4899 0.0852
57166.3288 3.8959 0.0868
