57420.5540 4.7154 0.0320
56743.5233 4.5143 0.0405
56803.4428 4.2347 0.0474
53472.4612 8.4283 0.0104
56741.6039 4.5739 0.0627
57220.2624 5.1140 0.0424
56801.3447 4.3606 0.0461
56837.3204 4.5779 0.0449
56722.4472 4.5845 0.0450
56841.3171 4.6541 0.0518
56723.4894 4.4896 0.0472
57194.4085 5.1617 0.0392
57433.5265 4.7055 0.0362
56798.4214 4.4332 0.0423
57223.3617 5.0803 0.0402
56751.3430 4.4969 0.0502
56783.3403 4.4374 0.0566
56772.5360 4.2711 0.0523
57160.3650 5.3661 0.0371
57542.3595 4.6591 0.0368
57157.4427 5.4143 0.0427
56712.4795 4.5817 0.0469
57459.5467 4.5016 0.0407
57547.3932 4.4670 0.0371
56811.4327 4.4448 0.0425
56715.5507 4.5640 0.0442
57479.5453 4.7334 0.0475
56805.4093 4.3841 0.0458
56835.3184 4.5269 0.0428
56744.5528 4.5017 0.0493
57508.4085 4.8631 0.0376
56781.3489 4.3387 0.0514
56776.4591 4.4062 0.0448
57078.4502 6.0439 0.0515
57213.2865 5.1936 0.0364
56780.3062 4.3596 0.0519
56831.3158 4.4994 0.0430
56778.2967 4.2763 0.0476
56833.3247 4.5403 0.0426
56807.2890 4.3724 0.0456
56839.3123 4.7509 0.0543
57216.2747 5.1024 0.0440
56809.4559 4.3549 0.0517
57492.5435 4.7495 0.0424
57134.4710 5.0881 0.0501
57520.3101 4.7743 0.0612
57133.5949 5.1246 0.0624
57195.4028 5.3101 0.0638
57567.2939 4.3203 0.0593
57185.4596 5.1231 0.0628
57104.4634 5.0778 0.0786
57191.4276 5.3393 0.0711
57105.5621 4.8445 0.0864
57166.3288 5.2423 0.0898
