52730.5705 1.4306 0.0243
53462.4914 1.3769 0.0278
53911.3297 1.0514 0.0152
53851.4182 1.0073 0.0146
53853.4352 0.9857 0.0147
53586.2942 1.1357 0.0104
56801.3756 1.0379 0.0279
53847.5738 1.0388 0.0222
53524.3013 1.3490 0.0088
54186.5147 1.1455 0.0159
52698.6084 1.4072 0.0093
54531.5740 1.8597 0.0080
57420.5809 1.0856 0.0289
53466.6127 1.3268 0.0101
52710.6200 1.4061 0.0118
53583.3046 1.1547 0.0105
54570.4284 1.9200 0.0218
53799.4817 0.9465 0.0156
52817.2960 1.6465 0.0232
54262.4012 1.1374 0.0114
54209.4929 1.1468 0.0096
54624.3824 1.7955 0.0099
57191.4580 1.2766 0.0316
53505.3888 1.3592 0.0166
56833.3526 1.1285 0.0325
53769.6082 0.9010 0.0091
54561.4254 1.8829 0.0100
53146.4901 1.6148 0.0115
54151.6503 1.1493 0.0114
54153.5968 1.1316 0.0105
54117.6461 1.0885 0.0093
54524.5266 1.8252 0.0172
53553.4142 1.2915 0.0110
54144.5888 1.1391 0.0106
53578.3431 1.2136 0.0152
53411.6236 1.2654 0.0100
54511.5807 1.8222 0.0085
54213.5722 1.1463 0.0130
54614.3924 1.8533 0.0111
53936.3074 1.0575 0.0107
54255.3352 1.1687 0.0161
54600.4459 1.9228 0.0274
53446.5324 1.3439 0.0105
54621.4059 1.8266 0.0104
54266.2923 1.1610 0.0105
54557.5455 1.8729 0.0108
54234.4877 1.1552 0.0102
53859.3669 0.9930 0.0145
53200.2667 1.7448 0.0110
53473.5879 1.3155 0.0125
53121.5132 1.6011 0.0106
54591.3863 1.8893 0.0100
54179.5219 1.1932 0.0102
54563.4941 1.8975 0.0113
52813.3474 1.4101 0.0134
54588.5522 1.8506 0.0146
53175.3845 1.7285 0.0104
53883.3893 0.9735 0.0112
53109.5778 1.5690 0.0155
54183.5063 1.1470 0.0110
53551.3290 1.3021 0.0104
53939.3067 1.0513 0.0108
53875.3594 0.9678 0.0098
53772.6264 0.9246 0.0111
52792.4193 1.5240 0.0192
53527.3526 1.3361 0.0104
54535.5077 1.8683 0.0098
53943.3027 1.0338 0.0107
54259.3128 1.1380 0.0095
53138.4614 1.6025 0.0117
53469.5188 1.3112 0.0109
53178.3751 1.6919 0.0103
53149.3330 1.6444 0.0107
53906.3684 0.9904 0.0123
52722.5967 1.4171 0.0232
53390.6489 1.2586 0.0110
53531.3615 1.3440 0.0109
53916.3248 1.0730 0.0139
53117.4850 1.5933 0.0104
53766.6170 0.9269 0.0095
53495.4394 1.3218 0.0111
52815.2953 1.3937 0.0079
54176.5642 1.1563 0.0104
54124.6309 1.0997 0.0097
54205.4858 1.1303 0.0119
54594.4526 1.8657 0.0102
53165.4100 1.6507 0.0103
54618.4140 1.8525 0.0102
53122.4995 1.5784 0.0070
53195.3465 1.7923 0.0104
53743.6336 0.9458 0.0090
54229.4787 1.1390 0.0184
53518.4479 1.3163 0.0240
54538.5772 1.8586 0.0120
54113.6612 1.1215 0.0140
53083.6071 1.4008 0.0111
53855.4161 0.9937 0.0105
53502.3879 1.3348 0.0120
54597.4509 1.8622 0.0101
53892.3770 0.9352 0.0215
54120.6630 1.1217 0.0140
53879.3083 0.9654 0.0109
54201.4537 1.1322 0.0109
53500.3158 1.3503 0.0110
53888.4064 0.9828 0.0119
54528.5221 1.9026 0.0091
56712.5038 1.3442 0.0398
52791.4573 1.5259 0.0195
56751.3675 1.1869 0.0410
52721.6238 1.3510 0.0318
57433.5504 1.0271 0.0279
56744.5399 1.1812 0.0436
56837.3458 1.0832 0.0400
56772.5627 1.0796 0.0504
57220.2890 1.2363 0.0321
57542.3828 1.3636 0.0288
57520.3376 1.2968 0.0368
57216.3027 1.1771 0.0326
56715.5752 1.2843 0.0365
56839.3381 1.1045 0.0450
56811.4574 1.1072 0.0379
56783.3699 1.1350 0.0532
56723.5137 1.2681 0.0406
56798.4478 1.0867 0.0437
57547.4163 1.2861 0.0303
57213.3122 1.2531 0.0296
56805.4347 1.0126 0.0415
56831.3404 0.9979 0.0363
57134.4954 1.4997 0.0368
56807.3136 0.8952 0.0372
56778.3210 1.0380 0.0427
56780.3316 1.0315 0.0431
52790.4020 1.5672 0.0392
56841.3435 1.0383 0.0452
56781.3732 1.0709 0.0458
57123.5755 1.4174 0.0551
56776.4836 1.0638 0.0390
56722.4730 1.2556 0.0406
57508.4323 1.1694 0.0309
56809.4820 1.0499 0.0441
57492.5703 1.0531 0.0343
57479.5706 1.1919 0.0369
57223.3876 1.1792 0.0339
56835.3435 1.1971 0.0372
53463.5851 1.3124 0.0212
53523.4194 1.3718 0.0184
56803.4932 1.1693 0.0686
53563.3393 1.2536 0.0233
57157.4700 1.4317 0.0409
57166.3553 1.5499 0.0470
54620.3574 1.8591 0.0335
57160.5099 1.4783 0.0508
56741.6351 1.3143 0.0511
57078.4942 1.2544 0.0484
57185.4913 1.2248 0.0554
53890.4800 1.0337 0.0611
53198.3064 1.7608 0.0934
57105.5754 1.5644 0.0780
57104.5235 1.3874 0.0680
