52730.5718 9.0936 0.0326
53847.5741 7.6791 0.0413
53462.4869 7.4085 0.0298
53911.3267 8.6723 0.0222
56801.3749 6.7907 0.0307
53586.2942 8.1679 0.0130
53851.4203 8.5085 0.0176
53524.3005 7.6135 0.0127
57420.5809 6.8359 0.0332
53853.4318 8.5969 0.0212
53583.3046 8.1675 0.0139
54531.5709 8.7440 0.0131
53799.4817 8.0883 0.0196
52817.2960 8.9513 0.0299
54209.4929 8.2551 0.0138
54186.5120 7.9127 0.0219
54262.4012 9.0450 0.0154
53466.6115 7.5224 0.0147
57191.4580 9.0607 0.0397
56833.3526 7.2047 0.0387
54561.4254 8.7754 0.0141
52710.6188 9.1412 0.0171
53146.4901 9.3422 0.0157
54153.5968 7.8214 0.0151
54117.6461 7.2411 0.0134
54176.5457 6.4161 0.0149
54144.5888 8.0105 0.0149
53578.3431 8.1236 0.0191
53936.3074 8.6408 0.0155
54266.2923 9.1060 0.0152
54234.4877 8.6951 0.0149
53505.3885 7.5932 0.0206
54624.3821 8.5649 0.0154
54179.5219 7.8748 0.0144
54563.4941 8.7380 0.0154
52813.3474 8.6805 0.0181
53883.3893 8.8721 0.0160
53109.5778 9.8574 0.0197
54183.5063 7.9491 0.0153
53859.3669 8.6500 0.0179
53855.4161 8.6082 0.0150
53875.3594 8.6884 0.0148
52792.4193 8.5788 0.0235
54201.4537 8.2294 0.0153
53906.3684 7.5121 0.0166
53390.6489 7.2772 0.0145
53916.3248 7.4964 0.0175
53117.4850 9.6090 0.0150
53165.4100 9.5058 0.0148
53121.5132 8.5086 0.0145
54570.4281 8.6505 0.0258
53769.6079 7.6516 0.0147
53195.3465 7.9148 0.0141
53743.6336 7.9799 0.0136
53083.6071 10.1034 0.0162
53892.3770 8.8911 0.0238
53879.3083 8.8283 0.0158
53888.4064 8.8257 0.0162
54528.5221 8.6571 0.0132
54614.3916 8.6227 0.0172
56712.5038 6.2386 0.0453
52791.4573 8.5727 0.0241
56751.3675 6.3885 0.0470
54255.3344 9.0292 0.0211
54524.5258 8.7396 0.0222
57433.5504 6.5341 0.0371
54591.3855 8.6697 0.0157
56744.5399 6.3553 0.0492
56837.3458 7.3330 0.0478
57134.4954 9.0936 0.0455
56772.5627 6.4074 0.0547
54557.5447 8.8726 0.0169
57220.2890 8.8264 0.0422
53473.5871 7.5154 0.0176
57542.3828 5.3502 0.0353
53495.4386 7.6038 0.0167
57520.3376 5.4677 0.0412
56715.5752 6.5336 0.0431
56839.3381 7.3724 0.0523
54600.4451 8.7712 0.0320
54588.5514 8.5977 0.0204
53446.5315 7.6547 0.0158
53138.4605 9.3994 0.0181
56811.4574 7.0664 0.0456
56741.6340 6.4435 0.0652
56809.4820 7.0988 0.0509
56783.3699 6.6183 0.0571
53551.3282 7.8593 0.0158
56723.5137 6.5912 0.0470
53175.3837 9.5443 0.0170
56807.3136 6.9152 0.0453
54621.4051 8.5721 0.0164
56798.4478 6.8107 0.0495
53772.6256 7.6035 0.0173
53766.6162 7.6363 0.0158
54213.5714 8.3698 0.0196
57547.4163 5.3591 0.0369
53200.2659 9.4283 0.0172
53943.3019 8.7242 0.0176
57213.3122 8.9078 0.0400
53553.4134 7.8575 0.0167
53149.3322 9.3561 0.0165
56831.3404 7.2301 0.0446
53122.5011 9.6081 0.0112
57216.3027 8.9028 0.0438
56778.3210 6.4415 0.0489
56780.3316 6.6252 0.0492
53469.5180 7.5663 0.0162
56841.3435 7.3387 0.0515
56781.3732 6.5162 0.0515
57123.5755 9.0510 0.0590
53527.3518 7.6140 0.0157
53518.4471 7.4839 0.0285
54594.4518 8.6966 0.0162
54618.4132 8.5964 0.0160
56776.4836 6.5565 0.0454
54124.6301 8.3103 0.0161
54229.4779 8.5649 0.0238
54535.5069 8.6958 0.0158
56722.4730 6.4533 0.0468
54205.4850 8.2516 0.0180
57508.4323 5.6174 0.0380
53939.3059 8.6438 0.0173
57492.5703 5.7640 0.0413
57479.5706 5.7551 0.0418
53502.3871 7.5906 0.0169
53411.6227 7.7572 0.0157
54597.4501 8.6647 0.0160
54120.6622 8.3601 0.0197
54538.5764 8.7157 0.0184
53500.3150 7.6406 0.0161
54113.6604 8.3330 0.0193
56835.3435 7.1011 0.0449
54151.6495 7.8439 0.0174
53463.5851 7.5671 0.0245
56805.4347 6.9693 0.0487
54259.3121 8.9933 0.0162
57223.3876 9.0803 0.0441
53531.3606 7.6304 0.0162
53178.3743 9.5894 0.0167
54511.5799 8.8121 0.0144
52721.6234 9.4899 0.0392
53523.4176 7.6481 0.0244
56803.4932 6.8412 0.0745
53563.3393 7.9863 0.0274
57157.4700 8.7977 0.0506
57166.3553 8.7325 0.0560
54620.3574 8.5918 0.0459
57160.5099 8.7585 0.0632
52722.5981 9.6301 0.0422
52790.4043 8.5984 0.0782
57078.4942 8.9837 0.0630
57185.4913 8.7119 0.0659
53890.4800 8.7802 0.0822
53198.3064 9.8892 0.1041
57105.5754 8.9154 0.0989
54619.3119 8.5354 0.0797
57104.5235 8.7381 0.0896
