57420.5540 1.4035 0.0285
56743.5233 1.7093 0.0354
56803.4428 1.6982 0.0432
53467.4922 1.8164 0.0072
56741.6039 1.6961 0.0585
57220.2624 1.5980 0.0361
56801.3447 1.6763 0.0407
57133.5964 1.6458 0.0420
56722.4472 1.5346 0.0381
56723.4894 1.5320 0.0406
57194.4085 1.6427 0.0323
57433.5265 1.4805 0.0289
56798.4214 1.7172 0.0369
57223.3617 1.5996 0.0333
56751.3430 1.6207 0.0444
56783.3403 1.7170 0.0527
56772.5360 1.6733 0.0479
57185.4684 1.6579 0.0439
57160.3650 1.6412 0.0299
56841.3171 1.5679 0.0474
57542.3595 1.3682 0.0291
57157.4427 1.5975 0.0359
56712.4795 1.5608 0.0402
57459.5467 1.4700 0.0342
57216.2749 1.5559 0.0321
57520.3112 1.3651 0.0388
56811.4327 1.7174 0.0371
57567.2949 1.4473 0.0336
56715.5507 1.7283 0.0378
56839.3125 1.6455 0.0435
56780.3062 1.5373 0.0472
57479.5453 1.4431 0.0416
56805.4093 1.6432 0.0401
56835.3184 1.6681 0.0367
56744.5528 1.6777 0.0430
57508.4085 1.3833 0.0302
56781.3489 1.8004 0.0469
56776.4591 1.6393 0.0389
56837.3204 1.6556 0.0392
57078.4502 1.7510 0.0432
57213.2865 1.6819 0.0295
56831.3158 1.7123 0.0370
56778.2967 1.6809 0.0424
56833.3247 1.6970 0.0368
57547.3932 1.3516 0.0294
56807.2890 1.7454 0.0395
57492.5435 1.3789 0.0354
56809.4559 1.7406 0.0458
57134.4710 1.6658 0.0425
57195.4028 1.7906 0.0527
57104.4634 1.8741 0.0636
53884.4303 1.8093 0.0169
57191.4276 1.6514 0.0595
57123.5397 1.8362 0.1242
57105.5621 1.4485 0.0705
57166.3288 1.4853 0.0805
