57420.5607 1.7894 0.0235
56811.4389 2.3384 0.0280
56801.3508 2.1466 0.0303
56807.2952 2.1877 0.0305
56833.3373 2.2847 0.0312
57433.5325 1.8986 0.0248
56743.5381 2.0021 0.0433
56781.3553 2.2009 0.0389
56805.4163 2.3348 0.0357
56751.3495 2.0675 0.0368
57213.2933 2.6392 0.0264
56712.4859 2.0753 0.0340
57216.2816 2.5704 0.0289
56798.4282 2.2307 0.0315
57508.4149 2.0463 0.0270
56831.3223 2.2820 0.0318
57157.4497 2.4844 0.0314
56837.3271 2.2642 0.0343
56783.3482 2.0932 0.0433
56803.4701 2.1506 0.0394
57479.5516 2.1065 0.0326
56715.5572 2.0044 0.0316
57223.3685 2.8005 0.0297
56839.3190 2.1139 0.0355
56835.3249 2.1571 0.0316
56809.4624 2.2724 0.0365
57160.3718 2.3980 0.0260
57520.3182 2.0803 0.0325
56722.4542 2.1095 0.0334
57191.4355 2.4706 0.0312
57123.5488 2.4954 0.0427
56780.3128 2.0063 0.0375
57542.3656 2.0648 0.0253
57567.3012 2.1452 0.0286
56776.4656 2.0963 0.0342
56744.5215 1.8844 0.0342
56772.5433 1.9586 0.0428
57220.2693 2.5841 0.0290
57547.3993 2.1518 0.0260
56723.4958 2.0962 0.0357
57492.5510 1.9707 0.0282
56778.3031 2.0688 0.0352
56841.3236 2.1790 0.0398
56741.6050 1.9709 0.0499
57134.4803 2.4868 0.0388
53472.4934 3.3415 0.0089
57166.3353 1.7449 0.0403
57133.6071 2.4880 0.0438
57185.4671 2.5742 0.0404
57104.4687 2.5073 0.0380
57078.4761 2.5040 0.0444
57459.5499 1.9991 0.0491
57194.4118 2.5337 0.0510
54620.3631 2.0248 0.0427
