57420.5645 2.9660 0.0356
56801.3749 3.3645 0.0301
57479.5560 3.2605 0.0277
57542.3692 2.9867 0.0231
57520.3222 2.9457 0.0279
57547.4029 2.9829 0.0237
57508.4183 3.0269 0.0247
57433.5366 3.0770 0.0229
57191.4530 2.5773 0.0444
57492.5565 3.1512 0.0300
56833.3526 3.5698 0.0370
57220.2788 2.6695 0.0484
57223.3775 4.0115 0.0718
57078.4564 2.7884 0.0282
57123.5671 2.8007 0.0634
57157.4575 2.6082 0.0736
57213.3065 2.5850 0.0485
57160.4200 2.6642 0.0901
56809.4820 3.3331 0.0494
56778.3210 3.3305 0.0479
56807.3136 3.3066 0.0431
57216.3027 2.5922 0.0357
56780.3316 3.4244 0.0484
57567.2972 2.7902 0.0395
56741.6340 3.3411 0.0661
56712.5038 3.2652 0.0442
56783.3699 3.4110 0.0571
56722.4730 3.4199 0.0458
57134.4954 2.6684 0.0389
56751.3675 3.3933 0.0462
56781.3732 3.3975 0.0510
57459.5423 3.0820 0.0358
56798.4478 3.2435 0.0480
56772.5627 3.4167 0.0548
56837.3458 3.4518 0.0452
56835.3435 3.5626 0.0427
56831.3404 3.5706 0.0421
56805.4347 3.1638 0.0465
56776.4836 3.4049 0.0441
56841.3435 3.6292 0.0500
56744.5399 3.3246 0.0487
56715.5752 3.4491 0.0417
56723.5137 3.3009 0.0456
56839.3381 3.4520 0.0504
56811.4574 3.2323 0.0430
56803.4932 3.2323 0.0743
57185.4802 2.7859 0.0679
52816.2978 1.8860 0.0113
57166.3553 2.7137 0.0494
57460.4772 2.9395 0.0862
57105.5676 2.8408 0.1589
57133.4154 2.8405 0.1893
57194.4048 2.7123 0.1547
57195.4003 3.1216 0.3094
57419.5304 3.0634 0.1085
54620.3656 2.9081 0.0467
57104.5235 2.5965 0.0741
