57420.5656 2.4432 0.0294
57479.5598 2.1936 0.0265
57547.4068 2.3258 0.0223
57433.5398 2.2904 0.0215
57492.5594 2.1550 0.0244
57508.4224 2.2665 0.0234
57542.3732 2.2767 0.0217
57520.3267 2.3116 0.0269
57157.4600 3.5603 0.0556
57567.3077 2.3795 0.0336
56833.3442 3.4022 0.0381
57078.4838 3.5337 0.0283
56741.6247 2.7629 0.0607
56805.4265 3.1551 0.0441
56781.3651 2.7971 0.0479
56811.4492 3.1923 0.0404
56798.4382 3.1865 0.0411
56841.3344 3.2829 0.0481
56712.4957 2.9770 0.0422
56801.3611 3.2040 0.0454
57213.3036 2.7942 0.0321
56809.4728 3.1248 0.0459
56839.3294 3.4247 0.0456
57160.4407 3.4726 0.0737
57123.5603 3.2500 0.0863
57191.4470 3.0945 0.0361
56722.4643 2.9802 0.0415
56715.5670 3.0027 0.0388
57134.4858 3.1558 0.0377
56835.3351 3.3040 0.0402
57223.3789 2.8699 0.0359
57216.2922 2.7962 0.0357
56778.3129 2.7200 0.0449
56783.3617 2.8423 0.0542
57220.2801 2.6504 0.0358
56807.3055 3.1658 0.0418
56780.3231 2.9524 0.0455
56723.5056 2.8985 0.0438
56837.3376 3.4197 0.0429
56831.3322 3.2786 0.0393
56751.3593 2.6640 0.0436
56744.5318 2.7145 0.0440
56772.5541 2.9494 0.0515
56776.4755 2.7807 0.0416
56803.4819 3.0989 0.0631
52813.3227 5.2855 0.0120
57166.3455 3.3497 0.0499
57105.5711 3.5466 0.0566
56829.3180 3.1955 0.0523
57104.5060 3.6307 0.0472
57185.4795 2.9231 0.0646
56865.2991 2.9222 0.0535
