53462.4914 3.8480 0.0270
53911.3288 2.9669 0.0171
57479.5240 3.6915 0.0240
53847.5755 2.1234 0.0229
53851.4182 2.2101 0.0143
52730.5552 3.4583 0.0416
53853.4352 2.3336 0.0146
53524.3013 3.9172 0.0096
53586.2942 3.3402 0.0109
54186.5147 3.4208 0.0162
56715.4984 3.1757 0.0346
54531.5740 3.9111 0.0090
57420.5453 4.7868 0.0334
53466.6127 3.8506 0.0109
56803.4112 3.4808 0.0367
56743.5101 3.3057 0.0355
52710.6200 3.3306 0.0129
56741.5899 3.3057 0.0517
57567.2896 4.3029 0.0315
53583.3046 3.3388 0.0113
56811.4234 3.5650 0.0340
56778.2875 3.3164 0.0403
57520.3008 4.0172 0.0444
54570.4284 4.2097 0.0220
56780.2967 3.3209 0.0430
56831.3066 3.3377 0.0341
57492.5332 3.7969 0.0338
53799.4817 1.7957 0.0157
56835.3093 3.5225 0.0340
52817.2960 3.0219 0.0246
56837.3096 3.4190 0.0356
57542.3509 4.1025 0.0287
56744.5344 3.2844 0.0370
54262.4012 3.9188 0.0126
56841.3074 3.4932 0.0425
56801.3352 3.5286 0.0393
57508.3994 4.0466 0.0304
57459.5373 4.5441 0.0329
56807.2799 3.4172 0.0376
56781.3397 3.4407 0.0464
54209.4929 3.6974 0.0110
56721.5901 3.3407 0.0418
54624.3824 4.1004 0.0114
56776.4499 3.3724 0.0367
56772.5257 3.3771 0.0451
56783.3308 3.3822 0.0472
53505.3888 3.9888 0.0171
57460.4734 4.4532 0.0323
56809.4460 3.5814 0.0380
56798.4117 3.4360 0.0337
56805.4000 3.5172 0.0354
56839.3033 3.4014 0.0379
56833.3155 3.3668 0.0343
56751.3336 2.5244 0.0422
53769.6082 2.0730 0.0098
54561.4254 4.2987 0.0115
53146.4901 3.8806 0.0126
54151.6503 3.3015 0.0127
54153.5968 3.2973 0.0119
54117.6461 3.2187 0.0107
53390.6489 4.0406 0.0124
54524.5266 3.8793 0.0175
53553.4142 3.6687 0.0122
54144.5888 3.2931 0.0119
53578.3431 3.3246 0.0158
53411.6236 4.0243 0.0116
54511.5807 3.7741 0.0098
54213.5722 3.6760 0.0143
54614.3924 4.0942 0.0126
53936.3074 3.0493 0.0119
54255.3352 4.0506 0.0169
53200.2667 3.8247 0.0121
54621.4059 4.1006 0.0119
56712.4708 2.8276 0.0404
54266.2923 3.8672 0.0120
54557.5455 4.2829 0.0123
54234.4877 3.8040 0.0118
53859.3669 2.4009 0.0148
53473.5879 3.9112 0.0135
53121.5132 3.9253 0.0118
57160.3863 5.8892 0.0611
54179.5219 3.3925 0.0115
54563.4941 4.2638 0.0128
52813.3474 2.9489 0.0141
54588.5522 4.3062 0.0160
53175.3845 3.6405 0.0116
53883.3893 2.7142 0.0121
54183.5063 3.3936 0.0123
53551.3290 3.7144 0.0116
53939.3067 3.0563 0.0119
53875.3594 2.6436 0.0109
53772.6264 2.0409 0.0117
52792.4193 2.9970 0.0193
54600.4459 4.2490 0.0273
54113.6612 3.2255 0.0147
54201.4537 3.6778 0.0123
54535.5077 3.9606 0.0112
53446.5324 3.9607 0.0119
53943.3027 3.0689 0.0121
54259.3128 3.9512 0.0114
53138.4614 3.9499 0.0128
57123.5528 14.6002 0.1425
53109.5778 3.9505 0.0164
53469.5188 3.9091 0.0122
53178.3751 3.7007 0.0115
53149.3330 4.0015 0.0119
53906.3684 2.9150 0.0134
52722.5967 3.3054 0.0232
53531.3615 3.8692 0.0121
53916.3248 3.0052 0.0147
53117.4850 3.9427 0.0117
53766.6170 2.0755 0.0102
53495.4394 3.8963 0.0124
52815.2953 3.0534 0.0084
54176.5642 3.4314 0.0117
54124.6309 3.2752 0.0111
54205.4858 3.6695 0.0132
54594.4526 4.2738 0.0118
53165.4100 3.7595 0.0114
54618.4140 4.1172 0.0117
53527.3526 3.9886 0.0118
54591.3863 4.2943 0.0115
53195.3465 3.7978 0.0116
53743.6336 2.1492 0.0097
54229.4787 3.7708 0.0191
57216.2721 5.4180 0.0581
53518.4479 3.9630 0.0242
54538.5772 3.9881 0.0133
53083.6071 3.8431 0.0126
53855.4161 2.3225 0.0110
53502.3879 3.9986 0.0130
54597.4509 4.2418 0.0117
53892.3770 2.8714 0.0214
54120.6630 3.2538 0.0148
53879.3083 2.6812 0.0118
53500.3158 3.9754 0.0122
53888.4064 2.7821 0.0127
54528.5221 3.9791 0.0104
52791.4573 3.0231 0.0197
52721.6238 3.3327 0.0315
57220.2508 4.4539 0.0898
56723.4793 3.1968 0.0469
57194.3999 4.6094 0.0374
57157.4336 3.4829 0.0372
57433.5183 4.7219 0.0321
57223.3531 4.5464 0.0377
52790.4020 3.1233 0.0381
56829.3208 3.4419 0.0497
56800.5027 3.4314 0.0712
57213.2777 4.7849 0.0348
57133.4106 3.4266 0.0334
57547.3854 3.3452 0.0304
56722.4392 3.1795 0.0478
53463.5851 3.7932 0.0219
53523.4194 3.9252 0.0192
57191.4184 4.4329 0.0485
57419.5251 4.7521 0.0663
53563.3393 3.4921 0.0240
54620.3574 4.2440 0.0378
57195.3988 4.5755 0.0596
57185.4502 4.3923 0.0613
57134.4666 4.8705 0.0630
57156.4565 4.6284 0.0650
57166.3344 6.5225 0.1296
56711.5225 3.4091 0.0843
57155.3464 4.2939 0.2395
57104.4484 4.8092 0.0517
53890.4800 2.8474 0.0648
53198.3064 3.5630 0.0922
57078.4234 4.7454 0.0573
54619.3119 4.1842 0.0668
57105.5577 4.6693 0.0831
