57420.5582 7.5817 0.0341
56743.5383 9.8051 0.0512
56741.6094 9.3511 0.0677
53472.4612 7.7077 0.0100
56744.5188 9.3982 0.0534
56780.3104 9.2193 0.0578
56833.3288 9.1412 0.0513
56807.2931 9.1157 0.0565
57479.5491 8.0033 0.0484
56712.4835 9.2610 0.0527
56778.3007 9.1857 0.0536
56837.3245 9.1405 0.0527
57220.2668 8.4265 0.0442
57567.2988 9.1009 0.0448
56776.4632 9.4118 0.0533
57191.4328 8.1702 0.0445
56831.3199 9.1943 0.0502
57216.2792 8.2470 0.0445
56839.3166 9.0810 0.0550
57223.3660 8.3457 0.0448
56841.3211 9.1265 0.0586
57194.4128 8.2969 0.0440
56722.4512 9.3757 0.0523
57542.3634 8.8982 0.0441
56723.4935 9.2368 0.0576
56805.4134 9.2785 0.0547
57508.4126 8.2145 0.0430
57185.4654 8.2136 0.0478
56781.3529 9.2214 0.0578
57433.5303 7.6871 0.0405
56801.3488 9.3762 0.0537
57492.5483 8.1384 0.0478
57520.3156 8.2311 0.0482
56811.4368 9.2354 0.0502
56772.5406 9.1466 0.0622
56809.4595 9.3210 0.0547
56803.4668 9.2568 0.0590
56798.4255 9.2599 0.0494
56783.3458 9.2636 0.0616
56715.5548 9.3519 0.0503
57160.3693 8.3517 0.0409
57547.3970 8.9395 0.0435
57213.2908 8.3168 0.0409
56835.3225 9.1556 0.0500
56751.3471 9.4425 0.0562
57157.4471 8.3341 0.0473
57123.5441 8.7740 0.0728
57104.4669 8.4300 0.0712
57133.6028 8.5064 0.0623
57459.5499 8.0356 0.0622
57134.4738 8.5644 0.0719
57166.3310 8.2863 0.0778
54620.3631 8.2047 0.0610
