52698.6084 2.7738 0.0100
57420.5782 3.8226 0.0347
57479.5706 3.6157 0.0403
57433.5504 3.6905 0.0335
52816.2990 2.3517 0.0102
57547.4163 3.7901 0.0352
57542.3828 3.9397 0.0339
57492.5703 3.5441 0.0388
57520.3376 3.7615 0.0402
57508.4323 3.7856 0.0359
57191.4590 3.6494 0.0558
57123.5746 3.3338 0.1007
57166.3545 3.7276 0.0663
57223.3870 3.2756 0.0600
57134.4947 3.7414 0.0660
57160.5099 3.2613 0.0549
57216.3021 3.7201 0.0604
56741.6344 3.6984 0.1722
57220.2895 3.4106 0.0816
56783.3704 3.7579 0.1259
57157.4698 2.7432 0.0933
57185.4903 3.6568 0.1087
57104.5235 3.2341 0.0751
