57420.5625 1.1552 0.0295
56833.3397 0.9508 0.0327
56783.3499 0.8910 0.0539
56715.5589 0.8530 0.0380
57157.4515 0.9104 0.0371
56809.4644 0.7561 0.0445
56839.3207 1.0439 0.0436
56841.3254 0.9630 0.0486
56781.3570 0.8251 0.0477
56835.3266 0.8551 0.0382
56811.4410 0.9398 0.0392
57492.5529 1.2121 0.0344
56712.4876 0.7713 0.0411
57213.2951 1.0341 0.0309
56780.3146 0.9723 0.0463
57160.3736 0.8559 0.0307
57191.4374 0.8891 0.0378
56805.4182 0.7802 0.0431
56772.5452 0.8663 0.0519
57220.2711 1.0113 0.0346
57508.4165 1.2725 0.0335
56831.3240 0.9190 0.0382
57134.4821 0.8789 0.0435
56807.2972 0.8168 0.0407
57433.5341 1.0898 0.0300
56778.3048 0.8407 0.0434
56801.3529 0.8734 0.0428
57567.3029 1.2075 0.0354
57216.2834 1.0973 0.0335
57479.5533 1.1255 0.0385
57520.3201 1.1252 0.0404
56723.4975 0.8601 0.0428
57223.3703 1.1153 0.0348
56722.4561 0.8308 0.0441
56837.3287 0.9565 0.0456
56744.5229 0.8211 0.0504
56751.3514 0.8500 0.0537
56776.4678 0.9053 0.0459
53496.3516 1.3970 0.0092
57078.4761 1.0390 0.0437
57166.3371 0.8844 0.0452
56798.4306 0.8877 0.0421
56741.6092 0.9987 0.0501
56803.4730 0.7805 0.0524
57123.5525 0.9591 0.0453
57185.4701 0.8494 0.0561
57542.3663 1.1824 0.0431
52793.2647 2.0576 0.0302
57133.6097 0.8433 0.0378
57547.3999 1.1954 0.0437
57104.4732 1.0612 0.0694
