57420.5718 6.3585 0.0337
56833.3442 6.4036 0.0427
52814.3124 4.3100 0.0093
56741.6247 6.2211 0.0649
56805.4265 6.1303 0.0494
56781.3651 5.6360 0.0530
57492.5616 6.1746 0.0404
56811.4492 5.9687 0.0455
57542.3753 6.4338 0.0388
56841.3344 6.7022 0.0535
57157.4605 6.5517 0.0440
57520.3289 6.2823 0.0440
56801.3611 5.9561 0.0501
57213.3036 6.7913 0.0387
56809.4728 6.0361 0.0512
56839.3294 6.6643 0.0512
57508.4244 6.2260 0.0402
57191.4470 6.6341 0.0413
56722.4643 6.5270 0.0476
57134.4858 7.0040 0.0432
56835.3351 6.5291 0.0459
56723.5056 6.5740 0.0501
56751.3593 6.2224 0.0501
57223.3789 6.9005 0.0423
57216.2922 6.8171 0.0425
56778.3129 5.4582 0.0500
56783.3617 5.6025 0.0585
57220.2801 6.9445 0.0431
57479.5619 6.4251 0.0436
56807.3055 6.1562 0.0474
56837.3376 6.5756 0.0484
56780.3231 5.6705 0.0502
56831.3322 6.3499 0.0447
57547.4087 6.4181 0.0391
56744.5318 6.4281 0.0503
56712.4957 6.8943 0.0489
56772.5541 5.6891 0.0556
56715.5670 6.7450 0.0453
56776.4755 5.7636 0.0470
57433.5416 6.4327 0.0382
56803.4819 6.0883 0.0673
57160.4616 6.4608 0.0495
57078.4859 6.6520 0.0457
57166.3455 6.5757 0.0554
57105.5711 6.7383 0.0647
56798.4371 5.8191 0.0626
57104.5060 6.6112 0.0543
57185.4795 6.6785 0.0732
57123.5621 6.8442 0.0819
56865.2996 7.5601 0.0966
57567.3097 6.7002 0.1058
52813.3181 4.3977 0.0205
56829.3185 6.3434 0.0867
