57420.5459 0.8226 0.0331
57547.3894 0.8279 0.0292
57433.5227 0.8833 0.0283
57459.5423 1.0220 0.0327
57160.3607 1.2065 0.0298
57133.4154 1.0906 0.0322
57194.4042 1.2204 0.0319
57157.4382 1.2143 0.0366
57216.2706 1.2374 0.0316
57223.3574 1.2371 0.0328
57479.5414 0.9429 0.0359
52816.2973 0.7294 0.0089
57213.2820 1.1906 0.0289
57220.2575 1.2301 0.0393
57520.3067 0.8299 0.0381
57508.4044 0.9107 0.0314
57542.3556 0.8975 0.0293
57567.2909 0.9206 0.0383
57185.4561 1.2385 0.0455
57191.4231 1.2159 0.0410
57123.5324 1.1445 0.0715
57195.4008 1.2790 0.0508
57166.3209 1.3213 0.0686
57078.4289 0.7722 0.0339
57105.5603 0.9086 0.0497
57134.4685 1.1852 0.0581
56743.5097 7.8189 0.0894
57460.4767 0.9914 0.1011
57492.5382 0.9382 0.0607
54620.3656 1.9142 0.0458
53770.6182 1.5619 0.0229
57104.4590 0.8753 0.0606
