57420.5582 12.6538 0.0373
57479.5491 14.4213 0.0539
57220.2668 13.9736 0.0496
57567.2988 15.8209 0.0515
57223.3660 13.7774 0.0501
56841.3211 12.1562 0.0607
57542.3634 15.0309 0.0504
57547.3970 15.2008 0.0499
57508.4126 14.4540 0.0495
57433.5303 13.1694 0.0463
57492.5483 13.9178 0.0534
57520.3156 14.6565 0.0533
56783.3458 12.8986 0.0646
57160.3693 13.6650 0.0461
57213.2908 14.2349 0.0468
57157.4471 13.5657 0.0523
56798.4256 13.0052 0.0629
57123.5441 13.4912 0.0770
56751.3473 10.4191 0.0685
57216.2793 14.2303 0.0611
56781.3531 13.1387 0.0737
56741.6137 13.0417 0.1100
56780.3105 13.1357 0.0753
57166.3310 13.9095 0.0852
57104.4669 13.1964 0.1084
56772.5399 12.9551 0.1108
56776.4627 13.2686 0.0892
57459.5499 13.2320 0.0691
56805.4128 12.8531 0.0907
57194.4118 13.6072 0.0697
57133.6016 13.1047 0.0944
56803.4661 12.8064 0.1022
56778.3002 13.0786 0.0904
56744.5182 13.0594 0.0882
56833.3273 11.5698 0.1158
56801.3472 12.8808 0.1257
56723.4919 13.6062 0.1359
57191.4309 13.5808 0.1186
56712.4819 13.0021 0.1254
56839.3150 12.1060 0.1275
56835.3209 12.0250 0.1158
56837.3229 12.2494 0.1225
56807.2915 12.0318 0.1359
57134.4730 13.3458 0.1103
56743.5575 12.7491 0.1582
53472.4934 10.7879 0.0260
56809.4599 12.3509 0.1254
57185.4634 13.3921 0.1276
