56801.3749 2.0960 0.0279
52698.6084 1.6182 0.0095
57420.5809 2.7437 0.0303
56833.3526 2.4099 0.0342
57191.4580 2.1407 0.0324
52816.2955 1.5014 0.0085
56712.5038 2.5216 0.0414
56778.3210 2.0151 0.0441
57492.5703 2.3837 0.0366
57479.5706 2.4827 0.0385
56807.3136 2.1185 0.0393
57216.3027 2.1344 0.0341
56780.3316 2.0291 0.0445
56811.4574 2.1667 0.0397
56741.6340 2.1317 0.0635
56809.4820 2.0989 0.0458
56783.3699 2.1066 0.0541
57433.5504 2.7089 0.0311
56715.5752 2.5117 0.0385
57508.4323 2.2503 0.0327
56841.3435 2.5818 0.0473
56744.5399 2.1606 0.0451
56723.5137 2.6049 0.0428
57134.4954 1.9979 0.0370
56751.3675 2.1784 0.0427
56781.3732 2.1373 0.0471
57123.5755 1.8256 0.0549
56798.4478 2.0085 0.0448
56772.5627 1.7437 0.0509
57223.3876 2.2083 0.0354
56835.3435 2.3943 0.0393
57547.4163 2.2282 0.0317
57220.2890 2.0410 0.0330
56805.4347 2.1513 0.0433
57542.3828 2.2850 0.0303
56776.4836 1.4230 0.0393
57213.3122 1.9775 0.0305
57520.3376 2.2928 0.0378
56831.3404 2.3283 0.0385
56837.3458 2.4538 0.0422
56839.3381 2.5487 0.0472
56722.4730 2.5860 0.0428
56803.4932 1.9017 0.0690
57157.4700 1.9996 0.0414
57166.3553 1.9689 0.0471
57185.4913 1.9965 0.0559
57160.5099 1.9941 0.0514
57078.4942 1.9258 0.0491
57104.5235 1.9583 0.0694
57105.5754 1.9040 0.0781
