52698.6084 1.1390 0.0093
57420.5809 1.3418 0.0291
56801.3744 1.7834 0.0361
52816.2955 1.0846 0.0083
56778.3210 1.8560 0.0444
57216.3027 2.3355 0.0347
56780.3316 1.8905 0.0448
56783.3699 1.8148 0.0542
57433.5504 1.4790 0.0289
57508.4323 1.6130 0.0317
57223.3876 1.8973 0.0352
56781.3732 1.8835 0.0474
56798.4478 2.2599 0.0456
56772.5627 1.8323 0.0516
57547.4163 1.4312 0.0304
57220.2890 2.2405 0.0336
57191.4582 1.9863 0.0416
57542.3828 1.4856 0.0290
56776.4836 1.8019 0.0405
57213.3122 2.1244 0.0309
57520.3376 1.5147 0.0371
57166.3553 2.0447 0.0477
56715.5742 1.9112 0.0528
56809.4807 1.8537 0.0663
57479.5695 1.4335 0.0522
56803.4925 1.7948 0.0792
56839.3371 1.8122 0.0644
56741.6324 1.8605 0.0890
57134.4943 1.6262 0.0498
56751.3665 1.6447 0.0591
56837.3448 1.8073 0.0579
56807.3126 1.7452 0.0553
56811.4564 1.9826 0.0557
56744.5389 1.8655 0.0631
56841.3424 1.7350 0.0651
57123.5741 1.4523 0.0762
56723.5127 1.8665 0.0593
56722.4715 2.0836 0.0596
56835.3425 1.9106 0.0542
56712.5028 2.2352 0.0580
57492.5692 1.4639 0.0512
56805.4337 1.8169 0.0603
56833.3486 1.8381 0.0540
57078.4942 1.6176 0.0495
56831.3394 1.8238 0.0533
57104.5235 1.2673 0.0679
57157.4689 1.5205 0.0619
57160.5081 1.5544 0.0817
