52813.3181 4.0753 0.0090
57134.4846 4.0681 0.0394
57479.5576 6.0216 0.0428
57542.3711 5.5077 0.0361
57160.3779 4.0826 0.0340
57157.4560 4.0012 0.0402
56798.4341 4.2158 0.0418
57492.5572 5.9443 0.0420
57216.2878 4.5099 0.0380
57223.3746 4.6411 0.0385
57220.2754 4.6443 0.0388
57547.4049 6.5689 0.0389
57213.2988 4.4288 0.0419
56781.3600 4.5328 0.0741
56811.4440 4.5055 0.0610
57104.4834 4.1105 0.0634
57520.3235 6.0649 0.0613
56807.3003 4.5944 0.0604
57567.3062 6.1651 0.0549
56778.3078 4.5231 0.0663
56783.3531 4.2860 0.0819
56801.3559 4.9997 0.0675
56829.3180 4.8576 0.0567
56833.3360 5.4301 0.0653
57123.5559 3.3164 0.0782
56741.6154 4.7266 0.0856
56723.5006 1.2795 0.0564
56744.5287 4.6222 0.0663
57508.4194 5.8264 0.0548
57191.4410 4.3432 0.0529
56837.3324 5.5181 0.0662
56809.4675 4.5634 0.0676
56803.4760 4.7726 0.0767
57166.3406 4.1532 0.0677
56776.4704 4.5252 0.0628
56751.3563 5.1039 0.0666
56831.3270 4.9038 0.0608
56835.3296 5.4601 0.0627
57078.4806 3.5745 0.0510
56780.3177 4.2711 0.0686
56839.3237 5.5426 0.0701
56805.4213 4.5882 0.0676
56865.2991 4.6995 0.0587
56715.5619 5.3288 0.0621
56772.5486 4.4251 0.0746
57185.4743 4.4527 0.0650
