57420.5657 3.4338 0.0447
52813.3147 1.7580 0.0089
56839.3237 2.3350 0.0644
56798.4331 2.6552 0.0579
56781.3600 2.6374 0.0714
56811.4440 2.2438 0.0577
57542.3702 3.4208 0.0482
56722.4592 2.2159 0.0593
57520.3235 3.6353 0.0578
56807.3003 2.3949 0.0572
56841.3285 2.1020 0.0680
57567.3062 3.1519 0.0503
56712.4906 2.2098 0.0609
56778.3078 2.6129 0.0629
56783.3531 2.5613 0.0785
56801.3559 2.4155 0.0630
57547.4040 3.4438 0.0498
56751.3543 2.5119 0.0645
57134.4793 3.5724 0.0598
57104.4834 3.6472 0.0650
56829.3180 2.3403 0.0510
56833.3360 2.4608 0.0601
57123.5559 3.3542 0.0776
57223.3735 5.0171 0.0568
56723.5006 2.1742 0.0604
57216.2868 4.9053 0.0598
57160.3768 3.6748 0.0494
57479.5565 3.5412 0.0572
56744.5265 2.3649 0.0624
56865.2991 2.2807 0.0523
57508.4194 3.4596 0.0514
57492.5562 3.4338 0.0565
57191.4410 4.0284 0.0533
56837.3324 2.3141 0.0607
56809.4675 2.5315 0.0647
56803.4760 2.5364 0.0736
56776.4704 2.7729 0.0607
56831.3270 2.2973 0.0567
56741.6125 2.5655 0.0869
56772.5486 2.7187 0.0706
57220.2743 4.8457 0.0550
56835.3296 2.2456 0.0571
56780.3177 2.7830 0.0667
56805.4213 2.3946 0.0646
57433.5369 3.6421 0.0489
56715.5619 2.3237 0.0569
57213.2983 4.7504 0.0519
57157.4549 3.7041 0.0607
57078.4801 3.4299 0.0608
57185.4743 3.9806 0.0636
57166.3394 3.5348 0.0972
