57420.5718 2.7183 0.0306
56833.3442 2.1917 0.0374
56741.6248 2.2044 0.0753
56805.4265 2.4001 0.0444
56781.3651 2.4521 0.0493
57492.5616 2.9128 0.0354
56798.4382 2.3959 0.0409
57542.3753 2.9803 0.0328
56841.3344 2.1720 0.0480
57157.4605 2.0602 0.0380
57520.3289 3.0040 0.0399
53147.4493 3.2983 0.0086
56801.3611 2.4323 0.0455
56776.4755 2.5092 0.0427
56809.4728 2.3118 0.0463
56839.3294 2.1395 0.0448
57508.4244 2.9278 0.0346
57191.4470 2.0649 0.0351
56722.4643 2.4263 0.0419
57134.4858 2.0282 0.0368
56835.3351 2.2058 0.0395
56811.4492 2.2916 0.0404
57223.3789 1.8834 0.0351
57216.2922 1.8702 0.0346
56778.3129 2.5032 0.0463
56783.3617 2.4076 0.0556
57220.2801 1.9133 0.0352
56772.5541 2.3629 0.0518
56807.3055 2.4035 0.0419
56780.3231 2.4113 0.0464
56723.5056 2.5052 0.0446
56837.3376 2.1758 0.0422
56831.3322 2.1967 0.0386
57547.4087 3.0390 0.0333
56751.3593 2.2108 0.0445
56744.5318 2.2148 0.0448
56712.4957 2.6470 0.0431
57479.5619 2.8445 0.0390
56715.5670 2.5513 0.0392
57213.3036 1.9018 0.0314
57433.5416 2.6772 0.0316
57160.4616 1.8858 0.0417
57078.4859 2.1543 0.0381
57166.3455 2.0231 0.0489
56803.4819 2.4471 0.0638
57105.5711 2.0898 0.0540
57104.5060 2.1210 0.0443
57185.4795 2.0710 0.0643
57123.5621 2.1830 0.0786
57567.3097 2.9056 0.0925
