56743.5121 4.4313 0.0247
57420.5518 4.1745 0.0227
56803.4260 4.3485 0.0348
56741.5973 4.3400 0.0437
56722.4451 3.8972 0.0312
56805.4073 4.5118 0.0324
56715.5487 3.6521 0.0300
57213.2842 4.9019 0.0251
57547.3913 5.3207 0.0268
56751.3409 4.5370 0.0357
56783.3382 4.0842 0.0397
57567.2961 5.6430 0.0312
57520.3089 4.9194 0.0306
56811.4307 4.4460 0.0300
57194.4064 4.5836 0.0268
56833.3227 4.3761 0.0302
56712.4774 3.6665 0.0318
57133.5059 5.0589 0.0305
56801.3427 4.3009 0.0330
56807.2870 4.3868 0.0320
57542.3576 5.2191 0.0264
56780.3040 4.0931 0.0367
57223.3595 5.0365 0.0279
56723.4874 3.8299 0.0319
57508.4065 4.6470 0.0267
57157.4404 4.4734 0.0293
56839.3104 4.4304 0.0341
56772.5336 4.2031 0.0372
56744.5508 4.4882 0.0345
56781.3469 4.4776 0.0377
57160.3629 4.6270 0.0253
57479.5434 4.5975 0.0312
57433.5246 4.0199 0.0244
57459.5445 4.7864 0.0285
57078.4438 4.3363 0.0330
56841.3149 4.4322 0.0364
56835.3164 4.4215 0.0300
56776.4570 4.2323 0.0320
56778.2946 4.1855 0.0341
56837.3184 4.4006 0.0315
56831.3137 4.4851 0.0303
57216.2727 4.9690 0.0273
57220.2599 5.0722 0.0303
56798.4194 4.3426 0.0297
56809.4533 4.4849 0.0349
57185.4632 4.8574 0.0360
57492.5408 4.3811 0.0328
57134.4700 5.0684 0.0403
53467.4922 2.8141 0.0090
57191.4242 4.7287 0.0405
57195.4018 4.6016 0.0427
57123.5349 4.8216 0.0673
57166.3236 4.5479 0.0584
57105.5609 4.5407 0.0487
57460.4772 5.0448 0.0962
57104.4612 4.6109 0.0533
56721.5940 3.5741 0.1234
57419.5304 4.7508 0.1150
54620.3656 3.4276 0.0492
53883.4604 3.8595 0.0181
53770.6182 3.5604 0.0264
