57420.5681 4.0578 0.0405
57479.5598 1.9264 0.0262
57547.4068 2.6945 0.0228
57433.5398 2.0085 0.0209
57492.5594 1.9739 0.0242
57508.4224 2.1234 0.0231
57542.3732 2.6344 0.0221
57520.3267 2.4134 0.0270
57567.3077 2.8502 0.0343
56833.3442 2.4762 0.0363
52813.3181 1.5223 0.0078
56741.6247 2.0142 0.0597
57104.4948 8.4396 0.1118
56805.4265 2.0737 0.0418
56781.3651 2.1748 0.0469
56798.4382 2.2850 0.0390
56841.3344 2.6448 0.0468
57157.4605 2.5262 0.0374
56801.3611 2.2940 0.0433
57213.3036 1.9886 0.0304
56809.4728 2.0603 0.0436
56839.3294 2.6475 0.0439
57123.5603 2.1298 0.0857
56712.4957 2.3785 0.0409
57191.4470 2.2720 0.0343
56722.4643 2.2890 0.0400
57134.4858 2.4633 0.0365
56835.3351 2.5210 0.0386
56723.5056 2.3051 0.0423
56811.4492 2.2097 0.0383
57223.3789 1.7890 0.0336
57216.2922 1.9525 0.0337
56778.3129 2.1717 0.0437
56783.3617 2.1337 0.0530
57220.2801 1.8487 0.0340
56807.3055 2.1991 0.0398
56780.3231 2.2588 0.0440
56837.3376 2.5652 0.0410
56831.3322 2.4152 0.0374
56751.3593 2.0795 0.0423
56744.5318 2.1011 0.0427
56772.5541 2.1021 0.0499
56715.5670 2.3158 0.0374
56776.4755 2.1846 0.0404
56803.4819 2.1657 0.0604
57160.4616 2.6199 0.0417
57166.3455 2.5172 0.0481
57078.4859 2.0188 0.0365
57105.5711 2.2761 0.0528
56829.3180 2.4364 0.0503
57185.4795 2.3279 0.0627
56865.2991 2.7161 0.0530
