57420.5763 2.6462 0.0309
52730.5987 1.6624 0.0230
56801.3688 2.3052 0.0423
56833.3478 2.2396 0.0407
53147.4525 1.4567 0.0068
56744.5358 2.0197 0.0454
56776.4795 2.0634 0.0421
56772.5585 1.9887 0.0490
56723.5097 1.7324 0.0435
56781.3691 2.0258 0.0503
57123.5698 3.0637 0.0565
56831.3363 2.2408 0.0398
57213.3079 2.7434 0.0333
57223.3832 2.5978 0.0372
57134.4907 2.9313 0.0409
56798.4422 2.1893 0.0422
56722.4684 2.0075 0.0410
56839.3341 2.3316 0.0463
57160.5054 2.8454 0.0398
56751.3634 1.9675 0.0430
56805.4306 2.2277 0.0435
57520.3333 3.1487 0.0402
57542.3791 2.9445 0.0337
56809.4772 2.3330 0.0491
57479.5663 2.8176 0.0399
56803.4885 2.3162 0.0552
56837.3417 2.3735 0.0425
57433.5460 2.8633 0.0335
56835.3395 2.3289 0.0404
57547.4125 2.9037 0.0350
57492.5660 2.8973 0.0392
56715.5711 1.7719 0.0382
57191.4517 2.6892 0.0389
56741.6278 2.0826 0.0618
56712.4997 1.7880 0.0414
56778.3170 2.0932 0.0446
57220.2845 2.7264 0.0382
57157.4650 2.8098 0.0404
56807.3096 2.2737 0.0445
56780.3275 2.1579 0.0455
56811.4533 2.3008 0.0407
56841.3393 2.3134 0.0462
57508.4284 3.0169 0.0358
57216.2975 2.7593 0.0364
56783.3659 2.0448 0.0528
57185.4838 2.6365 0.0554
57166.3513 2.6866 0.0452
57078.4898 3.4997 0.0523
57105.5730 3.1530 0.0601
57104.5182 3.2801 0.0568
54620.3618 0.8780 0.0380
