52698.6084 6.2419 0.0120
56801.3750 7.6705 0.0370
57420.5809 7.6448 0.0344
52816.2955 6.4100 0.0103
56712.5038 4.2971 0.0441
56778.3210 7.1890 0.0518
57216.3027 6.5831 0.0413
56780.3316 7.2670 0.0518
56783.3699 7.3672 0.0601
57433.5504 7.8632 0.0396
57508.4323 7.3137 0.0410
57223.3876 6.5754 0.0416
56781.3732 7.3240 0.0543
56798.4478 7.6621 0.0525
56772.5627 7.3209 0.0577
57547.4163 7.0428 0.0399
57220.2890 6.6006 0.0400
57191.4582 6.3217 0.0482
57542.3828 6.9654 0.0382
56776.4836 7.2604 0.0480
57213.3122 6.5791 0.0376
57520.3376 6.9160 0.0434
56722.4730 5.5543 0.0472
57166.3553 7.1442 0.0549
56715.5742 6.9947 0.0636
56809.4807 7.2650 0.0770
57479.5695 7.5067 0.0624
56803.4925 7.2714 0.0890
56839.3371 7.5130 0.0760
56741.6324 6.9507 0.0960
57134.4943 6.6476 0.0590
56751.3665 7.0341 0.0709
56837.3448 7.5039 0.0699
56807.3126 7.5675 0.0683
56811.4564 7.5594 0.0677
56744.5389 6.9287 0.0729
56841.3424 7.6959 0.0758
57123.5741 6.6995 0.0815
56723.5127 7.0349 0.0702
56835.3425 7.4690 0.0660
57492.5692 7.2196 0.0637
56805.4337 7.3590 0.0715
56833.3486 7.6882 0.0665
57078.4942 6.8078 0.0597
56831.3394 7.6357 0.0659
57104.5235 7.4722 0.0877
57105.5754 0.9310 0.0744
57157.4689 6.5454 0.0733
57160.5081 6.4487 0.0971
