52730.5813 8.4755 0.0214
57420.5763 11.1293 0.0376
54186.5185 7.1126 0.0221
56801.3688 9.9158 0.0494
56833.3478 10.5195 0.0503
52722.5967 8.7390 0.0258
53122.4995 10.5799 0.0102
56723.5097 8.8215 0.0519
56831.3363 10.6639 0.0504
56798.4422 9.8007 0.0511
53524.3029 9.6096 0.0192
56809.4772 10.1262 0.0591
53851.4061 11.6736 0.0345
53466.6144 7.6110 0.0179
57547.4125 10.0890 0.0453
56741.6278 8.6872 0.0671
57213.3079 11.4646 0.0439
56807.3096 9.9465 0.0546
56780.3275 9.2948 0.0540
56778.3170 9.2251 0.0532
56776.4795 9.3035 0.0510
56781.3691 9.2927 0.0585
57123.5698 11.3454 0.0624
57220.2845 11.2467 0.0484
57223.3832 11.4282 0.0476
57134.4907 11.2904 0.0496
56751.3634 8.8944 0.0513
56805.4306 9.9553 0.0527
53847.5924 11.6631 0.0485
57433.5460 11.2161 0.0453
56835.3395 10.4449 0.0506
54531.5818 8.6849 0.0158
53911.3384 11.3256 0.0293
57216.2975 11.3404 0.0473
56744.5358 8.9002 0.0535
56772.5585 9.1316 0.0571
56722.4684 8.9538 0.0493
53853.4317 8.7758 0.0253
57492.5660 10.7091 0.0497
57542.3791 10.1153 0.0440
56715.5711 9.0651 0.0475
53462.4969 10.5119 0.0948
52790.4013 8.6223 0.1619
56712.4997 8.9373 0.0499
56841.3393 10.7156 0.0554
56839.3341 10.5869 0.0561
57520.3333 10.4530 0.0484
57479.5663 10.7837 0.0488
56803.4885 9.8453 0.0628
56837.3417 10.4125 0.0522
52710.6195 8.6168 0.0204
57191.4517 11.5087 0.0488
57157.4650 11.4211 0.0502
57160.5054 11.4615 0.0497
56811.4533 10.0485 0.0503
56783.3659 9.4341 0.0603
57508.4284 10.5962 0.0464
57166.3513 11.4109 0.0557
54624.3850 7.6585 0.0191
54255.3341 9.9366 0.0246
54124.6298 7.3926 0.0175
57185.4838 11.4439 0.0661
54620.3589 6.9247 0.0338
52721.6252 6.1217 0.0379
54591.3879 8.3227 0.0216
54557.5471 5.7269 0.0204
54570.4284 8.3244 0.0405
53531.3635 11.5194 0.0257
54151.6519 8.4797 0.0255
57105.5730 11.3591 0.0743
54535.5092 8.5841 0.0219
54618.4155 8.2505 0.0219
53772.6281 11.3273 0.0268
54117.6477 10.0137 0.0235
54176.5249 5.8808 0.0251
53411.6253 10.5357 0.0238
53583.3080 11.4463 0.0286
54588.5538 8.4725 0.0293
53505.3888 11.4264 0.0339
54120.6646 9.9764 0.0279
54538.5787 8.6730 0.0257
53769.6081 9.5883 0.0240
54528.5237 8.7342 0.0205
57078.4898 11.3184 0.0653
53138.4632 10.6083 0.0263
53586.2974 11.4578 0.0303
53551.3306 10.3606 0.0238
54113.6628 10.1369 0.0275
54597.4524 8.8447 0.0223
53195.3484 10.7763 0.0244
54524.5282 8.5980 0.0307
54511.5823 8.6512 0.0199
54205.4874 10.0946 0.0265
54621.4075 8.1456 0.0226
53083.6104 10.3833 0.0357
53879.3116 11.3048 0.0374
53939.3099 10.8870 0.0362
54614.3956 8.1989 0.0328
54561.4270 8.4272 0.0320
54153.6000 9.8406 0.0354
53117.4883 10.4790 0.0342
54600.4490 8.3171 0.0656
53502.3911 11.2378 0.0372
53892.3802 11.3192 0.0543
57104.5182 11.2603 0.0739
53390.6521 10.4972 0.0356
52792.4221 8.7875 0.0478
53109.5822 10.8486 0.0451
54183.5095 10.0357 0.0369
54266.2955 9.7001 0.0333
53578.3463 11.4327 0.0458
53916.3280 10.9703 0.0450
54234.4909 9.7746 0.0342
53473.5911 10.6054 0.0386
54262.4029 9.7129 0.0376
54179.5252 10.2184 0.0344
53888.4096 11.3012 0.0375
53175.3877 10.9250 0.0353
53518.4511 11.3135 0.0603
53943.3059 10.7855 0.0371
53553.4174 11.2512 0.0369
53121.5165 10.4099 0.0339
53799.4818 12.0113 0.0380
53883.3925 11.4328 0.0379
53200.2699 10.6891 0.0333
53500.3190 11.2521 0.0353
53523.4248 11.4132 0.0522
53469.5220 10.6775 0.0357
53149.3362 10.4956 0.0334
53906.3717 10.9771 0.0409
54594.4558 8.4278 0.0321
53495.4426 11.0615 0.0352
53859.3702 11.4749 0.0419
53855.4193 11.5500 0.0363
53165.4132 10.7564 0.0339
54563.4972 8.4517 0.0330
53766.6203 11.6182 0.0355
53527.3558 11.3801 0.0348
54259.3160 9.6834 0.0326
53146.4950 10.7069 0.0361
53875.3627 11.3837 0.0358
54229.4818 9.7507 0.0487
53563.3425 4.7238 0.0448
54213.5754 10.0177 0.0395
52817.2848 8.2814 0.1490
53178.3783 10.9471 0.0345
53446.5357 10.4723 0.0345
54144.5920 9.9587 0.0351
