53847.5729 6.8859 0.0258
53462.4891 7.2803 0.0291
52730.5625 8.3646 0.0378
56801.3716 8.1237 0.0316
53851.4182 6.8191 0.0166
57420.5775 8.4340 0.0288
53911.3273 6.5589 0.0210
53853.4352 6.5536 0.0166
53586.2942 7.4643 0.0127
53524.3013 8.2502 0.0115
54186.5147 7.8846 0.0179
54531.5740 9.3842 0.0116
57191.4549 8.6585 0.0340
53466.6127 7.7389 0.0128
56833.3480 8.0839 0.0386
52710.6200 8.2866 0.0154
53583.3046 7.4653 0.0135
56722.4695 8.0706 0.0397
56798.4437 8.1850 0.0405
56712.5007 8.1506 0.0397
56807.3106 8.1453 0.0413
56778.3180 8.0145 0.0420
54570.4284 9.6220 0.0238
56781.3701 8.0140 0.0455
57479.5673 8.0676 0.0371
56803.4899 8.2066 0.0501
53799.4817 7.1735 0.0191
56772.5595 8.1687 0.0461
57520.3344 8.5962 0.0376
52817.2960 8.7582 0.0294
57433.5472 8.5606 0.0338
57542.3800 8.5517 0.0338
54624.3824 10.0964 0.0146
56841.3403 8.2037 0.0429
56805.4316 8.1405 0.0410
57123.5712 9.0611 0.0490
54262.4012 7.9697 0.0149
54209.4929 8.0795 0.0137
56751.3644 7.9248 0.0406
57223.3843 8.5371 0.0360
56715.5721 8.1490 0.0375
56744.5368 7.8678 0.0423
57492.5671 8.3034 0.0379
56780.3285 7.9742 0.0422
56741.6294 7.9566 0.0544
54176.5493 6.7502 0.0136
56776.4806 8.1361 0.0400
53505.3888 8.1577 0.0189
56809.4784 8.3473 0.0457
56839.3351 8.1305 0.0432
57508.4293 8.6440 0.0355
57220.2856 8.5660 0.0359
57216.2989 8.5073 0.0356
56837.3427 8.2370 0.0402
57547.4135 8.5267 0.0349
56835.3405 8.0379 0.0383
57213.3090 8.6841 0.0328
56811.4543 8.1811 0.0388
53769.6082 7.1320 0.0130
54561.4254 9.5748 0.0144
56783.3669 8.0308 0.0482
56723.5107 8.0206 0.0411
57134.4919 9.1679 0.0378
56831.3373 8.2221 0.0382
54535.5077 9.4274 0.0144
54151.6503 7.6274 0.0156
54153.5968 7.5982 0.0149
54117.6461 7.4691 0.0135
54524.5266 9.2959 0.0200
53553.4142 7.8178 0.0148
54144.5888 7.6112 0.0147
53578.3431 7.5004 0.0187
53411.6236 7.3199 0.0137
54511.5807 9.2886 0.0131
54213.5722 7.9193 0.0171
53936.3074 6.5099 0.0142
54621.4059 10.1005 0.0154
54266.2923 7.9784 0.0146
54557.5455 9.6274 0.0153
54234.4877 8.1992 0.0146
53859.3669 6.7536 0.0171
53200.2667 7.9045 0.0144
53473.5879 7.3068 0.0157
53121.5132 8.4106 0.0145
54591.3863 9.6829 0.0145
52813.3474 8.6582 0.0181
54588.5522 9.6045 0.0187
53175.3845 8.2626 0.0145
53883.3893 6.6783 0.0148
54183.5063 7.8848 0.0152
53551.3290 7.8592 0.0141
53939.3067 6.5347 0.0142
53875.3594 6.6364 0.0136
53772.6264 7.1206 0.0150
52792.4193 8.4167 0.0234
54614.3924 9.6774 0.0159
54201.4537 8.0623 0.0152
53446.5324 7.5626 0.0141
53943.3027 6.3800 0.0143
54259.3128 7.9344 0.0139
53138.4614 8.3273 0.0154
53109.5778 8.5502 0.0190
53469.5188 7.7073 0.0146
53178.3751 8.0471 0.0141
53149.3330 8.1987 0.0142
53906.3684 6.5376 0.0159
52722.5967 7.4072 0.0254
53390.6489 7.2409 0.0144
53531.3615 8.1471 0.0148
53916.3248 6.4510 0.0169
53117.4850 8.4638 0.0144
53766.6170 7.2032 0.0138
53495.4394 8.1442 0.0150
53855.4161 6.7434 0.0140
54124.6309 7.5179 0.0139
54205.4858 8.0325 0.0160
54594.4526 9.8747 0.0151
53165.4100 8.1607 0.0140
54618.4140 10.0836 0.0150
53527.3526 8.1266 0.0142
53122.4995 8.6148 0.0096
54255.3352 8.1364 0.0188
53743.6336 7.3656 0.0132
57160.5059 9.2406 0.0430
54229.4787 6.9478 0.0207
53500.3158 8.2212 0.0147
53518.4479 8.2725 0.0258
54538.5772 9.4300 0.0168
54113.6612 7.3917 0.0168
53083.6071 8.2825 0.0153
53502.3879 8.1787 0.0154
54563.4941 9.5566 0.0158
53892.3770 6.6739 0.0230
54120.6630 7.4330 0.0172
53879.3083 6.6254 0.0145
57157.4658 7.6432 0.0400
53888.4064 6.6508 0.0151
54528.5221 9.4805 0.0135
52791.4573 8.4539 0.0240
52721.6238 8.5454 0.0342
54600.4459 9.9965 0.0328
54179.5219 7.8075 0.0160
53195.3466 8.3485 0.0160
53146.4903 8.2157 0.0170
57166.3518 9.0489 0.0475
53463.5851 7.7779 0.0245
54597.4509 9.8778 0.0168
53523.4194 8.3100 0.0222
52790.3997 8.5348 0.0277
54620.3589 10.1002 0.0382
53563.3393 7.7691 0.0271
57185.4838 8.7860 0.0627
57078.4911 9.2881 0.0483
57105.5730 8.8968 0.0697
53890.4800 6.5388 0.0763
53198.3064 8.5790 0.1022
57104.5182 8.8638 0.0688
54619.3119 10.0610 0.0836
