52730.5708 3.2996 0.0254
56801.3749 3.3965 0.0280
53851.4197 2.7499 0.0166
53911.3265 2.7916 0.0206
53847.5732 2.7437 0.0269
53524.2997 2.9735 0.0107
53462.4911 3.0035 0.0358
54186.5147 2.9573 0.0177
57420.5809 2.2698 0.0293
53853.4234 2.7316 0.0150
52710.6200 3.3536 0.0131
52817.2960 3.2203 0.0241
54531.5699 2.1226 0.0095
57191.4580 2.5198 0.0321
56833.3526 3.3938 0.0341
53586.2931 2.9558 0.0145
53466.6117 2.9250 0.0137
54255.3352 2.4113 0.0166
54209.4920 2.9262 0.0118
53505.3877 2.9547 0.0188
52813.3474 3.1870 0.0147
53109.5778 2.8947 0.0162
52792.4193 3.2246 0.0201
52722.5967 3.3637 0.0241
53769.6072 2.9229 0.0117
54205.4858 2.7973 0.0130
53122.4995 2.8364 0.0074
53083.6071 2.9831 0.0122
54262.4003 2.5757 0.0134
56712.5038 3.6686 0.0418
52791.4573 3.2961 0.0208
56751.3675 3.8029 0.0433
52721.6238 3.3995 0.0326
57433.5504 2.3564 0.0299
56744.5399 3.5630 0.0454
56837.3458 3.2108 0.0417
57134.4954 2.9075 0.0377
54557.5439 2.0899 0.0123
53888.4048 2.7612 0.0147
56772.5627 3.8972 0.0520
54213.5730 2.8473 0.0157
54591.3847 2.0047 0.0113
57220.2890 2.3894 0.0329
53943.3011 2.6861 0.0134
53939.3051 2.6923 0.0134
54621.4043 1.7568 0.0114
53883.3877 2.7581 0.0138
54600.4443 2.1399 0.0304
56715.5752 3.5895 0.0386
53766.6154 2.3609 0.0119
53772.6248 2.8942 0.0141
56839.3381 3.4056 0.0467
54113.6596 2.7869 0.0155
53138.4597 2.8028 0.0141
54117.6445 2.8204 0.0119
56811.4574 3.3986 0.0401
56741.6340 3.5502 0.0625
56809.4820 3.5349 0.0460
53936.3082 2.7073 0.0133
56723.5137 3.6761 0.0428
54535.5061 2.0915 0.0113
56798.4478 3.4003 0.0451
53195.3443 2.6643 0.0123
52790.4020 3.2791 0.0396
57547.4163 2.7742 0.0325
54570.4252 2.0789 0.0276
53411.6219 3.1789 0.0126
53553.4126 2.9818 0.0134
57213.3122 2.4004 0.0306
54176.5626 2.9528 0.0131
56831.3404 3.4323 0.0387
53583.3030 2.9510 0.0151
53146.4880 2.5277 0.0133
53518.4463 3.0614 0.0272
54594.4510 1.9392 0.0115
56807.3136 3.4585 0.0399
57216.3027 2.5053 0.0338
54624.3824 1.9873 0.0125
54124.6293 2.8058 0.0123
56841.3435 3.4140 0.0465
53875.3602 2.7165 0.0125
57542.3828 2.7383 0.0309
57123.5755 2.7789 0.0544
53879.3092 2.6926 0.0136
54588.5506 1.9373 0.0164
53527.3510 2.6766 0.0125
56776.4836 3.5846 0.0413
54120.6614 2.8129 0.0149
54144.5872 2.7522 0.0131
53200.2651 2.6408 0.0133
54538.5756 2.0919 0.0137
56722.4730 3.6039 0.0427
54528.5205 2.1555 0.0104
57492.5703 2.6031 0.0364
57479.5706 2.5690 0.0381
53551.3274 2.9953 0.0127
57223.3876 2.3685 0.0348
54201.4521 3.0079 0.0136
53149.3314 2.7861 0.0128
56835.3435 3.3411 0.0392
54597.4492 2.0462 0.0116
56805.4347 3.3973 0.0435
53531.3598 3.0179 0.0133
54524.5250 2.1855 0.0197
54511.5791 2.2148 0.0099
53523.4194 3.0287 0.0191
53916.3237 2.7087 0.0192
54614.3914 2.0098 0.0147
53743.6329 2.9434 0.0136
53117.4837 2.8689 0.0145
54179.5209 2.9917 0.0149
54266.2912 2.6176 0.0149
53121.5122 2.8160 0.0146
53799.4775 2.7651 0.0150
53175.3835 2.7873 0.0144
53855.4150 2.7436 0.0151
54183.5053 3.0076 0.0160
53495.4384 2.8335 0.0152
53473.5868 2.9313 0.0173
56803.4932 3.4795 0.0694
53469.5178 2.9489 0.0152
53906.3674 2.6709 0.0169
54618.4129 2.0073 0.0133
53563.3393 3.0050 0.0243
54229.4776 2.7499 0.0245
53165.4089 2.7643 0.0142
53446.5312 3.0250 0.0150
54563.4930 2.0089 0.0145
53502.3868 2.8930 0.0164
54561.4228 2.0328 0.0143
53500.3147 2.9092 0.0153
54151.6493 2.9164 0.0163
54153.5957 2.8666 0.0153
53463.5896 3.0192 0.0259
54259.3118 2.6575 0.0137
53892.3759 2.6587 0.0284
53178.3740 2.7506 0.0144
57157.4700 2.6453 0.0419
53578.3420 2.9209 0.0208
53390.6479 3.1613 0.0157
57166.3553 2.5744 0.0473
53859.3659 2.7581 0.0199
54620.3574 2.0035 0.0335
56778.3220 3.4991 0.0637
56783.3709 3.4598 0.0751
57520.3387 2.7726 0.0540
56781.3742 3.5595 0.0676
57508.4332 2.8175 0.0476
57160.5099 2.6412 0.0516
57185.4913 2.5390 0.0565
54234.4846 2.7864 0.0181
56780.3326 3.4229 0.0644
53890.4800 2.7025 0.0651
57104.5235 2.8349 0.0718
53198.3064 2.7177 0.0937
57105.5754 3.0846 0.0812
54619.3119 1.9324 0.0598
57078.4947 2.9835 0.0827
