57420.5465 0.8960 0.0310
57194.4042 1.1279 0.0324
57547.3894 1.0118 0.0295
57433.5227 0.9013 0.0285
57459.5423 0.9615 0.0326
57160.3607 1.0569 0.0301
57133.4154 1.0378 0.0327
57157.4382 1.1058 0.0371
57216.2706 1.0686 0.0319
57223.3574 1.1746 0.0334
57479.5414 0.9455 0.0359
57213.2820 1.0731 0.0292
57220.2575 1.1449 0.0398
57520.3067 0.8987 0.0380
57508.4044 0.9376 0.0315
57542.3556 1.0875 0.0297
57567.2966 1.7927 0.0413
57185.4561 1.2885 0.0469
57492.5382 0.8529 0.0431
56743.5109 1.4147 0.0748
57078.4410 1.1300 0.0538
57191.4231 1.5533 0.0426
56841.3122 1.0665 0.0542
56741.5882 2.2414 0.1083
57123.5324 0.9564 0.0720
56783.3355 0.8878 0.0861
57195.4008 1.2032 0.0514
56780.3013 1.1923 0.0790
56798.4168 1.3297 0.0596
57166.3209 1.2373 0.0695
56751.3382 1.2322 0.0767
57105.5603 0.9362 0.0508
56772.5306 0.9971 0.0810
57134.4685 1.0331 0.0593
56778.2910 1.2877 0.1014
56801.3411 1.2645 0.0959
57460.4767 0.9671 0.1032
56803.4012 1.4528 0.1105
57104.4590 1.1057 0.0630
54620.3656 1.7565 0.0466
56839.3068 2.9585 0.0978
56837.3148 1.4359 0.0835
