57420.5763 1.3513 0.0297
56801.3688 2.2345 0.0422
56833.3478 2.1574 0.0407
53147.4525 2.6049 0.0073
56744.5358 2.6459 0.0464
56776.4795 2.5215 0.0429
56772.5585 2.6118 0.0498
56723.5097 2.6782 0.0450
56781.3691 2.6070 0.0511
57123.5698 1.4995 0.0552
56831.3363 2.1244 0.0396
57213.3079 1.7638 0.0318
57223.3832 1.6945 0.0358
57134.4907 1.5069 0.0389
56798.4422 2.2454 0.0423
56722.4684 2.8231 0.0423
56839.3341 2.2000 0.0460
57160.5054 1.5904 0.0380
56751.3634 2.5540 0.0439
56805.4306 2.0937 0.0433
57520.3333 1.4216 0.0381
57542.3791 1.2798 0.0308
56809.4772 2.1906 0.0489
57479.5663 1.4990 0.0383
56803.4885 2.1947 0.0550
56837.3417 2.1601 0.0421
57433.5460 1.3178 0.0308
56835.3395 2.2424 0.0403
57547.4125 1.2163 0.0321
57492.5660 1.5508 0.0370
56715.5711 2.6780 0.0398
57191.4517 1.7312 0.0374
56741.6278 2.5139 0.0621
56712.4997 2.7283 0.0429
56778.3170 2.4269 0.0451
57220.2845 1.6350 0.0364
57157.4650 1.6129 0.0387
56807.3096 2.2074 0.0443
56780.3275 2.3818 0.0458
56811.4533 2.0336 0.0403
56841.3393 2.0033 0.0458
57508.4284 1.5065 0.0334
57216.2975 1.6284 0.0345
56783.3659 2.4586 0.0533
57185.4838 1.8064 0.0542
57166.3513 1.5197 0.0436
57078.4898 1.7253 0.0486
57105.5730 1.5803 0.0564
57104.5182 1.5892 0.0520
54620.3618 1.9554 0.0414
