57479.5240 2.2279 0.0222
57420.5453 2.3969 0.0302
56743.5101 2.1873 0.0336
56715.4854 2.2714 0.0391
56741.5899 2.2313 0.0499
57567.2896 2.1263 0.0276
56781.3397 2.3087 0.0442
56776.4499 2.3993 0.0347
56798.4117 2.4203 0.0316
56778.2875 2.3725 0.0381
56783.3308 2.4186 0.0452
57520.3008 2.0273 0.0414
57542.3509 2.0015 0.0249
57460.4734 2.4398 0.0286
57508.3994 2.0462 0.0268
56780.2967 2.4143 0.0410
57492.5332 2.1597 0.0306
56744.5344 2.2887 0.0352
56751.3336 2.4631 0.0413
56803.4158 2.3345 0.0413
57459.5373 2.3440 0.0289
56772.5257 2.3355 0.0430
57433.5183 2.3171 0.0279
56837.3086 2.4286 0.0417
57216.2664 2.4317 0.0333
56723.4793 2.3563 0.0444
56809.4449 2.3505 0.0441
56811.4224 2.3172 0.0392
56807.2789 2.3368 0.0449
56829.3208 2.3258 0.0465
56801.3342 2.4162 0.0471
56805.3990 2.3800 0.0409
56800.5027 2.3841 0.0682
56721.5890 2.1761 0.0496
57213.2777 2.4254 0.0304
57194.3999 2.1508 0.0331
57133.4106 2.2835 0.0316
57220.2508 2.4131 0.0866
57223.3531 2.4096 0.0339
57157.4336 2.3306 0.0350
56833.3145 2.4706 0.0403
56835.3083 2.5360 0.0395
56831.3056 2.5560 0.0400
57160.3564 2.3342 0.0311
56839.3023 2.6011 0.0454
56841.3064 2.4394 0.0507
57547.3854 1.9732 0.0282
56712.4698 2.3153 0.0514
57419.5251 2.3028 0.0611
57191.4184 2.4015 0.0442
56722.4387 2.3319 0.0520
57156.4565 2.3931 0.0594
57185.4502 2.4042 0.0562
57123.5278 2.3894 0.0873
53496.3580 3.0051 0.0128
57134.4666 2.3249 0.0567
56711.5225 2.3821 0.0809
57195.3988 2.0884 0.0528
57104.4484 2.3474 0.0455
57078.4234 2.1373 0.0515
57166.3176 2.3819 0.0925
57155.3863 2.2855 0.2538
57105.5577 2.4602 0.0742
