56801.3746 2.2227 0.0337
57420.5809 2.5243 0.0305
56833.3526 2.4711 0.0351
57191.4580 2.3327 0.0333
56712.5038 1.8838 0.0417
56778.3210 2.1274 0.0455
57492.5703 2.3950 0.0369
57479.5706 2.6820 0.0391
56807.3136 2.3094 0.0408
57216.3027 2.2203 0.0348
56780.3316 2.1292 0.0457
56811.4574 2.2944 0.0411
56783.3699 2.0438 0.0550
57433.5504 2.5838 0.0314
56841.3435 2.3346 0.0478
56744.5399 1.9391 0.0462
56723.5137 1.8142 0.0428
57134.4954 2.6848 0.0388
56751.3675 2.0338 0.0436
56781.3732 2.0486 0.0482
57123.5755 2.6780 0.0561
56798.4478 2.1515 0.0459
56772.5627 1.9853 0.0523
57223.3876 2.2285 0.0359
56835.3435 2.6218 0.0407
56715.5752 1.8918 0.0386
57547.4163 2.2754 0.0324
52816.2921 2.4863 0.0104
57220.2890 2.1296 0.0337
56805.4347 2.2774 0.0448
57542.3828 2.2665 0.0308
56776.4836 2.0669 0.0415
57213.3122 2.2680 0.0314
57520.3376 2.3238 0.0383
56831.3404 2.5208 0.0399
56837.3458 2.3468 0.0430
56839.3381 2.5720 0.0484
56722.4730 1.8249 0.0428
57508.4323 2.4483 0.0335
57157.4700 2.7621 0.0433
57166.3553 2.8050 0.0492
57185.4913 2.3877 0.0578
56809.4813 2.2685 0.0812
56741.6329 1.4651 0.1165
57160.5099 2.7187 0.0539
56803.4930 2.2045 0.1000
57078.4942 2.8611 0.0529
57104.5235 2.9538 0.0742
57105.5754 3.1266 0.0837
