57420.5625 22.0625 0.0444
56833.3397 12.8888 0.0459
53496.3516 11.5150 0.0108
53472.4934 11.7243 0.0116
56712.4876 12.4235 0.0563
56783.3499 12.0303 0.0653
56715.5589 12.3827 0.0538
57157.4515 17.4575 0.0567
56722.4562 12.4267 0.0555
56809.4644 12.6180 0.0606
56839.3207 13.0175 0.0591
56841.3254 12.9321 0.0619
56781.3570 11.7728 0.0609
56835.3266 12.9376 0.0549
56811.4410 12.5831 0.0551
57492.5529 24.9781 0.0617
56751.3512 11.9842 0.0587
56837.3290 12.8613 0.0573
57133.6087 17.6152 0.0658
57213.2951 18.3870 0.0528
56780.3146 11.8325 0.0592
57160.3736 17.3535 0.0519
57123.5514 17.5210 0.0651
56772.5452 11.7860 0.0629
57191.4374 17.9465 0.0587
56805.4182 12.5477 0.0587
56744.5234 11.9439 0.0562
57223.3703 18.6503 0.0565
57547.4010 23.4890 0.0596
57220.2711 18.4059 0.0571
56803.4723 12.4259 0.0619
57508.4165 24.5431 0.0623
56831.3240 13.0773 0.0550
57134.4821 17.5271 0.0640
56807.2972 12.6795 0.0575
57433.5341 24.4369 0.0595
56778.3048 11.9853 0.0580
56798.4301 12.3681 0.0533
56801.3529 12.4787 0.0577
57567.3029 23.2359 0.0646
56776.4673 11.9437 0.0566
57542.3673 23.7561 0.0587
57216.2834 18.4659 0.0567
57479.5533 25.3476 0.0616
57520.3201 23.8602 0.0612
56723.4975 12.4563 0.0579
52793.2667 12.7026 0.0377
57078.4761 16.4780 0.0658
57166.3371 17.3004 0.0630
56741.6072 11.9616 0.1272
57185.4701 17.7017 0.0827
53388.6169 12.3931 0.0278
57104.4732 16.7155 0.1128
