53472.5316 12.7437 0.0131
57420.5641 14.5130 0.0527
52813.3181 13.9621 0.0126
57191.4488 14.4925 0.0654
56833.3438 14.6573 0.0695
57134.4881 14.3950 0.0671
56798.4351 14.9071 0.0788
57542.3721 13.7147 0.0679
56837.3344 14.5719 0.0815
57220.2765 14.3731 0.0762
56839.3258 14.7183 0.0853
56723.5026 14.7416 0.0849
56829.3180 9.4611 0.0672
57123.5590 14.1832 0.0889
57567.3083 13.0434 0.0796
56809.4696 14.9692 0.0871
56811.4461 15.0947 0.0807
57492.5583 14.8095 0.0749
53474.4540 12.8993 0.0189
56803.4782 14.8304 0.0956
56835.3316 14.8151 0.0801
57479.5587 14.6840 0.0728
56778.3099 15.1505 0.0859
56741.6154 14.7784 0.1004
56783.3584 14.8967 0.0996
56780.3197 15.0589 0.0864
56744.5287 15.0792 0.0864
56776.4725 15.0198 0.0817
57520.3257 14.1477 0.0720
57216.2889 14.3420 0.0706
57223.3757 14.1634 0.0715
56781.3621 15.0727 0.0909
56722.4613 14.5643 0.0799
56807.3023 14.9839 0.0831
56841.3305 14.7823 0.0875
57547.4059 13.5491 0.0688
56712.4926 14.5278 0.0816
57160.3789 14.7115 0.0681
56751.3563 15.1131 0.0856
57433.5388 14.6246 0.0685
56772.5509 14.8863 0.0891
57157.4572 14.6866 0.0724
56831.3291 14.8383 0.0789
56715.5640 14.5075 0.0786
56865.2991 14.3166 0.0796
56801.3580 14.8304 0.0818
57508.4214 14.5240 0.0738
56805.4233 14.9447 0.0844
57078.4811 13.9369 0.1125
57105.5696 13.9586 0.1114
57185.4767 14.6075 0.0816
57213.2999 14.3962 0.1071
57166.3419 14.5047 0.1192
57104.4950 13.9929 0.0792
53770.6220 15.6637 0.0416
54620.3581 12.7242 0.0686
