53911.3299 9.8901 0.0206
53847.5691 13.5675 0.1028
52730.5754 8.8865 0.0183
53851.4197 12.6517 0.0204
53462.4875 10.7656 0.0455
53524.2997 10.7893 0.0142
57420.5809 8.4995 0.0356
54186.5159 7.2933 0.0192
56801.3750 7.8900 0.0375
53853.4234 12.3850 0.0194
52710.6200 8.5848 0.0153
54531.5715 5.6475 0.0115
53586.2942 10.4726 0.0178
52817.2962 9.6555 0.0351
52790.4028 9.2159 0.1393
53505.3877 10.8969 0.0221
53553.4142 10.0739 0.0161
54262.4016 6.2361 0.0156
52722.5967 8.6285 0.0260
53769.6072 12.3904 0.0174
54176.5642 6.7667 0.0139
53466.6123 10.7508 0.0177
53122.4995 12.0192 0.0110
54570.4293 6.9761 0.0254
54538.5780 6.2944 0.0166
54205.4842 7.0244 0.0174
54624.3832 6.7939 0.0160
52791.4573 9.3356 0.0243
53502.3863 10.9674 0.0187
52721.6238 8.6713 0.0346
57433.5504 8.4207 0.0407
56712.5038 6.0467 0.0471
54179.5235 7.5218 0.0159
54557.5439 6.7746 0.0155
54144.5888 7.2063 0.0164
56772.5627 7.6125 0.0588
53138.4623 11.4277 0.0185
54528.5229 6.0060 0.0129
54535.5084 6.2156 0.0140
54591.3847 6.9548 0.0146
57220.2890 7.5860 0.0419
53943.3011 11.0402 0.0189
53939.3051 11.1011 0.0186
54117.6469 7.0974 0.0147
53500.3142 11.0251 0.0179
54621.4043 5.9201 0.0145
54183.5047 7.4558 0.0167
54120.6638 8.0480 0.0199
54600.4443 7.0966 0.0317
53175.3829 12.5185 0.0184
53766.6154 12.5490 0.0187
54113.6596 8.1815 0.0182
56722.4730 7.1500 0.0499
56783.3699 7.5532 0.0606
57542.3828 8.7854 0.0413
56723.5137 4.4204 0.0458
53743.6361 11.8134 0.0175
56798.4478 7.9653 0.0530
53883.3893 11.8964 0.0200
53551.3298 10.7874 0.0172
57547.4163 8.9435 0.0432
53495.4378 10.8500 0.0183
57191.4582 7.4457 0.0507
54511.5815 5.8298 0.0124
53411.6219 11.0693 0.0175
57213.3122 7.4648 0.0391
53083.6055 11.1310 0.0186
52792.4200 9.0395 0.0261
57520.3376 8.5636 0.0457
53146.4880 11.7556 0.0186
54201.4537 7.0954 0.0167
53518.4463 10.7928 0.0298
54594.4510 6.9823 0.0151
56778.3210 7.6581 0.0527
54266.2939 5.5237 0.0147
57216.3027 7.6699 0.0433
56780.3316 7.7050 0.0527
53473.5895 8.3521 0.0183
56781.3732 7.4719 0.0549
54563.4924 6.8298 0.0161
53149.3338 12.2786 0.0175
53446.5307 10.1016 0.0173
53195.3475 12.4707 0.0180
53165.4116 10.7315 0.0173
56776.4836 7.7357 0.0489
54561.4262 6.7910 0.0158
53200.2675 12.3905 0.0181
54524.5274 5.8532 0.0209
53117.4868 11.3434 0.0179
54588.5506 6.9087 0.0194
57508.4323 8.3598 0.0428
53583.3038 10.6198 0.0198
54259.3144 5.0681 0.0137
54153.5984 7.7756 0.0170
52813.3481 9.6378 0.0206
54124.6317 8.0836 0.0157
57223.3876 7.6150 0.0435
53772.6248 12.4815 0.0201
54597.4492 7.0149 0.0150
54209.4953 6.9069 0.0161
53936.3090 11.2290 0.0189
54255.3336 6.4881 0.0198
53531.3598 10.7973 0.0181
53892.3770 11.8779 0.0277
53578.3447 8.2700 0.0217
53888.4064 11.8082 0.0200
53859.3686 9.5674 0.0204
53527.3510 10.8412 0.0175
53523.4194 10.8972 0.0241
54151.6503 7.8142 0.0203
54614.3924 6.7588 0.0186
53121.5132 11.9183 0.0211
53799.4785 12.6619 0.0226
54234.4877 6.5413 0.0177
53855.4161 12.5930 0.0219
53469.5188 10.8129 0.0209
53178.3751 12.4327 0.0209
53906.3684 11.3012 0.0246
53390.6489 11.5755 0.0215
53916.3248 11.3705 0.0249
54618.4139 6.7623 0.0171
53109.5779 11.8728 0.0269
53875.3616 11.9688 0.0217
54213.5722 6.8197 0.0211
53879.3105 12.0153 0.0228
54229.4787 6.6518 0.0267
57166.3553 7.6645 0.0563
54620.3574 6.8125 0.0426
57479.5695 8.5247 0.0650
56803.4925 7.7868 0.0909
56837.3448 8.2723 0.0720
56831.3394 8.0871 0.0674
56805.4337 7.6618 0.0729
56839.3371 8.2019 0.0782
56744.5389 7.9677 0.0756
57123.5741 8.0561 0.0847
56833.3486 8.0868 0.0678
56807.3126 7.9461 0.0699
56809.4807 7.6996 0.0784
56741.6324 7.7386 0.0975
56751.3665 7.9349 0.0726
53563.3392 10.6762 0.0349
56841.3424 8.0507 0.0771
57078.4942 7.7426 0.0625
56715.5742 7.6880 0.0658
57134.4943 8.0306 0.0622
56811.4564 7.8850 0.0687
56835.3425 8.0904 0.0679
57492.5692 8.3756 0.0669
57157.4694 4.1860 0.0577
57104.5235 8.5326 0.0911
53198.3064 12.5818 0.1083
57105.5754 2.9583 0.0830
57160.5081 7.5265 0.1015
53463.5717 10.6741 0.0513
