57420.5763 34.8415 0.0518
56801.3688 33.4654 0.0708
56833.3478 33.3697 0.0738
53147.4525 58.6740 0.0203
56744.5358 32.8074 0.0796
56776.4795 33.1312 0.0766
56772.5585 33.2672 0.0800
56723.5097 32.2988 0.0781
56781.3691 32.9498 0.0838
57123.5698 34.5767 0.0774
56831.3363 33.8114 0.0759
57213.3079 35.3052 0.0669
57223.3832 35.5685 0.0708
57134.4907 34.7726 0.0714
56798.4422 33.9661 0.0760
56722.4684 32.1348 0.0747
56839.3341 33.5052 0.0813
57160.5054 34.8074 0.0719
56751.3634 32.3350 0.0767
56805.4306 33.9713 0.0786
57520.3333 36.2372 0.0692
57542.3791 37.2878 0.0709
56809.4772 34.0543 0.0861
57479.5663 35.2651 0.0686
56803.4885 33.4908 0.0874
56837.3417 33.3997 0.0770
57433.5460 35.4514 0.0694
56835.3395 33.4978 0.0760
57547.4125 37.4990 0.0728
57492.5660 35.5475 0.0737
56715.5711 32.3217 0.0733
57191.4517 34.8552 0.0715
56741.6278 32.6260 0.0887
56712.4997 32.0521 0.0752
56778.3170 32.8335 0.0788
57220.2845 35.2217 0.0729
57157.4650 34.5807 0.0724
56807.3096 33.5927 0.0823
56780.3275 33.0487 0.0787
56811.4533 33.8207 0.0761
56841.3393 33.4594 0.0772
57508.4284 36.0766 0.0712
57216.2975 35.3826 0.0721
56783.3659 33.0935 0.0822
57185.4838 34.8871 0.0924
57166.3513 35.0673 0.0787
57078.4898 34.9032 0.0974
57105.5730 34.3984 0.1104
57104.5182 34.4551 0.1126
54620.3618 46.0315 0.1124
