57420.5582 4.1126 0.0307
56743.5383 4.3511 0.0437
56741.6094 4.1964 0.0620
56744.5188 4.4318 0.0449
56780.3104 4.2690 0.0505
56833.3288 4.6947 0.0432
56807.2931 4.3517 0.0470
57479.5491 4.5067 0.0428
56712.4835 4.6558 0.0450
56778.3007 4.2399 0.0456
56837.3245 4.7631 0.0451
57220.2668 3.8725 0.0365
57567.2988 4.5536 0.0362
56776.4632 4.1305 0.0446
57191.4328 3.7735 0.0375
56831.3199 4.5794 0.0418
57216.2792 3.8874 0.0366
56839.3166 4.6240 0.0471
57223.3660 3.8977 0.0375
56841.3211 4.6679 0.0522
57194.4128 3.8143 0.0366
56722.4512 4.6988 0.0443
57542.3634 4.5644 0.0360
56723.4935 4.5786 0.0496
56805.4134 4.3833 0.0462
57508.4126 4.7425 0.0365
57185.4654 3.8649 0.0416
56781.3529 4.2496 0.0505
57433.5303 4.3052 0.0341
56801.3488 4.3604 0.0451
57492.5483 4.5743 0.0413
57520.3156 4.8379 0.0436
56811.4368 4.4485 0.0416
56772.5406 4.2066 0.0557
56809.4595 4.4668 0.0459
56803.4668 4.1654 0.0508
56798.4255 4.2733 0.0409
56783.3458 4.1660 0.0553
56715.5548 4.5678 0.0420
57160.3693 3.9107 0.0334
57547.3970 4.4998 0.0352
57213.2908 3.9077 0.0335
56835.3225 4.6841 0.0418
56751.3471 4.3480 0.0482
57157.4471 3.9636 0.0405
57123.5441 3.9657 0.0676
57104.4669 3.5727 0.0620
53472.4634 5.4679 0.0121
57133.6028 3.9880 0.0546
57459.5499 4.4789 0.0528
57134.4738 4.0136 0.0612
57166.3310 3.7493 0.0680
54620.3631 6.2198 0.0545
