56801.3688 1.8281 0.0393
56833.3478 1.9838 0.0392
53147.4525 2.3069 0.0072
56744.5358 1.8724 0.0436
56723.5097 2.1949 0.0426
57123.5698 2.0049 0.0547
56831.3363 1.9716 0.0376
57134.4907 2.3911 0.0389
56839.3341 1.8958 0.0437
57160.5054 2.4247 0.0380
56751.3634 2.1144 0.0417
56805.4306 1.7967 0.0410
56809.4772 1.8061 0.0465
57479.5663 2.3158 0.0383
57420.5776 1.8674 0.0425
56803.4885 1.7870 0.0545
56837.3417 1.9912 0.0402
56835.3395 1.8654 0.0378
57492.5660 2.2872 0.0368
56715.5711 1.9536 0.0368
57191.4517 1.7833 0.0362
57157.4650 2.4003 0.0386
56807.3096 1.9744 0.0417
56811.4533 1.9430 0.0383
56841.3393 2.0558 0.0443
57185.4838 1.9149 0.0527
57508.4294 2.1273 0.0492
56798.4432 1.8606 0.0600
57216.2995 1.7801 0.0500
56781.3701 2.0523 0.0735
57433.5476 2.1362 0.0454
56741.6289 1.8377 0.0504
57166.3518 2.0932 0.0571
57542.3800 2.2296 0.0463
57520.3344 2.0384 0.0557
56780.3285 1.9158 0.0639
56712.5008 1.8607 0.0586
56772.5596 1.8974 0.0696
57078.4898 2.3854 0.0500
57547.4135 2.1294 0.0474
57223.3843 1.7914 0.0509
57105.5730 2.2627 0.0556
57220.2856 1.8306 0.0518
56778.3180 1.9909 0.0626
56783.3669 2.2583 0.0751
56722.4695 1.8434 0.0585
56776.4806 1.8979 0.0593
57213.3090 1.7258 0.0448
54620.3618 2.0971 0.0418
