57420.5718 1.9116 0.0304
56833.3442 1.9463 0.0373
52814.3124 2.1760 0.0084
56805.4265 1.8866 0.0438
56781.3651 1.8255 0.0486
57492.5616 1.8406 0.0345
56798.4382 1.8654 0.0402
57542.3753 1.9059 0.0316
56741.6261 1.9434 0.0758
56841.3344 1.8538 0.0480
57157.4605 2.0389 0.0386
57520.3289 1.9372 0.0396
56801.3611 1.9774 0.0452
57213.3036 1.8979 0.0318
56809.4728 1.9967 0.0459
56839.3294 1.9046 0.0449
57508.4244 1.9273 0.0337
57191.4470 1.9234 0.0356
56722.4643 1.8538 0.0413
57134.4858 1.9096 0.0374
56835.3351 1.9621 0.0394
56712.4957 1.8500 0.0422
56723.5056 1.7650 0.0436
56811.4492 1.9892 0.0399
57223.3789 1.9090 0.0357
57216.2922 1.9623 0.0353
56778.3129 1.8910 0.0455
56783.3617 1.9169 0.0553
57220.2801 1.8142 0.0356
57479.5619 1.7890 0.0387
56807.3055 2.0129 0.0414
56780.3231 1.8579 0.0457
56837.3376 1.9970 0.0422
56831.3322 1.9095 0.0384
57547.4087 1.9214 0.0321
56751.3593 1.9044 0.0442
56744.5318 1.8257 0.0443
52813.3147 2.2034 0.0092
56772.5541 1.8108 0.0516
56715.5670 1.8551 0.0383
56776.4755 1.8986 0.0420
57433.5416 1.9595 0.0312
56803.4819 1.9834 0.0632
57160.4616 2.1047 0.0427
57078.4859 1.9339 0.0384
57166.3455 1.9700 0.0497
57105.5711 1.9992 0.0549
56829.3180 1.9295 0.0502
57104.5060 1.9180 0.0448
57185.4795 1.9782 0.0651
56865.2991 1.8628 0.0528
57123.5621 1.8930 0.0797
57567.3097 1.8318 0.0912
