57420.5582 2.8885 0.0294
56743.5383 3.5903 0.0434
56741.6094 3.5758 0.0614
53472.4934 3.1987 0.0091
56780.3104 3.3736 0.0487
56833.3288 3.1887 0.0407
56807.2931 3.3441 0.0451
57479.5491 2.4888 0.0402
56712.4835 3.6557 0.0440
56778.3007 3.4146 0.0441
56837.3245 3.0532 0.0421
57220.2668 3.1755 0.0356
57567.2988 2.6601 0.0333
56776.4632 3.4875 0.0439
57191.4328 3.0817 0.0367
56831.3199 3.1508 0.0392
57216.2792 3.0501 0.0354
56839.3166 3.0914 0.0446
57223.3660 3.1744 0.0364
56841.3211 3.0903 0.0496
57194.4128 3.1593 0.0358
56744.5188 3.7471 0.0443
57542.3634 2.6120 0.0330
56723.4935 3.7744 0.0491
56805.4134 3.2601 0.0440
57508.4126 2.4210 0.0329
57185.4654 3.1350 0.0406
56781.3529 3.5062 0.0491
57433.5303 2.9556 0.0320
56801.3488 3.3738 0.0434
57492.5483 2.3425 0.0382
57520.3156 2.5306 0.0411
56811.4368 3.2881 0.0395
56772.5406 3.5698 0.0549
56809.4595 3.3536 0.0439
56803.4668 3.2344 0.0491
56798.4255 3.2941 0.0391
56783.3458 3.3781 0.0536
56715.5548 3.7107 0.0413
57160.3693 2.7319 0.0316
57547.3970 2.7885 0.0328
57213.2908 3.1698 0.0324
56722.4512 3.7685 0.0435
56835.3225 3.0816 0.0392
56751.3471 3.6057 0.0474
57157.4471 2.6019 0.0387
57133.6028 2.4786 0.0523
57123.5441 2.5257 0.0651
57104.4669 2.7940 0.0607
57459.5499 2.6269 0.0488
57134.4738 2.5186 0.0579
57166.3310 2.9148 0.0665
54620.3631 3.1475 0.0459
