52730.5705 9.7808 0.0328
53462.4908 7.2421 0.0337
53847.5729 6.7471 0.0256
53911.3288 7.2387 0.0192
53851.4182 6.7360 0.0167
53853.4352 6.7416 0.0168
53586.2942 7.0007 0.0129
53524.3013 7.3707 0.0116
54186.5147 5.5875 0.0171
54531.5740 6.3664 0.0106
53466.6127 7.2103 0.0129
52710.6200 9.7104 0.0163
53583.3046 7.0572 0.0138
54570.4284 7.0298 0.0230
53799.4817 6.7041 0.0192
52817.2960 8.6021 0.0313
54624.3824 7.7048 0.0139
53505.3888 7.4638 0.0188
54262.4012 5.5275 0.0139
56801.3744 7.9999 0.0432
54209.4929 5.3217 0.0125
53769.6082 7.0462 0.0134
54561.4254 6.7925 0.0133
53146.4901 9.4435 0.0161
54151.6503 6.4513 0.0153
54153.5968 6.3175 0.0145
54229.4787 5.2568 0.0200
54117.6461 7.0646 0.0137
54524.5266 6.3248 0.0189
53553.4142 7.3690 0.0152
54144.5888 6.5510 0.0144
53578.3431 7.0613 0.0189
53411.6236 6.9785 0.0140
54511.5807 6.3557 0.0119
54213.5722 5.3134 0.0159
54614.3924 7.9616 0.0154
53936.3074 7.4585 0.0152
54255.3352 5.5749 0.0178
54600.4459 7.6592 0.0283
53200.2667 8.7490 0.0154
54621.4059 7.6965 0.0146
52790.4028 8.7284 0.1348
53175.3845 9.2290 0.0155
54266.2923 5.6665 0.0136
54557.5455 6.7402 0.0142
54234.4877 5.2726 0.0133
53859.3669 6.7944 0.0172
53473.5879 7.3426 0.0161
53121.5132 9.0573 0.0153
54591.3863 7.3536 0.0137
54179.5219 5.6609 0.0134
54563.4941 7.0706 0.0148
52813.3474 8.5282 0.0184
54588.5522 7.1563 0.0177
53883.3893 6.9363 0.0153
54183.5063 5.6113 0.0142
53551.3290 7.3417 0.0143
53939.3067 7.4022 0.0151
53875.3594 6.8386 0.0141
53772.6264 6.9813 0.0154
52792.4193 8.6493 0.0238
54201.4537 5.4322 0.0140
54535.5077 6.4411 0.0132
53446.5324 7.0410 0.0143
53943.3027 7.4068 0.0154
54259.3128 5.6195 0.0129
53906.3684 7.0850 0.0167
53138.4614 9.3424 0.0163
53109.5778 8.9126 0.0195
53469.5188 7.3054 0.0148
53178.3751 9.1425 0.0150
53149.3330 9.3404 0.0150
52722.5967 9.7040 0.0263
53390.6489 7.3130 0.0149
53531.3615 7.4147 0.0149
53916.3248 7.0817 0.0176
53117.4850 8.8687 0.0150
53766.6170 7.1218 0.0142
53495.4394 7.4550 0.0151
54176.5642 5.7103 0.0137
54124.6309 6.8907 0.0139
54120.6630 6.9565 0.0172
54205.4858 5.3471 0.0148
54594.4526 7.4733 0.0142
53165.4100 9.4066 0.0151
54618.4140 7.6874 0.0142
53527.3526 7.4061 0.0144
53195.3465 9.0121 0.0153
53743.6336 7.1092 0.0136
53500.3158 7.5344 0.0147
53518.4479 7.4207 0.0255
54538.5772 6.3391 0.0153
54113.6612 7.1361 0.0169
53083.6071 8.3730 0.0156
53855.4161 6.7643 0.0144
53502.3879 7.4429 0.0154
54597.4509 7.5554 0.0141
53892.3770 7.1671 0.0231
53879.3083 6.8748 0.0150
53888.4064 7.0364 0.0155
54528.5221 6.4349 0.0123
52791.4573 8.7399 0.0243
52721.6238 9.6683 0.0344
57191.4582 7.3259 0.0505
57420.5797 7.8823 0.0501
53463.5851 7.1978 0.0244
53523.4194 7.4123 0.0223
53563.3393 7.2716 0.0275
53122.5059 9.0320 0.0126
54620.3574 7.6628 0.0466
57479.5695 8.4104 0.0649
56831.3394 7.3715 0.0659
56803.4925 8.0150 0.0910
57508.4313 8.2336 0.0604
56778.3200 8.3337 0.0762
56837.3448 7.3837 0.0702
57433.5495 8.3325 0.0583
56839.3371 7.2634 0.0763
57216.3016 7.3943 0.0613
56783.3689 8.3859 0.0884
56744.5389 8.4459 0.0765
57123.5741 7.5473 0.0840
56723.5127 8.4314 0.0734
56772.5617 8.4175 0.0850
56798.4468 8.0461 0.0742
57213.3111 7.5494 0.0554
56833.3486 7.1865 0.0660
57542.3819 7.7065 0.0570
56807.3126 7.8839 0.0698
56809.4807 7.7229 0.0786
56741.6324 8.4810 0.0989
57220.2879 7.4502 0.0590
57547.4153 7.8834 0.0595
56751.3665 8.2666 0.0731
56841.3424 7.1958 0.0756
56712.5028 8.0920 0.0705
56781.3722 8.1568 0.0789
56780.3305 8.4040 0.0752
56805.4337 7.7964 0.0732
56776.4826 8.4327 0.0710
56715.5742 8.0832 0.0666
57134.4943 7.4205 0.0610
56811.4564 7.7557 0.0683
56835.3425 7.2439 0.0661
56722.4715 8.2996 0.0729
57492.5692 8.2372 0.0666
57223.3865 7.3813 0.0621
57520.3365 7.9496 0.0645
53198.3064 9.1169 0.1038
53890.4800 6.9449 0.0814
57078.4937 8.2652 0.0754
57157.4689 7.3517 0.0763
57166.3534 7.3783 0.1033
57160.5081 7.4118 0.1011
