52730.5705 1.7717 0.0243
53911.3288 1.4524 0.0167
53851.4182 1.7573 0.0146
53847.5750 1.7224 0.0226
53462.4885 1.6663 0.0220
56801.3749 1.5070 0.0261
53853.4352 1.7287 0.0147
53586.2942 1.5928 0.0103
53524.3013 1.7482 0.0088
54186.5147 1.9145 0.0160
54531.5740 1.5189 0.0078
57420.5809 2.2737 0.0292
53466.6127 1.6156 0.0100
52710.6200 1.8014 0.0120
53583.3046 1.6043 0.0105
54570.4284 1.5414 0.0214
53799.4817 1.6747 0.0157
52817.2960 1.6034 0.0221
54262.4012 1.6676 0.0116
54209.4929 1.8613 0.0100
54624.3824 1.3252 0.0095
57191.4580 1.6097 0.0307
53505.3888 1.7259 0.0164
56833.3526 1.5003 0.0311
53769.6082 1.7143 0.0096
54561.4254 1.5567 0.0098
53146.4901 1.4880 0.0113
54151.6503 1.8032 0.0118
54153.5968 1.8028 0.0109
54117.6461 1.8254 0.0098
54524.5266 1.4647 0.0167
53553.4142 1.6383 0.0109
54144.5888 1.8246 0.0110
53578.3431 1.5975 0.0150
53411.6236 1.6694 0.0101
54511.5807 1.4957 0.0082
54213.5722 1.8260 0.0133
54614.3924 1.3507 0.0107
53936.3074 1.3535 0.0108
54255.3352 1.7525 0.0161
54600.4459 1.3755 0.0268
53446.5324 1.7338 0.0105
54621.4059 1.3175 0.0099
53175.3845 1.5404 0.0102
54266.2923 1.7122 0.0108
54557.5455 1.5644 0.0105
54234.4877 1.7338 0.0106
53859.3669 1.6894 0.0147
53200.2667 1.5921 0.0108
53473.5879 1.6187 0.0124
53121.5132 1.4432 0.0103
54591.3863 1.4660 0.0096
54179.5219 1.8423 0.0106
54563.4941 1.5512 0.0111
52813.3474 1.5907 0.0133
54588.5522 1.4714 0.0142
53883.3893 1.5565 0.0115
53109.5778 1.3832 0.0151
54183.5063 1.8768 0.0115
53551.3290 1.6542 0.0104
53939.3067 1.3571 0.0109
53875.3594 1.5843 0.0102
53772.6264 1.7318 0.0115
52792.4193 1.7162 0.0189
54201.4537 1.8718 0.0114
53527.3526 1.7463 0.0105
54535.5077 1.5334 0.0095
53943.3027 1.3873 0.0109
54259.3128 1.7155 0.0099
53138.4614 1.4829 0.0115
53469.5188 1.6378 0.0109
53178.3751 1.5568 0.0101
53149.3330 1.5126 0.0105
53906.3684 1.4613 0.0125
52722.5967 1.8719 0.0230
53390.6489 1.7056 0.0111
53531.3615 1.7405 0.0109
53916.3248 1.4364 0.0139
53117.4850 1.4494 0.0102
53766.6170 1.7300 0.0100
53495.4394 1.6719 0.0111
54176.5642 1.8417 0.0109
54124.6309 1.8023 0.0102
54205.4858 1.8688 0.0123
54594.4526 1.4443 0.0099
53165.4100 1.5245 0.0101
54618.4140 1.3603 0.0098
53122.4995 1.4844 0.0068
53195.3465 1.5873 0.0102
53743.6336 1.7484 0.0095
54229.4787 1.7585 0.0184
53518.4479 1.7449 0.0236
54538.5772 1.5108 0.0117
54113.6612 1.7768 0.0142
53083.6071 1.3636 0.0110
53855.4161 1.7236 0.0108
53502.3879 1.7076 0.0119
54597.4509 1.4137 0.0098
53892.3770 1.5461 0.0213
54120.6630 1.8197 0.0143
53879.3083 1.5707 0.0112
53500.3158 1.7037 0.0110
53888.4064 1.5303 0.0121
54528.5221 1.5387 0.0088
56712.5038 2.1644 0.0390
52791.4573 1.7541 0.0194
56751.3675 1.7439 0.0397
52721.6238 1.8273 0.0314
57433.5504 2.3651 0.0298
56744.5399 1.7768 0.0421
56837.3458 1.5553 0.0385
56772.5627 1.7325 0.0485
57220.2890 1.6071 0.0313
57542.3828 2.9866 0.0312
57520.3376 2.8359 0.0380
57216.3027 1.6691 0.0321
56715.5752 2.0016 0.0355
56839.3381 1.5393 0.0432
56811.4574 1.4882 0.0364
56783.3699 1.6008 0.0509
56723.5137 1.9525 0.0395
56798.4478 1.6317 0.0422
57547.4163 3.0841 0.0329
57213.3122 1.5672 0.0289
56805.4347 1.5741 0.0401
56831.3404 1.4434 0.0348
57134.4954 1.4868 0.0354
56807.3136 1.5865 0.0362
56778.3210 1.7989 0.0417
56780.3316 1.6064 0.0416
52790.4020 1.7565 0.0385
56841.3435 1.4184 0.0433
56781.3732 1.7113 0.0443
57123.5755 1.4918 0.0530
56776.4836 1.6761 0.0378
56722.4730 1.9149 0.0395
57508.4323 2.7805 0.0331
56809.4820 1.5475 0.0424
57492.5703 2.6988 0.0364
57479.5706 2.4311 0.0377
57223.3876 1.5922 0.0333
56835.3435 1.4280 0.0354
53463.5851 1.6543 0.0210
53523.4194 1.7324 0.0180
56741.6349 1.8240 0.0616
53563.3393 1.6124 0.0229
57157.4700 1.6186 0.0397
57166.3553 1.5729 0.0451
54620.3574 1.3316 0.0319
57160.5099 1.6543 0.0492
56803.4939 1.6051 0.0731
57078.4942 1.3047 0.0464
57185.4913 1.6641 0.0539
53890.4800 1.4658 0.0608
53198.3064 1.7393 0.0915
57105.5754 1.3304 0.0737
54619.3119 1.2568 0.0574
57104.5235 1.1419 0.0643
