56801.3736 2.0566 0.0245
53911.3287 1.7799 0.0176
53851.4182 1.5830 0.0145
57420.5798 1.9750 0.0239
53853.4352 1.5676 0.0147
53462.4825 1.4484 0.0212
53586.2942 1.6565 0.0103
52730.5629 1.4338 0.0284
53524.3013 1.5178 0.0087
54186.5147 1.1920 0.0157
56833.3518 2.0366 0.0274
53847.5758 1.5184 0.0207
57547.4144 2.1017 0.0227
56798.4450 2.0744 0.0295
56783.3679 1.9803 0.0365
54531.5740 1.5865 0.0078
57508.4303 2.1318 0.0235
56778.3190 2.1074 0.0301
57191.4567 1.5870 0.0262
56772.5606 2.0651 0.0345
57520.3354 2.1301 0.0270
56744.5379 2.3293 0.0308
56751.3655 2.3030 0.0292
56781.3712 2.0399 0.0331
56780.3295 2.1704 0.0307
57492.5682 2.1235 0.0260
56776.4816 2.1226 0.0281
57479.5684 2.1861 0.0272
53466.6127 1.3928 0.0099
57134.4930 1.7425 0.0257
57542.3810 2.1261 0.0218
57157.4671 2.0844 0.0278
56741.6304 2.4481 0.0436
53583.3046 1.6569 0.0105
57213.3111 1.5652 0.0239
56712.5028 2.5169 0.0326
56837.3448 2.0459 0.0324
56722.4718 2.4935 0.0331
57166.3533 1.7330 0.0314
53799.4817 1.4261 0.0155
56831.3394 2.0869 0.0299
52817.2960 1.4522 0.0221
56839.3371 1.9733 0.0358
57216.3016 1.7057 0.0267
57433.5495 1.9618 0.0244
56723.5127 2.4360 0.0336
56809.4807 2.1477 0.0373
56841.3424 2.0475 0.0360
57160.5069 1.8211 0.0298
57123.5741 1.9296 0.0441
54209.4929 1.3772 0.0097
56807.3126 2.0506 0.0314
54624.3824 1.8183 0.0099
57220.2879 1.7106 0.0267
54262.4012 1.7055 0.0116
52710.6192 1.3401 0.0126
56715.5742 2.6001 0.0302
53505.3888 1.3903 0.0162
56805.4337 1.9734 0.0335
56811.4564 1.9238 0.0307
56835.3425 2.0577 0.0304
53769.6082 1.5921 0.0095
54561.4254 1.7523 0.0100
57223.3865 1.5426 0.0275
53146.4901 1.2681 0.0111
54151.6503 1.2588 0.0114
54153.5968 1.2939 0.0105
54524.5266 1.4639 0.0167
53553.4142 1.5383 0.0109
54144.5888 1.2538 0.0106
53411.6236 1.3341 0.0098
54511.5807 1.6082 0.0083
54213.5722 1.4883 0.0131
54614.3924 1.8092 0.0111
53936.3074 1.8136 0.0111
54255.3352 1.6713 0.0161
53200.2667 1.5093 0.0107
54621.4059 1.7341 0.0103
54266.2923 1.6724 0.0107
54557.5455 1.8168 0.0107
54234.4877 1.5961 0.0105
53473.5879 1.4126 0.0122
53121.5132 1.3184 0.0102
54591.3863 1.7779 0.0099
54179.5219 1.1874 0.0101
54563.4941 1.7273 0.0112
52813.3474 1.4586 0.0132
54570.4287 1.8877 0.0235
54588.5522 1.8336 0.0145
53175.3845 1.4548 0.0102
53883.3893 1.6813 0.0116
54183.5063 1.2086 0.0110
53551.3290 1.5305 0.0103
53939.3067 1.7656 0.0112
53875.3594 1.6261 0.0102
54205.4858 1.3598 0.0119
52792.4193 1.5968 0.0188
54600.4459 1.7867 0.0269
54201.4537 1.2518 0.0109
54535.5077 1.6285 0.0096
53446.5324 1.3520 0.0103
53943.3027 1.7822 0.0112
54259.3128 1.6894 0.0099
53138.4614 1.2397 0.0113
53109.5778 1.4725 0.0151
53469.5188 1.4006 0.0107
53178.3751 1.4431 0.0101
53149.3330 1.3646 0.0104
53906.3684 1.9092 0.0128
52722.5967 1.3911 0.0227
53390.6489 1.2986 0.0108
53531.3615 1.4811 0.0107
53916.3248 1.8133 0.0142
53766.6170 1.5948 0.0099
53495.4394 1.4338 0.0109
54176.5642 1.1848 0.0104
54124.6309 1.4511 0.0099
54594.4526 1.8356 0.0102
53165.4100 1.4017 0.0100
54618.4140 1.7631 0.0101
53527.3526 1.4140 0.0103
53122.4995 1.3316 0.0067
53772.6264 1.5745 0.0114
53195.3465 1.4589 0.0101
53743.6336 1.6399 0.0094
54229.4787 1.5847 0.0183
53518.4479 1.4566 0.0235
54538.5772 1.7228 0.0118
54113.6612 1.5278 0.0140
53083.6071 1.4744 0.0111
53855.4161 1.5501 0.0107
53502.3879 1.3475 0.0117
54597.4509 1.8428 0.0101
53892.3770 1.7063 0.0214
54120.6630 1.5337 0.0141
53879.3083 1.6735 0.0113
53500.3158 1.3628 0.0108
53888.4064 1.7061 0.0122
54528.5221 1.6200 0.0089
52791.4573 1.5742 0.0193
52721.6238 1.4471 0.0312
53859.3661 1.5657 0.0164
56803.4926 2.0769 0.0526
54117.6461 1.5428 0.0107
57078.4920 2.0892 0.0340
53117.4842 1.3508 0.0113
53463.5851 2.0631 0.0213
53578.3423 1.7352 0.0169
53523.4194 1.5018 0.0178
52790.3997 1.5259 0.0219
53563.3393 1.6903 0.0229
57185.4892 1.5752 0.0516
54620.3574 1.7835 0.0329
57105.5745 2.1890 0.0549
53890.4800 1.6494 0.0614
53198.3064 1.4175 0.0910
54619.3119 2.0484 0.0602
57104.5235 2.0837 0.0680
