57420.5650 6.2902 0.0380
57542.3692 7.0746 0.0281
57479.5560 7.0187 0.0310
57547.4029 6.6778 0.0279
57433.5366 6.6002 0.0271
57492.5565 7.2660 0.0349
57508.4140 7.2349 0.0342
57520.3174 7.3402 0.0365
57078.4564 8.7219 0.0354
57157.4575 9.1285 0.0794
56801.3755 8.4112 0.0528
57160.4200 9.3273 0.0970
52816.2955 13.9808 0.0133
56778.3210 9.3802 0.0568
56833.3547 8.2794 0.0537
56780.3316 9.3909 0.0568
57567.2972 7.2866 0.0475
56741.6340 8.4684 0.0716
56798.4478 6.9515 0.0515
57123.5547 8.8365 0.1346
57220.2743 9.5820 0.0744
56781.3732 9.3683 0.0593
57459.5423 6.6985 0.0417
56783.3699 9.3568 0.0641
56772.5627 9.2378 0.0621
56776.4836 9.2885 0.0527
56744.5399 8.5137 0.0562
57166.3470 9.4480 0.1117
56751.3675 8.6810 0.0539
57223.3788 9.4593 0.0909
57216.2926 9.4300 0.0918
57185.4802 9.6473 0.0759
57213.3034 9.3144 0.0834
57133.4152 9.0380 0.1533
57191.4462 9.3932 0.0936
57460.4772 6.6100 0.0955
56723.5148 8.1910 0.0747
56837.3468 8.3448 0.0748
57134.4965 8.9365 0.0690
56831.3414 8.4587 0.0702
56809.4832 8.2618 0.0779
56835.3446 8.2390 0.0711
56715.5762 8.1674 0.0697
56839.3391 8.3959 0.0825
56841.3445 8.3793 0.0799
56722.4745 8.0873 0.0749
57105.5676 9.1077 0.1695
56712.5048 7.8451 0.0725
56807.3146 8.3619 0.0715
57194.4048 9.8152 0.1650
56811.4584 8.5553 0.0724
56805.4358 8.3410 0.0770
57195.4003 9.9549 0.3256
57419.5304 6.0707 0.1144
56803.4944 8.7172 0.1617
57104.5235 9.1631 0.0955
