57420.5741 7.6508 0.0244
56833.3460 8.4884 0.0326
56801.3657 8.1925 0.0350
56741.6261 7.4606 0.0461
56723.5077 7.4636 0.0354
57157.4628 7.6527 0.0318
56715.5691 7.3282 0.0318
57520.3311 8.0367 0.0322
56837.3397 8.4392 0.0351
56778.3149 7.9490 0.0366
56809.4750 8.4055 0.0389
57479.5641 7.8139 0.0318
56839.3317 8.4272 0.0372
56841.3368 8.3836 0.0376
56811.4513 8.5279 0.0340
56835.3373 8.5561 0.0338
56783.3638 8.0820 0.0417
57223.3811 7.5426 0.0300
57492.5638 8.0031 0.0311
56744.5338 7.6680 0.0362
57220.2823 7.6374 0.0306
57216.2948 7.5858 0.0300
56798.4402 8.3707 0.0342
56780.3253 7.9405 0.0368
56781.3671 7.9531 0.0394
56772.5563 7.9157 0.0396
57134.4883 7.2875 0.0310
56831.3342 8.5793 0.0334
56722.4664 7.3853 0.0335
57213.3058 7.6621 0.0276
57547.4106 7.9125 0.0293
56712.4977 7.3367 0.0339
56805.4285 8.3673 0.0359
56751.3614 7.6801 0.0354
56807.3075 8.2752 0.0359
57433.5438 7.8266 0.0284
57191.4493 7.7723 0.0303
56776.4775 8.0663 0.0347
57542.3772 7.9343 0.0288
57508.4264 7.9854 0.0301
56803.4857 8.2954 0.0459
57160.4866 7.7509 0.0335
57166.3484 7.7951 0.0380
57123.5673 7.2166 0.0476
57185.4821 7.7658 0.0466
53147.4525 8.8339 0.0099
57078.4874 7.6281 0.0362
57105.5720 7.5049 0.0464
57104.5101 7.5023 0.0426
57567.3097 7.7510 0.1157
54620.3618 7.2450 0.0555
