52730.5708 3.2548 0.0256
53847.5700 2.4081 0.0274
53911.3265 2.7176 0.0207
52698.6084 3.0324 0.0101
56801.3746 1.6730 0.0326
53462.4956 2.3025 0.0352
53524.2997 2.3228 0.0105
54186.5147 2.0964 0.0173
57420.5809 1.9722 0.0298
53586.2926 2.1954 0.0122
53853.4234 2.4576 0.0150
52710.6200 3.2106 0.0128
53081.5404 2.8910 0.0072
52817.2960 3.2260 0.0247
53466.6105 2.3045 0.0121
54531.5699 3.0087 0.0099
57191.4580 1.1155 0.0313
56833.3526 1.4032 0.0328
53109.5778 2.8726 0.0162
53769.6072 2.0153 0.0110
53851.4326 2.4690 0.0138
54209.4920 2.2973 0.0112
54561.4245 2.7988 0.0116
53505.3877 2.3007 0.0187
52813.3474 3.1437 0.0146
54624.3814 2.4272 0.0113
52792.4193 3.2541 0.0203
52722.5967 3.2575 0.0239
53583.3020 2.2116 0.0130
52815.2953 3.2318 0.0086
53122.4995 2.8090 0.0076
53083.6071 2.9436 0.0121
54262.4003 2.6767 0.0135
54205.4842 2.2211 0.0142
56712.5038 1.7308 0.0404
53939.3051 2.5811 0.0132
52791.4573 3.2655 0.0207
54120.6614 2.1600 0.0143
56751.3675 1.7036 0.0419
53875.3578 2.6272 0.0122
52721.6238 3.2609 0.0325
57433.5504 2.0592 0.0300
54179.5203 2.1167 0.0121
54266.2907 2.7120 0.0129
56744.5399 1.6596 0.0443
56837.3458 1.5055 0.0407
57134.4954 1.2054 0.0363
54557.5439 2.8420 0.0128
53888.4048 2.6894 0.0147
54234.4861 2.5435 0.0125
54591.3847 2.6334 0.0117
57220.2890 1.1784 0.0320
53943.3011 2.5619 0.0132
57542.3828 2.3660 0.0307
53799.4769 2.1552 0.0125
57520.3376 2.5655 0.0384
54621.4043 2.4274 0.0119
54183.5047 2.1301 0.0131
53883.3877 2.6616 0.0138
54600.4443 2.6191 0.0305
53175.3829 2.5268 0.0122
56715.5752 1.6672 0.0372
53766.6154 1.9668 0.0116
53502.3863 2.2513 0.0139
53772.6248 2.0537 0.0134
56839.3381 1.4964 0.0457
53473.5863 2.2538 0.0145
54113.6596 2.1839 0.0150
53138.4597 2.7264 0.0140
54117.6445 2.2296 0.0114
56811.4574 1.6613 0.0389
56809.4820 1.6252 0.0450
56783.3699 1.7260 0.0539
56723.5137 1.6335 0.0413
54535.5061 3.0150 0.0119
56798.4478 1.6220 0.0444
53195.3443 2.5089 0.0121
57547.4163 2.3032 0.0322
53495.4378 2.2385 0.0131
54570.4252 2.7206 0.0277
53411.6219 2.2681 0.0119
53469.5172 2.2732 0.0128
53553.4126 2.3352 0.0130
57213.3122 1.1870 0.0295
54176.5626 2.1126 0.0124
56831.3404 1.5552 0.0373
53117.4831 2.7956 0.0124
53518.4463 2.2289 0.0270
54594.4510 2.5898 0.0119
56778.3210 1.6539 0.0437
54618.4124 2.4899 0.0118
56807.3136 1.4435 0.0382
57216.3027 1.2752 0.0328
56780.3316 1.6886 0.0442
54124.6293 2.1918 0.0117
52790.4020 3.3034 0.0403
56841.3435 1.4238 0.0457
56781.3732 1.7183 0.0468
54229.4771 2.4582 0.0211
57123.5755 1.2160 0.0549
53165.4084 2.5914 0.0121
54563.4924 2.8029 0.0134
53446.5307 2.3101 0.0125
54588.5506 2.6800 0.0169
53936.3058 2.5872 0.0131
54213.5706 2.3408 0.0151
53121.5116 2.8097 0.0128
57479.5706 2.3182 0.0384
53892.3754 2.7236 0.0247
53500.3142 2.2846 0.0129
53879.3067 2.6463 0.0135
54144.5872 2.1265 0.0126
53200.2651 2.4168 0.0130
54538.5756 2.9771 0.0143
56722.4730 1.6754 0.0413
57508.4323 2.5064 0.0334
54528.5205 3.0594 0.0110
57492.5703 2.5292 0.0369
54151.6487 2.1275 0.0132
53551.3274 2.3489 0.0123
53906.3668 2.7534 0.0150
57223.3876 1.2785 0.0341
54201.4521 2.1787 0.0130
53149.3314 2.6670 0.0126
53855.4144 2.5350 0.0128
56835.3435 1.5188 0.0378
54153.5952 2.0930 0.0125
54259.3113 2.7024 0.0118
53463.5851 2.2802 0.0218
54597.4492 2.5966 0.0119
56805.4347 1.6476 0.0426
54255.3336 2.7060 0.0181
53531.3598 2.3826 0.0129
54524.5250 3.0454 0.0201
53178.3735 2.4898 0.0121
53578.3415 2.2027 0.0179
53390.6473 2.2157 0.0129
53859.3653 2.4857 0.0170
53916.3232 2.6384 0.0165
53743.6315 1.9047 0.0109
54511.5791 3.0776 0.0105
54614.3908 2.4977 0.0130
53527.3510 2.3347 0.0124
52816.2956 3.0809 0.0101
53523.4194 2.3464 0.0190
56776.4836 1.6721 0.0400
56772.5622 1.7378 0.0627
53146.4857 2.6818 0.0154
53563.3393 2.2540 0.0239
57157.4700 1.2861 0.0408
57166.3553 1.2905 0.0466
54620.3574 2.4263 0.0347
57078.4942 1.3299 0.0486
57160.5099 1.2497 0.0503
56741.6329 1.8298 0.1162
56803.4930 1.5407 0.0964
53890.4800 2.7859 0.0663
53198.3064 2.7525 0.0949
57105.5754 1.5990 0.0781
57104.5235 1.2921 0.0676
57185.4903 1.3829 0.1012
