57420.5625 5.5884 0.0325
56833.3397 5.8343 0.0377
53472.5316 2.9932 0.0096
56712.4876 5.5326 0.0468
56783.3499 5.3043 0.0576
56715.5589 5.7336 0.0443
57157.4515 4.5576 0.0409
56722.4562 5.5340 0.0459
56809.4644 5.2978 0.0497
56839.3207 5.8685 0.0493
56841.3254 5.9859 0.0536
56781.3570 5.1402 0.0520
56835.3266 5.8257 0.0446
56811.4410 5.1810 0.0443
57492.5529 5.4078 0.0394
56751.3512 5.0880 0.0492
57133.6087 4.5009 0.0509
57213.2951 4.9955 0.0359
56780.3146 5.1713 0.0505
57160.3736 4.5705 0.0354
57123.5514 4.3988 0.0550
56772.5452 5.0869 0.0557
57191.4374 4.7766 0.0425
56805.4182 5.3491 0.0486
56744.5234 5.0759 0.0467
57223.3703 5.0315 0.0395
57547.4010 4.9093 0.0363
57220.2711 4.9832 0.0395
56741.6082 5.3286 0.0630
56803.4723 5.1179 0.0523
57508.4165 5.0311 0.0383
56831.3240 5.6604 0.0443
57134.4821 4.4823 0.0472
56807.2972 5.1926 0.0461
57433.5341 5.5439 0.0364
56778.3048 5.2008 0.0485
56798.4301 5.5489 0.0439
56837.3290 5.7047 0.0473
56801.3529 5.2801 0.0479
57567.3029 4.8229 0.0402
56776.4673 5.3880 0.0474
57542.3673 4.9713 0.0356
57216.2834 4.8248 0.0383
57479.5533 5.3938 0.0425
57520.3201 4.9096 0.0437
56723.4975 5.3765 0.0480
57078.4761 4.5963 0.0482
57166.3371 4.5089 0.0485
53474.4540 2.9479 0.0129
57185.4701 4.7752 0.0618
57104.4732 4.4256 0.0781
53496.3644 2.9319 0.0175
