57420.5540 7.0421 0.0335
56743.5233 5.9707 0.0406
56803.4428 5.7546 0.0479
53467.4922 10.8871 0.0106
56741.6039 5.9584 0.0627
57220.2624 7.2964 0.0442
56801.3447 5.7101 0.0470
57133.5964 7.4544 0.0494
56722.4472 6.3515 0.0458
56723.4894 6.4410 0.0484
57194.4085 6.3964 0.0396
57433.5265 7.4433 0.0389
56798.4214 5.7842 0.0433
57223.3617 7.4471 0.0421
56751.3430 5.9459 0.0507
56783.3403 5.6212 0.0574
56772.5360 5.6759 0.0527
57185.4684 6.4739 0.0510
57160.3650 6.8566 0.0380
56841.3171 5.2597 0.0522
57542.3595 8.7720 0.0413
57157.4427 6.8566 0.0433
56712.4795 6.3609 0.0477
57459.5467 8.6998 0.0454
57216.2749 7.1240 0.0413
57520.3112 8.5066 0.0468
56811.4327 5.8397 0.0438
57567.2949 8.1700 0.0448
56715.5507 6.4247 0.0453
56839.3125 5.2843 0.0493
56780.3062 5.6371 0.0528
57479.5453 9.0065 0.0518
56805.4093 5.7046 0.0467
56835.3184 5.1725 0.0426
56744.5528 6.1075 0.0498
57508.4085 8.6417 0.0416
56781.3489 5.6417 0.0522
56776.4591 5.6819 0.0453
56837.3204 5.1393 0.0448
57078.4502 7.2648 0.0509
57213.2865 7.0431 0.0379
56831.3158 5.3202 0.0431
56778.2967 5.5657 0.0484
56833.3247 5.2302 0.0426
57547.3932 8.5692 0.0415
56807.2890 5.8225 0.0466
57492.5435 8.6874 0.0468
56809.4559 5.9414 0.0535
57134.4710 7.5882 0.0523
53884.4341 9.3539 0.0159
57195.4028 6.5506 0.0640
57123.5397 7.2466 0.1358
57104.4634 7.6586 0.0829
57191.4276 6.4377 0.0720
57105.5621 7.6376 0.0910
57166.3288 6.6555 0.0920
