57420.5763 1.7920 0.0293
56801.3680 1.4628 0.0401
56833.3478 1.4919 0.0384
56723.5097 1.5318 0.0415
56831.3363 1.3262 0.0364
56722.4684 1.5413 0.0386
56839.3341 1.4013 0.0429
56805.4306 1.3623 0.0403
53147.4525 3.3035 0.0085
56809.4772 1.4773 0.0459
57191.4517 1.3543 0.0356
56803.4885 1.4721 0.0541
56837.3417 1.3430 0.0391
57433.5460 1.7419 0.0301
56835.3395 1.4164 0.0370
56715.5711 1.5044 0.0360
56712.4997 1.5410 0.0394
56807.3096 1.3262 0.0404
56811.4533 1.2458 0.0371
56841.3393 1.4183 0.0434
57185.4838 1.2454 0.0516
56744.5348 1.4031 0.0582
57223.3821 1.5375 0.0465
57220.2834 1.6353 0.0469
57213.3068 1.5178 0.0409
57492.5650 1.5810 0.0472
56798.4412 1.7407 0.0536
57157.4639 1.2499 0.0502
57479.5652 1.6503 0.0519
56751.3624 1.5099 0.0559
57542.3781 1.7459 0.0402
57160.5043 1.2060 0.0507
57216.2954 1.4263 0.0431
57123.5684 1.2059 0.0748
57134.4895 1.2779 0.0532
57547.4116 1.7442 0.0427
57105.5725 1.0510 0.0704
57104.5182 1.2592 0.0481
56741.6273 1.4033 0.0736
54620.3618 2.5891 0.0432
57166.3502 1.1402 0.0638
