57420.5763 5.4003 0.0333
52730.5987 7.3750 0.0291
56801.3688 4.5146 0.0434
53122.4995 7.9161 0.0096
56833.3478 4.5357 0.0424
56744.5358 4.4379 0.0474
56776.4795 4.4609 0.0443
56772.5585 4.4510 0.0516
56723.5097 4.3252 0.0457
56781.3691 4.5059 0.0522
56831.3363 4.6479 0.0418
57213.3079 3.8826 0.0339
57223.3832 3.8744 0.0379
57134.4907 4.6144 0.0418
56798.4422 4.4276 0.0440
56722.4684 4.2977 0.0428
56839.3341 4.5575 0.0478
57160.5054 4.2121 0.0407
56751.3634 4.5790 0.0454
56805.4306 4.4404 0.0450
57520.3333 4.9774 0.0427
57542.3791 4.5093 0.0360
57123.5698 4.6301 0.0575
56809.4772 4.5158 0.0511
57479.5663 5.0424 0.0428
56803.4885 4.3697 0.0560
56837.3417 4.6729 0.0443
57433.5460 5.2940 0.0371
56835.3395 4.5598 0.0422
57547.4125 4.5787 0.0374
57492.5660 4.9707 0.0422
56715.5711 4.2564 0.0405
57191.4517 3.9719 0.0393
56741.6278 4.4645 0.0629
56712.4997 4.3454 0.0436
56778.3170 4.4989 0.0467
57220.2845 3.7191 0.0381
57157.4650 4.1659 0.0413
56807.3096 4.4903 0.0464
56780.3275 4.5061 0.0477
56811.4533 4.5220 0.0425
56841.3393 4.6947 0.0483
57508.4284 4.9281 0.0388
57216.2975 3.9503 0.0367
56783.3659 4.4442 0.0547
57185.4838 3.9593 0.0558
57166.3513 4.0884 0.0466
57078.4898 4.8209 0.0535
57105.5730 4.7946 0.0611
57104.5182 4.8515 0.0594
54620.3618 6.9740 0.0587
