57420.5582 2.2865 0.0292
56743.5381 1.8244 0.0415
56741.6094 1.7938 0.0596
53472.4612 3.4990 0.0085
56811.4368 2.4255 0.0383
56780.3104 2.1755 0.0478
56833.3288 2.4269 0.0397
56807.2931 2.4388 0.0437
57479.5491 2.2639 0.0400
56712.4835 1.6430 0.0403
56778.3007 2.0129 0.0423
56837.3245 2.5300 0.0417
57220.2668 3.3628 0.0360
57567.2988 1.7479 0.0311
56776.4632 1.9563 0.0412
57191.4328 3.2494 0.0372
56831.3199 2.4411 0.0384
57216.2792 3.3579 0.0360
56839.3166 2.5002 0.0440
57223.3660 3.3644 0.0369
56841.3211 2.5154 0.0494
57194.4128 3.2775 0.0358
56722.4512 1.7179 0.0396
56744.5188 1.8388 0.0416
57542.3634 1.8791 0.0312
56723.4935 1.6608 0.0449
56805.4134 2.2745 0.0428
57508.4126 2.1556 0.0321
57185.4654 3.2213 0.0414
56781.3529 2.1370 0.0478
57433.5303 2.7030 0.0314
56801.3488 2.2378 0.0420
57492.5483 2.1631 0.0374
57520.3156 2.1177 0.0407
56772.5406 2.2070 0.0536
56809.4595 2.4114 0.0428
56803.4668 2.1567 0.0481
56798.4255 2.2227 0.0377
56783.3458 2.1037 0.0528
56715.5548 1.6878 0.0372
57160.3693 3.0607 0.0323
57547.3970 1.8723 0.0307
57213.2908 3.3801 0.0329
56835.3225 2.3778 0.0382
56751.3471 1.9467 0.0447
57157.4471 3.0495 0.0395
57123.5441 2.8208 0.0667
57104.4669 2.5847 0.0609
57133.6028 2.8451 0.0534
57459.5499 2.6062 0.0488
57134.4738 3.0376 0.0594
57166.3310 3.0754 0.0676
54620.3631 1.8583 0.0427
