57479.5240 3.2722 0.0231
56715.4984 3.0295 0.0339
57420.5453 3.5114 0.0314
56803.4112 2.9254 0.0354
56743.5101 2.8495 0.0343
56741.5899 2.7637 0.0508
57567.2896 4.0135 0.0303
56723.4803 2.8108 0.0361
56781.3397 2.8891 0.0451
56809.4460 3.0502 0.0364
56721.5901 2.8636 0.0405
56798.4117 2.9553 0.0324
56778.2875 2.8626 0.0388
56805.4000 3.0423 0.0338
56837.3096 3.0451 0.0344
57520.3008 3.5575 0.0429
57542.3509 3.6737 0.0274
56776.4499 2.8653 0.0353
57460.4734 3.2896 0.0298
56833.3155 3.0464 0.0331
57508.3994 3.3938 0.0286
56780.2967 2.8786 0.0416
56835.3093 3.1698 0.0326
56831.3066 3.1453 0.0329
56744.5344 2.8271 0.0359
56751.3336 2.8759 0.0419
56811.4234 3.0536 0.0325
56783.3308 2.9467 0.0461
56841.3074 3.0216 0.0413
57492.5332 3.3652 0.0323
56801.3352 2.8730 0.0377
56839.3033 3.0862 0.0368
57459.5373 3.3233 0.0302
56772.5257 2.7056 0.0437
56807.2799 3.0752 0.0363
53496.3516 3.6059 0.0082
56712.4708 2.8643 0.0396
57433.5183 3.5251 0.0296
57216.2664 3.3092 0.0348
56829.3208 3.1828 0.0481
56800.5027 2.9354 0.0692
57213.2777 3.3615 0.0318
57194.3999 3.2815 0.0348
57133.4106 3.5501 0.0334
57220.2508 3.4558 0.0879
57223.3531 3.3088 0.0352
57157.4336 3.3711 0.0365
57160.3564 3.3765 0.0325
56722.4392 2.9453 0.0463
57547.3854 3.7496 0.0305
57419.5251 3.6300 0.0631
57191.4184 3.3335 0.0457
52793.2667 2.5749 0.0279
57104.4484 3.8884 0.0491
57156.4565 3.4349 0.0616
57185.4502 3.3911 0.0583
57123.5278 3.6045 0.0901
53388.6201 3.6394 0.0152
57134.4666 3.5050 0.0593
56711.5225 2.9456 0.0821
57155.3464 3.6166 0.2318
57195.3988 3.2369 0.0555
57078.4234 3.9358 0.0550
57166.3176 3.4596 0.0960
57105.5577 3.8927 0.0794
