57420.5763 2.6977 0.0294
56801.3688 2.4040 0.0397
56833.3478 2.6810 0.0386
53147.4525 2.5895 0.0075
56744.5358 2.4688 0.0436
56776.4795 2.4991 0.0404
56772.5585 2.3802 0.0479
56723.5097 2.4381 0.0418
56781.3691 2.5978 0.0485
57123.5698 2.7216 0.0545
56831.3363 2.5540 0.0373
57213.3079 2.6127 0.0309
57223.3832 2.6654 0.0349
57134.4907 2.6061 0.0385
56798.4422 2.5313 0.0402
56722.4684 2.4139 0.0390
56839.3341 2.4786 0.0435
57160.5054 2.6809 0.0375
56751.3634 2.3602 0.0412
56805.4306 2.4918 0.0409
57520.3333 2.7672 0.0382
57542.3791 2.8433 0.0311
56809.4772 2.5205 0.0466
57479.5663 2.7532 0.0381
56803.4885 2.4397 0.0522
56837.3417 2.4760 0.0398
57433.5460 3.2111 0.0315
56835.3395 2.3919 0.0376
57547.4125 2.8310 0.0321
57492.5660 2.7348 0.0362
56715.5711 2.4714 0.0367
57191.4517 2.5913 0.0362
56741.6278 2.4770 0.0596
56712.4997 2.4458 0.0398
56778.3170 2.5782 0.0429
57220.2845 2.6269 0.0352
57157.4650 2.6517 0.0380
56807.3096 2.4968 0.0416
56780.3275 2.4261 0.0437
56811.4533 2.5456 0.0384
56841.3393 2.5510 0.0443
57508.4284 2.7323 0.0329
57216.2975 2.5960 0.0333
56783.3659 2.4756 0.0511
57185.4838 2.6557 0.0525
57166.3513 2.6343 0.0433
57078.4898 2.5657 0.0471
57105.5730 2.5108 0.0541
57104.5182 2.5883 0.0524
54620.3618 2.6451 0.0431
