56801.3749 4.6170 0.0301
57420.5809 3.9014 0.0314
56833.3526 4.8448 0.0373
57191.4580 5.6041 0.0367
56712.5038 4.7338 0.0449
56778.3210 4.4835 0.0481
57492.5703 4.5247 0.0399
57479.5706 4.2494 0.0407
56807.3136 4.7280 0.0438
57216.3027 5.3547 0.0395
56780.3316 4.5111 0.0482
56811.4574 4.7045 0.0439
56741.6340 4.5167 0.0661
56809.4820 4.6107 0.0495
56783.3699 4.3549 0.0568
57433.5504 4.0310 0.0335
56715.5752 4.6613 0.0421
56841.3435 4.9418 0.0505
56744.5399 4.5386 0.0487
56723.5137 4.6271 0.0460
57134.4954 5.7875 0.0423
56751.3675 4.6024 0.0464
56781.3732 4.3905 0.0504
57123.5755 5.6642 0.0579
56798.4478 4.6612 0.0485
56772.5627 4.5207 0.0545
57223.3876 5.3418 0.0400
56835.3435 4.9025 0.0433
57547.4163 6.2274 0.0386
52816.2921 3.3075 0.0105
57220.2890 5.3999 0.0384
56805.4347 4.5705 0.0472
57542.3828 5.9945 0.0367
56776.4836 4.4966 0.0442
57213.3122 5.3799 0.0359
57520.3376 5.2548 0.0415
56831.3404 4.8788 0.0428
56837.3458 4.9073 0.0461
56839.3381 5.0839 0.0511
56722.4730 4.5827 0.0460
57508.4323 4.8617 0.0372
56803.4932 4.7755 0.0741
57157.4700 5.7882 0.0473
57166.3553 5.7552 0.0530
57185.4913 5.7396 0.0626
57160.5099 5.7308 0.0590
57078.4942 6.0074 0.0582
57104.5235 5.6761 0.0822
57105.5754 5.7893 0.0914
