56801.3749 1.0706 0.0277
57420.5809 1.4334 0.0294
56833.3526 1.0349 0.0331
57191.4580 1.2200 0.0318
56712.5038 1.3890 0.0408
56778.3210 1.2382 0.0440
57492.5703 1.5757 0.0355
57479.5706 1.5598 0.0376
56807.3136 1.1099 0.0386
57216.3027 1.4948 0.0334
56780.3316 1.1647 0.0442
56811.4574 1.0111 0.0389
56741.6340 1.2216 0.0634
56809.4820 1.0858 0.0456
56783.3699 1.2116 0.0539
57433.5504 1.5891 0.0294
56715.5752 1.3114 0.0376
56841.3435 1.1122 0.0461
56744.5399 1.2505 0.0450
56723.5137 1.3438 0.0420
57134.4954 1.1762 0.0366
56751.3675 1.2918 0.0425
56781.3732 1.0765 0.0468
57123.5755 1.1820 0.0548
56798.4478 1.1386 0.0445
56772.5627 1.2232 0.0513
57223.3876 1.4847 0.0348
56835.3435 1.0095 0.0378
57547.4163 1.7508 0.0313
57220.2890 1.4936 0.0326
56805.4347 1.1745 0.0430
57542.3828 1.7329 0.0297
56776.4836 1.2216 0.0400
57213.3122 1.3590 0.0298
57520.3376 1.6994 0.0375
56831.3404 0.9927 0.0372
56837.3458 1.0229 0.0408
56839.3381 1.1285 0.0461
56722.4730 1.3634 0.0420
57508.4323 1.6965 0.0321
56803.4932 1.1415 0.0701
57157.4700 1.2004 0.0407
52816.3024 1.8681 0.0112
57166.3553 1.2813 0.0467
57185.4913 1.3243 0.0560
57160.5099 1.3032 0.0508
57078.4942 1.1143 0.0489
57104.5235 1.1422 0.0674
57105.5754 1.2369 0.0768
