57420.5614 3.8203 0.0418
53472.4977 2.5585 0.0109
57134.4836 4.7858 0.0525
57508.4155 4.4311 0.0510
56831.3230 4.3864 0.0572
56778.3038 4.7473 0.0645
56833.3319 4.3271 0.0575
57213.2940 3.4636 0.0451
56801.3519 4.6701 0.0636
57216.2824 3.5166 0.0488
56805.4172 4.6030 0.0639
56783.3488 4.6019 0.0768
56715.5579 5.6602 0.0598
57223.3692 3.6142 0.0505
56723.4965 5.6378 0.0631
56803.4711 4.6518 0.0710
57220.2700 3.5303 0.0500
57123.5498 4.7945 0.0758
56744.5224 5.4143 0.0640
57567.3017 4.9579 0.0586
56839.3197 4.5016 0.0642
56841.3244 4.4052 0.0707
56781.3560 4.6840 0.0701
56811.4400 4.3757 0.0580
56772.5440 4.5962 0.0772
56835.3256 4.3109 0.0571
56751.3502 5.2581 0.0675
56837.3276 4.3436 0.0612
56776.4663 4.7303 0.0633
56780.3135 4.9179 0.0688
57433.5331 4.3124 0.0473
57191.4363 3.8516 0.0557
57542.3663 4.8274 0.0487
57157.4503 4.0666 0.0557
56809.4634 4.6026 0.0662
56722.4552 5.5641 0.0619
57133.6071 4.4489 0.0712
56741.6067 5.1468 0.0854
56807.2962 4.6841 0.0625
57547.3999 4.8436 0.0492
57492.5517 4.2341 0.0506
56798.4291 4.5089 0.0572
56712.4866 5.9544 0.0644
57160.3725 4.0845 0.0467
57520.3190 4.5217 0.0596
57185.4683 3.7955 0.0954
57078.4740 5.8654 0.0924
57166.3360 4.0086 0.0663
57479.5528 4.2459 0.0648
