57420.5625 6.9746 0.0330
56833.3397 5.7794 0.0371
53472.4934 5.6554 0.0097
56712.4876 5.5211 0.0461
56783.3499 5.3943 0.0570
56715.5589 5.5880 0.0435
57157.4515 6.8857 0.0434
56722.4562 5.5091 0.0451
56809.4644 5.6617 0.0498
56839.3207 5.7091 0.0483
56841.3254 5.7545 0.0525
56781.3570 5.4195 0.0518
56835.3266 5.6856 0.0438
56811.4410 5.7163 0.0448
57492.5529 7.3723 0.0416
56751.3512 5.5732 0.0497
56837.3290 5.6501 0.0465
57133.6087 6.9265 0.0532
57213.2951 6.7714 0.0380
56780.3146 5.4605 0.0501
57160.3736 6.8065 0.0382
57123.5514 6.8430 0.0561
56772.5452 5.6116 0.0551
57191.4374 6.9905 0.0446
56805.4182 5.5704 0.0481
56744.5234 5.4876 0.0467
57223.3703 6.8730 0.0415
57547.4010 7.1127 0.0391
57220.2711 6.7837 0.0416
56741.6082 5.4772 0.0623
56803.4723 5.5108 0.0522
57508.4165 7.2546 0.0412
56831.3240 5.8347 0.0439
57134.4821 6.9147 0.0500
56807.2972 5.5509 0.0461
57433.5341 6.9530 0.0381
56778.3048 5.4850 0.0482
56798.4301 5.4764 0.0431
56801.3529 5.6117 0.0476
57567.3029 7.2666 0.0436
56776.4673 5.4808 0.0469
57542.3673 7.1499 0.0384
57216.2834 6.7760 0.0409
57479.5533 7.2428 0.0439
57520.3201 7.3169 0.0454
56723.4975 5.3899 0.0473
57078.4761 7.3568 0.0516
57166.3371 6.7977 0.0503
57185.4701 6.9911 0.0645
57104.4732 7.1321 0.0858
