56743.5074 4.2551 0.0386
52816.2955 6.8910 0.0105
56803.4007 3.8184 0.0494
56712.4754 4.7337 0.0462
56723.4853 4.5377 0.0452
56805.4052 3.8788 0.0442
56835.3144 4.0380 0.0412
56715.5467 4.6462 0.0435
56841.3128 4.1942 0.0503
56837.3164 4.6431 0.0444
57420.5485 7.2066 0.0508
56801.3407 3.8445 0.0460
56722.4431 4.4958 0.0453
56833.3206 4.3138 0.0426
56809.4513 3.8812 0.0453
56831.3117 4.1373 0.0418
56807.2850 3.7951 0.0435
56839.3084 4.1808 0.0464
56811.4286 3.8826 0.0407
57567.2984 5.2059 0.0590
57460.4772 6.9024 0.1044
56783.3350 4.1171 0.0796
56751.3377 4.3052 0.0709
57542.3547 5.9612 0.0539
57223.3563 4.9999 0.0550
56798.4163 3.8331 0.0570
56778.2915 3.9557 0.0682
56772.5301 3.8986 0.0738
56780.3008 4.0516 0.0730
57520.3056 6.4686 0.0643
57508.4033 6.6103 0.0599
57479.5403 6.6194 0.0622
57459.5411 6.8578 0.0633
57220.2561 4.9318 0.0635
57492.5376 6.9220 0.0649
56741.5877 4.1782 0.0880
57191.4226 5.0355 0.0575
57160.3596 5.1784 0.0510
57433.5218 7.4818 0.0572
57133.4143 5.3004 0.0541
57123.5324 5.6828 0.0776
56776.4540 3.9783 0.0653
57157.4371 5.2233 0.0587
57194.4031 5.1821 0.0542
57213.2809 4.9038 0.0494
57216.2696 4.9327 0.0542
56781.3438 4.0350 0.0752
56744.5477 4.2193 0.0655
57547.3885 5.7926 0.0555
57166.3198 5.3287 0.1012
57185.4541 5.0074 0.1017
57195.4003 5.2920 0.0859
57105.5598 5.9490 0.0868
56721.5940 4.3670 0.1226
57419.5304 7.5926 0.1218
54620.3656 3.7943 0.0489
57134.4680 5.3473 0.0985
53770.6182 5.6370 0.0284
57078.4270 5.8333 0.0560
