57420.5582 4.8648 0.0312
56743.5410 3.9681 0.0656
56841.3211 3.7829 0.0509
57433.5303 4.9257 0.0350
56751.3471 3.3853 0.0467
56809.4595 5.5358 0.0471
56741.6155 4.1584 0.0847
56803.4669 3.6471 0.0613
57133.6028 4.1737 0.0550
56801.3490 2.9463 0.0520
56744.5190 3.2740 0.0518
57547.3979 4.5792 0.0507
57508.4136 4.6412 0.0527
56772.5417 3.5717 0.0750
57542.3643 4.5030 0.0523
57220.2678 3.6957 0.0513
57134.4738 3.8877 0.0608
57520.3167 4.5500 0.0626
56839.3160 3.5538 0.0726
56781.3540 3.5147 0.0704
57223.3671 3.5972 0.0520
56780.3115 3.6185 0.0707
57160.3704 3.5898 0.0468
57567.2998 4.7417 0.0520
56833.3283 3.4531 0.0651
56837.3240 4.0960 0.0694
56776.4642 3.5733 0.0632
57185.4666 3.9245 0.0593
56798.4265 3.4369 0.0562
56783.3468 3.3444 0.0757
57191.4339 4.1507 0.0535
56807.2925 3.4170 0.0716
56835.3219 3.9412 0.0644
57213.2919 3.7922 0.0473
57104.4669 3.9979 0.0889
57216.2802 3.7456 0.0501
57479.5501 4.1252 0.0560
56778.3017 3.6189 0.0631
56805.4144 3.4966 0.0638
57157.4482 3.4949 0.0560
57492.5495 5.1947 0.0658
56831.3183 3.4383 0.0904
57194.4133 3.8414 0.0816
56723.4919 3.8553 0.1064
54620.3631 3.6294 0.0480
57166.3323 3.5815 0.0952
56712.4819 3.7537 0.0979
57123.5453 3.4843 0.1339
56722.4497 3.3337 0.0957
56811.4372 3.3833 0.0894
56715.5532 4.6705 0.0951
