57420.5718 1.9257 0.0310
56833.3442 2.0764 0.0381
56741.6247 2.4814 0.0632
57134.4858 1.9660 0.0378
56805.4265 2.1769 0.0452
56781.3651 2.3903 0.0500
57492.5616 1.8754 0.0352
56798.4382 2.2734 0.0417
57542.3753 1.8927 0.0324
56841.3344 2.1306 0.0490
57157.4605 2.0814 0.0391
57520.3289 1.9926 0.0403
56801.3611 2.2781 0.0463
56776.4755 2.3885 0.0434
56809.4728 2.1535 0.0471
56839.3294 1.9876 0.0457
57508.4244 1.9245 0.0345
57191.4470 1.8172 0.0358
56722.4643 2.3316 0.0428
56835.3351 2.0271 0.0402
56811.4492 2.2292 0.0413
57223.3789 1.6509 0.0357
57216.2922 1.7116 0.0355
56778.3129 2.2365 0.0466
56783.3617 2.3966 0.0561
57220.2801 1.6426 0.0360
56772.5541 2.4001 0.0532
56807.3055 2.3941 0.0432
56780.3231 2.3448 0.0469
56723.5056 2.3882 0.0453
56837.3376 2.1186 0.0431
56831.3322 2.1651 0.0396
57547.4087 1.9990 0.0329
56751.3593 2.5152 0.0459
56744.5318 2.1768 0.0456
56712.4957 2.2084 0.0433
57479.5619 1.9044 0.0394
56715.5670 2.1722 0.0396
57213.3036 1.7078 0.0320
57433.5416 1.9710 0.0320
56803.4819 2.2337 0.0649
57160.4616 2.0734 0.0433
53147.4546 2.5128 0.0097
57078.4859 2.0943 0.0393
57166.3455 2.0871 0.0505
57105.5711 2.1701 0.0561
57104.5060 2.1710 0.0461
57185.4795 1.8665 0.0656
57123.5621 2.0929 0.0806
57567.3097 2.0532 0.0945
