57420.5763 29.0801 0.0488
52730.5987 30.9227 0.0454
56801.3688 29.3061 0.0668
53122.4995 30.3154 0.0155
56833.3478 28.3181 0.0685
56744.5358 33.4649 0.0790
56776.4795 31.5430 0.0744
56772.5585 31.4901 0.0782
56723.5097 33.8888 0.0784
56781.3691 31.0290 0.0812
56831.3363 28.5843 0.0700
57213.3079 25.9857 0.0585
57223.3832 26.0693 0.0623
57134.4907 27.3817 0.0646
56798.4422 28.6837 0.0705
56722.4684 32.3323 0.0739
56839.3341 28.1125 0.0752
57160.5054 18.7616 0.0570
56751.3634 27.4142 0.0717
56805.4306 29.0317 0.0732
57520.3333 28.4268 0.0637
57542.3791 29.3467 0.0641
57123.5698 27.9403 0.0733
56809.4772 29.2397 0.0806
57479.5663 27.7046 0.0632
56803.4885 27.8114 0.0815
56837.3417 28.1906 0.0713
57433.5460 29.9569 0.0646
56835.3395 28.2081 0.0701
57547.4125 28.9566 0.0653
57492.5660 25.9902 0.0651
56715.5711 35.5088 0.0750
57191.4517 25.8783 0.0631
56741.6278 33.1753 0.0880
56712.4997 32.2417 0.0743
56778.3170 31.1083 0.0763
57220.2845 25.7121 0.0636
57157.4650 18.9246 0.0581
56807.3096 29.2783 0.0770
56780.3275 30.8645 0.0761
56811.4533 29.1715 0.0709
56841.3393 28.1694 0.0722
57508.4284 27.7852 0.0642
57216.2975 26.0173 0.0630
56783.3659 30.9752 0.0799
57185.4838 25.9075 0.0824
57166.3513 26.0105 0.0704
57078.4898 30.8793 0.0920
57105.5730 29.6775 0.1025
57104.5182 29.5214 0.1046
54620.3618 26.6468 0.0959
