56801.3746 8.6024 0.0362
52698.6084 4.0510 0.0107
57420.5809 5.5770 0.0330
53081.5362 3.7879 0.0069
53911.3239 4.6940 0.0230
53851.4241 4.7419 0.0187
53524.2981 2.6055 0.0123
57191.4580 5.4055 0.0368
56833.3526 8.8537 0.0420
53847.5591 4.6848 0.0467
52816.2955 4.8002 0.0097
52815.2953 5.0317 0.0093
53122.4995 3.3451 0.0078
56712.5038 7.3930 0.0488
54186.5139 4.2433 0.0254
56751.3675 9.5865 0.0532
57433.5504 5.6436 0.0363
56722.4730 7.8647 0.0507
56744.5399 9.2075 0.0550
56837.3458 8.8667 0.0517
57134.4954 5.4665 0.0422
53466.6077 3.1427 0.0153
57220.2890 5.8198 0.0394
57542.3828 5.5465 0.0362
57520.3376 6.0993 0.0426
56715.5752 7.4236 0.0462
56839.3381 8.8890 0.0566
56811.4574 9.1515 0.0501
56809.4820 8.9397 0.0554
53586.2926 2.7115 0.0174
56783.3699 9.3155 0.0625
56723.5137 7.8908 0.0506
56798.4478 8.8564 0.0540
53505.3869 2.6603 0.0211
57547.4163 5.7990 0.0383
57213.3122 5.7490 0.0368
56831.3404 9.0550 0.0489
56778.3210 9.4178 0.0549
56807.3136 8.9948 0.0502
57216.3027 5.8790 0.0406
56780.3316 9.2665 0.0546
56841.3435 8.8670 0.0555
56781.3732 9.2710 0.0572
57123.5755 4.3091 0.0579
57479.5706 6.1950 0.0431
57508.4323 6.1175 0.0393
57492.5703 6.3826 0.0427
53462.4871 3.1116 0.0412
56835.3435 8.8604 0.0492
53463.5851 2.9189 0.0221
56805.4347 8.9479 0.0534
57223.3876 5.6843 0.0408
56776.4836 9.4709 0.0512
54624.3829 1.8082 0.0144
54213.5690 4.7731 0.0194
53853.4144 4.7517 0.0237
54511.5775 3.4571 0.0124
53473.5847 2.8552 0.0169
53769.6088 4.2162 0.0163
53531.3580 2.6407 0.0151
54531.5693 2.9486 0.0139
54255.3320 4.7786 0.0211
53523.4176 2.7039 0.0212
53879.3051 4.5903 0.0171
53875.3562 4.6193 0.0157
53916.3216 3.3141 0.0183
54561.4260 2.3828 0.0146
53469.5156 3.1784 0.0154
53892.3738 4.5563 0.0292
54229.4755 4.4406 0.0253
53500.3126 2.3650 0.0146
53527.3494 2.6284 0.0145
53888.4032 4.6214 0.0186
54205.4826 4.6456 0.0182
53518.4447 2.3417 0.0310
56772.5622 9.6868 0.0744
54234.4846 4.8451 0.0162
54621.4027 1.8439 0.0131
57157.4700 5.2133 0.0469
53883.3861 4.6199 0.0174
53936.3041 5.4041 0.0175
57166.3553 5.0407 0.0525
54620.3574 1.8854 0.0336
53446.5308 2.6852 0.0180
53583.2997 2.7367 0.0207
54557.5439 2.4526 0.0178
54113.6596 4.0044 0.0221
54591.3847 2.0999 0.0160
53943.3011 5.5028 0.0218
53502.3863 2.7676 0.0201
54183.5047 4.2606 0.0204
54266.2907 4.8069 0.0201
54600.4443 1.9955 0.0421
53175.3829 3.0288 0.0177
53766.6154 4.2362 0.0189
53772.6248 4.1238 0.0213
54570.4252 2.3331 0.0384
57160.5099 5.0426 0.0581
54117.6445 4.0066 0.0179
53411.6218 1.9305 0.0167
53799.4769 3.9625 0.0196
54259.3113 4.7908 0.0188
54535.5061 2.8450 0.0168
54538.5756 2.7421 0.0199
53495.4378 2.8085 0.0191
53553.4126 2.7556 0.0187
53083.6055 3.7022 0.0203
54176.5626 4.1363 0.0194
53195.3443 3.3209 0.0178
54209.4897 4.7616 0.0202
54594.4510 2.0621 0.0163
53121.5116 3.3241 0.0188
53563.3409 2.7949 0.0313
54618.4124 1.9425 0.0161
54124.6293 4.0258 0.0183
53165.4084 3.1645 0.0177
54563.4924 2.3939 0.0191
54588.5506 2.1194 0.0239
53146.4877 3.1230 0.0193
54120.6614 3.9817 0.0214
54262.3980 4.7624 0.0234
53743.6315 3.9313 0.0175
57078.4942 5.5060 0.0578
54144.5872 3.7839 0.0197
53138.4595 3.1429 0.0213
53200.2651 3.1507 0.0184
54528.5205 3.0883 0.0156
57185.4913 5.2585 0.0626
54151.6487 3.6413 0.0199
53551.3274 2.7709 0.0180
53906.3668 4.3364 0.0237
56741.6329 9.2359 0.1298
54201.4521 4.5121 0.0205
53149.3314 3.1407 0.0182
54153.5952 3.6280 0.0196
53117.4831 3.3705 0.0182
53939.3051 5.3896 0.0214
53855.4144 4.8900 0.0204
54597.4492 2.0079 0.0162
54179.5203 4.1894 0.0192
54524.5250 3.1331 0.0281
53178.3735 3.0507 0.0176
56803.4930 9.1331 0.1134
53578.3415 2.8035 0.0264
53390.6473 1.8599 0.0180
53859.3653 4.9324 0.0258
54614.3908 1.8974 0.0180
53890.4800 4.6250 0.0716
57105.5754 5.3148 0.0907
57104.5235 5.2698 0.0813
53109.5781 3.5270 0.0385
