53462.4886 13.0266 0.0569
53847.5741 11.5546 0.0413
57479.5295 12.0518 0.0280
53911.3288 10.8444 0.0201
53851.4182 11.5759 0.0179
57420.5516 11.2370 0.0369
52730.5552 12.4097 0.0510
53853.4352 11.6940 0.0181
53524.3013 12.2719 0.0128
53586.2942 11.5853 0.0141
54186.5147 11.6501 0.0189
56715.4984 13.1327 0.0446
57542.3577 12.7686 0.0345
54531.5740 10.8196 0.0121
57520.3087 12.3416 0.0428
57492.5411 11.9583 0.0379
57508.4064 12.3133 0.0353
53466.6127 12.9470 0.0146
56803.4112 11.3932 0.0450
52710.6200 12.8550 0.0174
57567.2896 13.1133 0.0419
56743.5121 12.9619 0.0483
53583.3046 11.5106 0.0152
56811.4234 14.1367 0.0466
56778.2875 13.7759 0.0523
54570.4284 11.1127 0.0240
56780.2967 13.7254 0.0539
56831.3066 14.2138 0.0473
53799.4817 12.3411 0.0218
56837.3096 14.1862 0.0482
56723.4803 13.0296 0.0491
56835.3093 14.1043 0.0467
52817.2960 12.6407 0.0330
53505.3888 12.6193 0.0203
54262.4012 11.5483 0.0163
56841.3074 14.1957 0.0527
56801.3352 13.9025 0.0510
57459.5373 11.7360 0.0421
56807.2799 13.9922 0.0511
56781.3397 13.8420 0.0570
54209.4929 11.5700 0.0152
56721.5901 13.1456 0.0530
54624.3824 11.0449 0.0151
57433.5270 11.7724 0.0359
56776.4499 13.5698 0.0486
56772.5257 13.7613 0.0552
56783.3308 13.5010 0.0561
57460.4734 11.8257 0.0417
56809.4460 10.7766 0.0472
57547.3941 12.6233 0.0380
56805.4000 10.4395 0.0439
56839.3033 14.1061 0.0500
56833.3155 14.1898 0.0471
56751.3336 13.2438 0.0537
53769.6082 12.3368 0.0156
54561.4254 11.1445 0.0151
53146.4901 13.4409 0.0174
54151.6503 11.6664 0.0176
54153.5968 11.7579 0.0171
54117.6461 11.9461 0.0157
53390.6489 13.5679 0.0173
54524.5266 10.9714 0.0204
53553.4142 11.6746 0.0168
52790.4028 12.0575 0.1333
54144.5888 11.7637 0.0167
53578.3431 11.3938 0.0205
53411.6236 13.5393 0.0167
54213.5722 11.4855 0.0188
54614.3924 11.0502 0.0165
53936.3074 10.5547 0.0164
54255.3352 11.7630 0.0199
53200.2667 13.2886 0.0169
54621.4059 10.9629 0.0158
56712.4708 12.8644 0.0921
54266.2923 11.6379 0.0162
54557.5455 11.0978 0.0160
54234.4877 11.4888 0.0161
53859.3669 11.6261 0.0189
53473.5879 12.9381 0.0182
53121.5132 13.3405 0.0167
54591.3863 11.2141 0.0152
54179.5219 11.7444 0.0161
54563.4941 11.1434 0.0165
52813.3474 12.4721 0.0200
54588.5522 11.1193 0.0195
53175.3845 13.1852 0.0169
53883.3893 11.0972 0.0169
54183.5063 11.7641 0.0170
53551.3290 11.9328 0.0159
53939.3067 10.5744 0.0163
53875.3594 11.1703 0.0160
53772.6264 12.2540 0.0178
52792.4193 12.0069 0.0249
54600.4459 11.1972 0.0292
54113.6612 12.0416 0.0185
57157.4395 9.9991 0.0643
54201.4537 11.5599 0.0168
54535.5077 10.7689 0.0150
57160.3866 10.6691 0.0508
53446.5324 13.4253 0.0168
53943.3027 10.6106 0.0167
54259.3128 11.6162 0.0157
53138.4614 13.4206 0.0176
53109.5778 13.2679 0.0210
53469.5188 13.0313 0.0170
53178.3751 13.2892 0.0166
53149.3330 13.7814 0.0166
53906.3684 10.8623 0.0183
52722.5967 12.4756 0.0270
53531.3615 12.1883 0.0166
53916.3248 10.7273 0.0190
53117.4850 13.4376 0.0167
53766.6170 12.2185 0.0165
53495.4394 12.7419 0.0171
52815.2953 12.9161 0.0119
54176.5642 11.7217 0.0164
54124.6309 11.9097 0.0161
54205.4858 11.5622 0.0175
54594.4526 11.1582 0.0157
53165.4100 13.3060 0.0164
54618.4140 11.0402 0.0154
53527.3526 12.3586 0.0161
54511.5807 11.1523 0.0140
53195.3465 13.1814 0.0166
53743.6336 11.9392 0.0156
54229.4787 11.3937 0.0222
57123.5526 16.3270 0.1275
53518.4479 12.3552 0.0269
54538.5772 10.6630 0.0173
53083.6071 13.6217 0.0178
53855.4161 11.6510 0.0164
53502.3879 12.7017 0.0173
54597.4509 11.0796 0.0155
53892.3770 11.1106 0.0242
54120.6630 11.8671 0.0190
53879.3083 11.1556 0.0168
53500.3158 12.7514 0.0166
53888.4064 11.0213 0.0171
54528.5221 11.0079 0.0141
52791.4573 11.9075 0.0255
57216.2664 11.8107 0.0478
52721.6238 12.5184 0.0352
56741.5807 13.0821 0.0770
57220.2508 11.4964 0.0930
57194.3999 11.3005 0.0466
57223.3531 11.8134 0.0477
56829.3208 13.8464 0.0656
56800.5027 13.6477 0.0856
57213.2777 11.7083 0.0443
57133.4106 12.4112 0.0450
56744.5289 13.1075 0.0611
56722.4392 12.8613 0.0629
56798.4107 13.6807 0.0565
53463.5851 12.9744 0.0269
53523.4194 12.2587 0.0242
57191.4184 11.4896 0.0601
57134.4753 9.8518 0.0716
57419.5251 11.6282 0.0743
53563.3393 11.5427 0.0294
54620.3574 11.0714 0.0494
57195.3988 10.0997 0.0716
57166.3339 7.2217 0.1067
57185.4502 12.0130 0.0747
57156.4565 12.1340 0.0777
56711.5225 13.0439 0.1009
57155.3464 11.9748 0.2566
57104.4484 12.3377 0.0660
53890.4800 11.0660 0.0873
53198.3064 12.9733 0.1064
54619.3119 11.2082 0.0859
57105.5577 12.1740 0.1050
57078.4234 12.1284 0.0660
