57420.5741 2.3962 0.0212
56833.3460 2.4080 0.0265
56801.3657 2.4574 0.0297
56723.5077 2.3814 0.0300
57157.4628 1.9020 0.0262
56715.5691 2.3870 0.0263
57520.3311 2.1226 0.0274
56837.3397 2.4675 0.0288
56809.4750 2.4522 0.0324
56805.4285 2.5359 0.0299
56839.3317 2.4053 0.0309
56841.3368 2.4175 0.0322
56811.4513 2.5394 0.0276
56783.3638 2.4419 0.0371
57223.3811 2.5770 0.0249
56835.3373 2.4195 0.0271
56744.5338 2.3106 0.0306
57220.2823 2.6234 0.0252
57216.2948 2.4999 0.0243
56798.4402 2.5415 0.0284
56780.3253 2.3326 0.0312
56781.3671 2.3570 0.0338
56772.5563 2.3649 0.0347
57134.4883 1.8108 0.0259
56831.3342 2.4968 0.0267
56722.4664 2.3252 0.0281
57213.3058 2.4872 0.0222
57547.4106 2.1085 0.0227
56712.4977 2.4263 0.0287
56751.3614 2.2750 0.0298
56807.3075 2.4230 0.0292
57433.5438 2.7522 0.0227
56741.6243 2.1992 0.0415
57191.4493 2.4272 0.0251
56776.4775 2.3700 0.0288
56778.3149 2.4561 0.0310
57542.3772 2.0392 0.0220
57508.4264 2.1246 0.0237
56803.4857 2.2810 0.0396
57160.4866 1.9992 0.0273
57166.3484 2.0587 0.0323
57492.5628 2.2567 0.0290
57479.5630 2.3944 0.0318
57123.5673 1.8650 0.0441
57185.4821 2.2916 0.0402
53147.4525 0.9351 0.0067
57105.5720 1.6799 0.0369
57078.4864 1.8024 0.0333
57104.5101 1.7075 0.0332
57567.3097 2.1524 0.0963
