57420.5625 17.0045 0.0411
56833.3397 22.9945 0.0551
53472.5316 20.0975 0.0154
56712.4876 23.2361 0.0681
56783.3499 23.9039 0.0754
56715.5589 23.1591 0.0657
57157.4515 20.3275 0.0590
56722.4562 23.5009 0.0675
56809.4644 23.0880 0.0726
56839.3207 22.8934 0.0697
56841.3254 22.7343 0.0705
56781.3570 23.8850 0.0729
56835.3266 22.8238 0.0659
56811.4410 22.9694 0.0667
57492.5529 17.0336 0.0542
56751.3512 23.2541 0.0705
57133.6087 19.8599 0.0678
57213.2951 19.3162 0.0535
56780.3146 23.8919 0.0710
57160.3736 20.3144 0.0546
57123.5514 19.9232 0.0658
56772.5452 24.0832 0.0734
57191.4374 19.8578 0.0605
56805.4182 23.1149 0.0705
56744.5234 23.2844 0.0682
57223.3703 19.0893 0.0566
57547.4010 16.1785 0.0524
57220.2711 19.3063 0.0578
56741.6082 23.2377 0.0794
56803.4723 22.9753 0.0725
57508.4165 16.6461 0.0545
56831.3240 23.1054 0.0664
57134.4821 19.8199 0.0664
56807.2972 22.9838 0.0698
57433.5341 17.2381 0.0523
56778.3048 23.9506 0.0706
56798.4301 22.7937 0.0645
56837.3290 22.7495 0.0682
56801.3529 23.0361 0.0688
57567.3029 16.7267 0.0580
56776.4673 24.1605 0.0698
57542.3673 16.1825 0.0513
57216.2834 19.4356 0.0577
57479.5533 16.9703 0.0544
57520.3201 16.5734 0.0552
56723.4975 23.5467 0.0702
57078.4761 20.9731 0.0715
57166.3371 20.4362 0.0651
53474.4540 20.1333 0.0225
57185.4701 19.8238 0.0848
57104.4732 20.4547 0.1215
