57420.5540 2.9142 0.0299
56743.5233 2.7003 0.0367
56803.4428 2.7939 0.0446
53467.4922 3.8877 0.0080
56741.6039 2.7366 0.0596
57220.2624 3.2872 0.0387
56801.3447 2.8280 0.0426
57133.5964 3.2658 0.0442
56722.4472 2.7993 0.0403
56723.4894 2.8021 0.0428
57194.4085 3.3926 0.0352
57433.5265 2.9702 0.0317
56798.4214 2.7069 0.0385
57223.3617 3.3187 0.0361
56751.3430 2.6850 0.0459
56783.3403 2.6536 0.0538
56772.5360 2.7361 0.0493
57185.4684 3.4092 0.0466
57160.3650 3.1842 0.0325
56841.3171 2.6322 0.0489
57542.3595 3.6953 0.0334
57157.4427 3.1166 0.0381
56712.4795 2.8916 0.0424
57459.5467 3.3915 0.0375
57216.2749 3.4362 0.0354
57520.3112 3.5071 0.0413
56811.4327 2.7228 0.0388
57567.2949 3.3726 0.0371
56715.5507 2.9280 0.0398
56839.3125 2.5945 0.0451
56780.3062 2.6483 0.0488
57479.5453 3.2914 0.0443
56805.4093 2.7774 0.0421
56835.3184 2.6736 0.0384
56744.5528 2.6109 0.0445
57508.4085 3.4468 0.0338
56781.3489 2.6249 0.0481
56776.4591 2.6877 0.0407
56837.3204 2.6276 0.0408
57078.4502 3.3989 0.0457
57213.2865 3.2872 0.0323
56831.3158 2.5139 0.0383
56778.2967 2.7065 0.0441
56833.3247 2.6572 0.0384
57547.3932 3.6354 0.0337
56807.2890 3.0399 0.0418
57492.5435 3.3471 0.0388
56809.4559 2.7847 0.0478
57134.4710 3.2427 0.0453
53884.4341 4.0090 0.0132
57195.4028 3.4764 0.0569
57123.5397 3.3824 0.1277
57104.4634 3.1358 0.0683
57191.4276 3.2879 0.0640
57105.5621 3.2355 0.0770
57166.3288 3.2448 0.0846
