56743.5064 6.7458 0.0328
57420.5495 5.8059 0.0346
57567.2958 7.8073 0.0468
52816.2955 7.7640 0.0108
56781.3448 9.1626 0.0593
57508.4044 6.1580 0.0418
56776.4550 9.1417 0.0524
56780.3019 9.0162 0.0570
56803.4007 8.5064 0.0558
56831.3117 8.1957 0.0477
56778.2926 9.0992 0.0549
56835.3144 8.2987 0.0474
57542.3556 6.2626 0.0400
57547.3894 6.0514 0.0398
56723.4853 9.0174 0.0514
56805.4052 8.2083 0.0503
57433.5227 5.8439 0.0381
56839.3084 8.1038 0.0517
57459.5423 5.9362 0.0423
57133.4154 6.0598 0.0397
56712.4754 8.5957 0.0514
57194.4042 6.8178 0.0406
56715.5467 8.6146 0.0492
56751.3388 9.3271 0.0563
56841.3128 8.1983 0.0549
57216.2706 7.3907 0.0416
57223.3574 7.5205 0.0423
56837.3164 8.1792 0.0491
56833.3206 8.1879 0.0481
57213.2820 7.5503 0.0387
56722.4431 8.9010 0.0514
57220.2575 7.4403 0.0462
56772.5313 8.9427 0.0572
56801.3407 8.4294 0.0523
57520.3067 6.6223 0.0454
56809.4513 8.2739 0.0518
56783.3361 9.0778 0.0606
56807.2850 8.3453 0.0505
56811.4286 8.2284 0.0470
57185.4561 7.1368 0.0550
57191.4231 6.8710 0.0513
57460.4772 5.6237 0.1016
56798.4163 8.4839 0.0661
57195.4008 6.7058 0.0637
57479.5403 5.8441 0.0610
57492.5376 5.9951 0.0631
56741.5877 8.6509 0.0944
57123.5324 7.9240 0.0801
57160.3596 7.5761 0.0556
56744.5477 9.2171 0.0749
57157.4371 7.5121 0.0629
57105.5603 8.5029 0.0671
57134.4685 5.5407 0.0684
57166.3198 7.4377 0.1065
57078.4270 7.6569 0.0580
56721.5940 8.9894 0.1369
57419.5304 6.0402 0.1191
57104.4590 8.5511 0.0858
54620.3656 8.0221 0.0588
53770.6182 7.8804 0.0310
