56801.3749 3.7697 0.0297
56833.3526 3.6873 0.0365
57191.4580 3.1999 0.0340
56712.5038 3.8341 0.0441
57492.5703 3.3156 0.0382
57479.5706 3.4175 0.0398
56807.3136 3.6341 0.0425
57216.3027 3.1493 0.0361
56811.4574 3.8195 0.0431
56741.6340 3.6144 0.0655
56809.4820 3.7287 0.0489
56715.5752 3.7547 0.0412
56841.3435 3.6944 0.0493
56744.5399 3.6792 0.0481
56723.5137 3.7952 0.0452
57134.4954 3.3890 0.0394
57123.5755 3.4339 0.0564
56798.4478 3.6668 0.0476
56751.3675 3.7733 0.0457
57223.3876 2.9807 0.0368
56835.3435 3.6754 0.0419
56831.3404 3.6158 0.0412
57547.4163 3.8098 0.0349
57220.2890 3.2499 0.0353
56805.4347 3.7075 0.0464
57542.3828 3.9157 0.0335
57213.3122 3.2091 0.0328
57520.3376 3.7065 0.0399
57420.5822 3.0586 0.0435
56837.3458 3.6634 0.0447
56839.3381 3.6954 0.0496
56722.4730 3.7608 0.0454
57508.4323 3.5028 0.0352
56803.4932 3.6731 0.0731
57157.4700 3.2920 0.0441
57166.3553 3.3554 0.0498
56783.3709 3.6944 0.0790
57433.5514 3.2942 0.0458
57185.4913 3.3057 0.0596
56781.3742 3.6028 0.0713
52816.3024 4.9628 0.0154
56772.5638 3.6622 0.0765
56776.4846 3.6335 0.0617
56778.3220 3.7653 0.0678
57160.5099 3.1871 0.0542
56780.3326 3.7612 0.0688
57104.5235 3.4663 0.0760
57078.4947 3.7247 0.0890
57105.5754 3.5252 0.0851
