57420.5582 2.1918 0.0286
53472.4821 1.5313 0.0062
56743.5383 2.2616 0.0414
56741.6094 2.3054 0.0601
56744.5188 2.2388 0.0416
56780.3104 2.2168 0.0475
56833.3288 2.0758 0.0389
56807.2931 1.8971 0.0429
57479.5491 2.3800 0.0398
56712.4835 2.2578 0.0412
56778.3007 2.1184 0.0422
56837.3245 2.0224 0.0406
57220.2668 2.0676 0.0333
57567.2988 2.5645 0.0326
56776.4632 2.1452 0.0413
57191.4328 1.9340 0.0348
56831.3199 1.9987 0.0375
57216.2792 2.1205 0.0337
56839.3166 2.0103 0.0431
57223.3660 2.0357 0.0343
56841.3211 2.1897 0.0488
57194.4128 1.9787 0.0336
56722.4512 2.2555 0.0404
57542.3634 2.6605 0.0327
56723.4935 2.3473 0.0460
56805.4134 2.0660 0.0424
57508.4126 2.6924 0.0331
57185.4654 2.1078 0.0391
56781.3529 2.0965 0.0475
57433.5303 2.3734 0.0307
56801.3488 2.1179 0.0417
57492.5483 2.5465 0.0383
57520.3156 2.6192 0.0408
56811.4368 2.0368 0.0375
56772.5406 2.1393 0.0534
56809.4595 2.0217 0.0419
56803.4668 2.0079 0.0478
56798.4255 2.0590 0.0373
56783.3458 1.9731 0.0522
56715.5548 2.1756 0.0381
57160.3693 1.9761 0.0302
57547.3970 2.5537 0.0321
57213.2908 1.9804 0.0302
56835.3225 2.0511 0.0376
56751.3471 2.2405 0.0449
57157.4471 1.9492 0.0374
57123.5441 1.9352 0.0647
57104.4669 2.0012 0.0589
57133.6028 1.8577 0.0510
57459.5499 2.2510 0.0476
57134.4738 2.0400 0.0565
57166.3310 2.0659 0.0641
54620.3631 1.7965 0.0431
