57420.5551 19.3999 0.0606
53472.4580 16.2535 0.0140
56743.5259 20.1209 0.0663
56715.5518 20.1935 0.0891
57223.3628 20.0602 0.0806
56744.5538 20.1784 0.0959
57508.4095 18.2313 0.0774
57542.3605 18.7192 0.0791
56776.4601 19.8332 0.0896
56839.3135 17.9528 0.0928
57185.4773 20.2203 0.1048
57157.4438 21.0953 0.0854
57134.4715 21.5750 0.0833
57547.3942 18.7199 0.0780
56778.2977 19.7838 0.0928
57160.3661 20.7933 0.0769
57459.5477 18.5913 0.0835
56811.4337 18.5391 0.0851
57213.2876 20.1865 0.0754
57133.5978 20.6258 0.0952
56723.4904 20.0737 0.0913
57567.2959 20.0746 0.0834
56807.2900 18.9575 0.0934
56809.4564 18.6952 0.0918
56803.4635 18.8638 0.0943
56780.3072 19.6740 0.0986
57520.3123 18.2547 0.0801
56741.5967 20.9370 0.1072
56835.3194 18.0280 0.0841
56751.3440 20.1613 0.0965
56781.3499 19.7277 0.0965
56772.5372 19.7426 0.0952
56831.3168 17.9639 0.0848
56833.3258 18.3131 0.0833
56837.3214 18.0459 0.0871
57078.4520 19.6634 0.0822
56712.4805 20.4216 0.0923
56841.3181 17.7387 0.0927
56801.3458 18.9142 0.0893
56722.4482 20.0836 0.0905
57433.5275 19.8566 0.0779
57479.5463 18.6593 0.0891
56805.4104 19.0798 0.0903
56798.4224 19.1723 0.0846
57216.2759 20.4736 0.0818
57194.4096 20.3067 0.0799
56783.3413 19.7856 0.1014
57220.2635 20.4779 0.0822
57166.3288 20.8585 0.1179
57492.5456 19.0631 0.0890
57195.4033 20.1859 0.1266
57104.4634 21.3066 0.1179
57123.5397 21.6576 0.1628
