52730.5708 2.0231 0.0235
53847.5700 1.5710 0.0271
53462.4880 2.3214 0.0280
56801.3749 1.9477 0.0280
53851.4197 1.6152 0.0162
53911.3265 1.8421 0.0203
52698.6084 1.7241 0.0094
53524.2997 2.6746 0.0107
54186.5147 3.3613 0.0178
57420.5809 2.6329 0.0304
53586.2926 2.5673 0.0124
53853.4234 1.6002 0.0145
53081.5362 1.6829 0.0061
52710.6200 1.8655 0.0121
52817.2960 2.0444 0.0234
53466.6105 2.3689 0.0121
54531.5699 3.2622 0.0101
57191.4580 2.2098 0.0328
56833.3526 2.4632 0.0343
53109.5778 1.9078 0.0156
54209.4920 3.4427 0.0120
54561.4245 3.2892 0.0119
53505.3877 2.5609 0.0188
52813.3474 2.1461 0.0139
54624.3814 3.2071 0.0118
52792.4193 2.2151 0.0196
52722.5967 1.9447 0.0234
53583.3020 2.5858 0.0132
52815.2953 2.1837 0.0082
53769.6072 2.1025 0.0110
53122.4995 1.8447 0.0072
53083.6071 1.9067 0.0115
54262.4003 3.4686 0.0139
54205.4842 3.4249 0.0150
56712.5038 1.0997 0.0394
53939.3051 2.1366 0.0129
52791.4573 2.2334 0.0200
54120.6614 3.0658 0.0149
56751.3675 1.2467 0.0412
53875.3578 1.6347 0.0114
52721.6238 1.8478 0.0320
57433.5504 2.6252 0.0310
54179.5203 3.3260 0.0130
54266.2907 3.4846 0.0135
56744.5399 1.1842 0.0435
56837.3458 2.5337 0.0424
57134.4954 2.0192 0.0375
54557.5439 3.3620 0.0131
53888.4048 1.7490 0.0141
56772.5627 1.4828 0.0510
54234.4861 3.4671 0.0131
54591.3847 3.1970 0.0121
57220.2890 2.2539 0.0339
53943.3011 2.2541 0.0130
53799.4769 2.0914 0.0125
57520.3376 2.4063 0.0382
54621.4043 3.2967 0.0125
54183.5047 3.4129 0.0140
53883.3877 1.7477 0.0131
54600.4443 3.2669 0.0307
53175.3829 1.6713 0.0115
56715.5752 1.0680 0.0361
53766.6154 2.0452 0.0116
53502.3863 2.5266 0.0141
53772.6248 2.1511 0.0135
56839.3381 2.7183 0.0478
53473.5863 2.4201 0.0146
54113.6596 2.8418 0.0154
53138.4597 1.7127 0.0133
54117.6445 2.9057 0.0119
56811.4574 2.0414 0.0395
56809.4820 2.1884 0.0458
56783.3699 1.6810 0.0538
56723.5137 0.9144 0.0400
54535.5061 3.3523 0.0121
56798.4478 1.7888 0.0447
53195.3443 1.7075 0.0115
57547.4163 2.5126 0.0327
53495.4378 2.5985 0.0133
54570.4252 3.1883 0.0279
53411.6219 2.4757 0.0121
53469.5172 2.4149 0.0129
53553.4126 2.9144 0.0134
57213.3122 2.1983 0.0313
54176.5626 3.2286 0.0132
56831.3404 2.5655 0.0391
53117.4831 1.8174 0.0117
53518.4463 2.5587 0.0271
54594.4510 3.1529 0.0124
56778.3210 1.4350 0.0434
54618.4124 3.2771 0.0124
56807.3136 1.9865 0.0392
57216.3027 2.2390 0.0346
56780.3316 1.5649 0.0439
54124.6293 2.9776 0.0123
52790.4020 2.2859 0.0397
56841.3435 2.6922 0.0476
57542.3828 2.6687 0.0313
56781.3732 1.6042 0.0466
54229.4771 3.4789 0.0216
57123.5755 1.9715 0.0555
53165.4084 1.7122 0.0114
53936.3058 2.1227 0.0128
54563.4924 3.2766 0.0137
53446.5307 2.3737 0.0125
54588.5506 3.1816 0.0172
54213.5706 3.4565 0.0159
53121.5116 1.7941 0.0121
57479.5706 2.4410 0.0385
53892.3754 1.8030 0.0243
53500.3142 2.5436 0.0131
53879.3067 1.7166 0.0128
54144.5872 3.1034 0.0133
53200.2651 1.7268 0.0125
54538.5756 3.3516 0.0146
56722.4730 0.9902 0.0402
57508.4323 2.3309 0.0331
54528.5205 3.2249 0.0111
57492.5703 2.3061 0.0365
54151.6487 3.1082 0.0140
53551.3274 2.9321 0.0127
53906.3668 1.7946 0.0142
54511.5791 2.9445 0.0104
57223.3876 2.1621 0.0356
54201.4521 3.4009 0.0138
53149.3314 1.7070 0.0120
53855.4144 1.5964 0.0122
56835.3435 2.5288 0.0396
54153.5952 3.1157 0.0133
54259.3113 3.5223 0.0124
53463.5851 2.3193 0.0218
54597.4492 3.1864 0.0123
56805.4347 2.0073 0.0432
54255.3336 3.5421 0.0185
53531.3598 2.7351 0.0132
54524.5250 3.1375 0.0201
53178.3735 1.6401 0.0115
53578.3415 2.6422 0.0182
53390.6473 2.5900 0.0131
53859.3653 1.5528 0.0165
53916.3232 1.8260 0.0159
53743.6315 1.9172 0.0109
54614.3908 3.2706 0.0136
53527.3510 2.7245 0.0126
53523.4194 2.6293 0.0192
56776.4836 1.4650 0.0397
53146.4857 1.7191 0.0147
56803.4932 1.7742 0.0694
53563.3393 2.8722 0.0244
57157.4700 1.9553 0.0418
52816.2978 1.9179 0.0108
57166.3553 2.1283 0.0480
54620.3574 3.2067 0.0362
57078.4942 2.4350 0.0511
57160.5099 1.8794 0.0517
57185.4913 2.2834 0.0574
56741.6329 1.2686 0.1152
53890.4800 1.6673 0.0630
57104.5235 1.9996 0.0703
53198.3064 1.8958 0.0936
57105.5754 2.0581 0.0798
