57420.5528 0.9037 0.0302
57194.4042 1.1212 0.0325
56803.4007 1.0940 0.0465
57567.2972 1.5079 0.0384
56778.2926 0.8503 0.0441
57547.3894 1.3092 0.0305
57433.5227 1.0299 0.0289
56839.3084 0.8913 0.0423
57459.5423 1.0877 0.0331
57160.3607 1.1938 0.0303
57133.4154 1.1474 0.0329
56835.3144 0.8620 0.0367
57157.4382 1.1498 0.0370
57216.2706 0.9948 0.0317
57223.3574 1.0221 0.0331
57479.5414 1.1028 0.0362
57213.2820 1.0369 0.0290
57220.2575 0.9865 0.0393
56772.5313 0.8462 0.0492
57520.3067 1.3571 0.0387
57508.4044 1.1834 0.0323
56831.3117 0.9205 0.0371
57542.3556 1.4322 0.0307
57185.4561 1.0678 0.0460
57492.5382 2.0131 0.0459
56743.5040 0.7119 0.0480
56833.3208 0.9902 0.0457
56776.4549 0.8527 0.0450
57078.4405 1.0201 0.0359
57191.4231 0.9899 0.0415
56712.4764 0.8972 0.0589
57460.4772 0.8770 0.0869
56837.3174 0.8822 0.0556
56809.4523 0.7523 0.0577
56798.4184 0.9191 0.0524
57195.4008 1.0393 0.0514
56807.2860 1.0883 0.0567
56780.3025 0.7782 0.0549
56841.3138 0.8151 0.0668
56783.3361 0.8490 0.0736
57166.3209 1.1164 0.0688
57123.5324 1.2613 0.0719
56801.3417 0.9784 0.0593
56811.4297 0.9550 0.0522
56751.3398 0.6466 0.0650
56722.4441 0.8068 0.0600
56744.5493 0.7530 0.0532
57105.5603 1.0082 0.0510
57134.4685 1.0649 0.0592
56741.5888 0.7125 0.0668
56805.4068 0.8593 0.0694
56781.3464 0.7588 0.0852
57104.4590 1.0400 0.0626
54620.3656 0.9547 0.0436
56715.5482 0.8428 0.0665
56723.4858 1.0462 0.0919
