57420.5718 2.6035 0.0303
56833.3442 1.8186 0.0364
53147.4525 2.8685 0.0075
52814.3124 3.1794 0.0089
56805.4265 1.9082 0.0430
56781.3651 2.0233 0.0482
57492.5616 2.9841 0.0353
56798.4382 2.0442 0.0398
57542.3753 2.6343 0.0320
56841.3344 1.7909 0.0471
57157.4605 1.6099 0.0371
57520.3289 2.8363 0.0395
56801.3611 1.9843 0.0443
57213.3036 1.7485 0.0310
56809.4728 1.8624 0.0448
56839.3294 1.7592 0.0438
57508.4244 2.9594 0.0345
57191.4470 1.7491 0.0345
56722.4643 1.9724 0.0407
57134.4858 1.5570 0.0360
56835.3351 1.7285 0.0383
56712.4957 2.0364 0.0415
56723.5056 1.9636 0.0432
56811.4492 1.8332 0.0390
57223.3789 1.6549 0.0345
57216.2922 1.7675 0.0343
56778.3129 1.9528 0.0448
56783.3617 2.0909 0.0547
57220.2801 1.8383 0.0350
57479.5619 2.7496 0.0388
56807.3055 1.8645 0.0405
56837.3376 1.8354 0.0411
56780.3231 2.0441 0.0453
56831.3322 1.7625 0.0374
57547.4087 2.4890 0.0321
56751.3593 1.9197 0.0436
56744.5318 1.7820 0.0436
56772.5541 1.9722 0.0510
56715.5670 2.1015 0.0381
56776.4755 1.9634 0.0414
57433.5416 2.6273 0.0314
56803.4819 1.9062 0.0621
57160.4616 1.4560 0.0405
57078.4859 1.6684 0.0371
53122.5316 3.0193 0.0106
57166.3455 1.5462 0.0481
56741.6267 1.4903 0.0958
57105.5711 1.6833 0.0527
56829.3180 1.3146 0.0482
57104.5060 1.6071 0.0429
57185.4795 1.5539 0.0628
52813.3147 3.1785 0.0139
57123.5621 1.7745 0.0782
56865.2991 1.6033 0.0515
57567.3097 2.3123 0.0901
