57420.5582 5.4017 0.0316
56743.5383 3.6710 0.0432
56741.6094 3.5445 0.0610
56744.5188 3.6462 0.0438
56780.3104 3.2824 0.0486
57479.5491 6.1225 0.0449
56778.3007 3.3344 0.0442
57220.2668 3.4710 0.0361
57567.2988 6.9219 0.0406
56776.4632 3.3040 0.0434
57216.2792 3.5936 0.0363
57223.3660 3.5536 0.0370
56841.3211 2.7686 0.0491
57508.4126 6.7032 0.0403
57542.3634 6.7470 0.0403
56805.4134 2.9427 0.0438
57185.4654 3.3667 0.0407
56781.3529 3.2914 0.0489
57433.5303 5.6280 0.0368
57492.5483 6.2249 0.0446
57520.3156 6.7477 0.0457
56803.4668 2.9223 0.0489
56772.5406 3.3608 0.0545
56809.4595 2.9520 0.0435
56798.4255 3.0003 0.0390
56783.3458 3.3455 0.0535
57160.3693 2.9977 0.0321
57547.3970 6.7308 0.0397
57213.2908 3.6784 0.0333
56751.3471 3.4940 0.0467
57157.4471 2.8678 0.0388
57123.5441 2.5457 0.0648
57104.4669 2.8093 0.0611
57133.6028 2.7827 0.0527
53472.4999 4.9318 0.0155
56839.3155 2.6867 0.0613
56837.3235 2.7728 0.0591
56833.3278 2.7610 0.0559
56712.4825 3.6892 0.0618
56831.3189 2.9144 0.0555
56715.5538 3.5308 0.0575
56722.4502 3.7217 0.0613
57459.5499 5.7681 0.0559
56723.4924 3.6127 0.0653
56835.3214 2.7995 0.0549
56807.2921 2.9272 0.0650
57134.4738 2.8370 0.0585
57194.4118 3.4002 0.0509
57191.4316 3.5186 0.0533
57166.3310 3.1329 0.0661
56801.3478 2.9272 0.0609
56811.4358 3.0006 0.0554
54620.3631 2.4041 0.0445
