57420.5625 2.4292 0.0296
56833.3397 5.3510 0.0371
56712.4876 3.5071 0.0437
56783.3499 4.1281 0.0562
56715.5589 3.5034 0.0407
57157.4515 2.9945 0.0385
56722.4562 3.9427 0.0433
56809.4644 4.8974 0.0491
56839.3207 5.5638 0.0488
56841.3254 5.7276 0.0532
56781.3570 4.0113 0.0505
56811.4410 4.8537 0.0438
57492.5529 2.8155 0.0353
56751.3512 4.2305 0.0479
56837.3290 5.5528 0.0471
57133.6087 3.0090 0.0491
57213.2951 3.2122 0.0330
56780.3146 3.9383 0.0488
57160.3736 3.1238 0.0330
53496.3516 5.1136 0.0096
57123.5514 3.0282 0.0539
56772.5452 4.1776 0.0546
53472.5300 4.7156 0.0114
57191.4374 3.1492 0.0400
56805.4182 4.6461 0.0475
56744.5234 4.2414 0.0455
57223.3703 3.2237 0.0367
57547.4010 3.2255 0.0334
57220.2711 3.1069 0.0364
56803.4723 4.5812 0.0517
57508.4165 2.6979 0.0343
56831.3240 5.3413 0.0438
57134.4821 3.0979 0.0451
56807.2972 4.6978 0.0453
57433.5341 2.5426 0.0311
56778.3048 3.9774 0.0466
56798.4301 4.5305 0.0423
56835.3266 5.4482 0.0440
56801.3529 4.4699 0.0467
57567.3029 3.7411 0.0382
56776.4673 3.9952 0.0452
57542.3673 3.0937 0.0322
57216.2834 3.1018 0.0354
57479.5533 2.6317 0.0390
57520.3201 2.6270 0.0410
56723.4975 3.9952 0.0458
56741.6083 4.1752 0.0784
52793.2667 7.2953 0.0328
57078.4761 3.3086 0.0458
57166.3371 3.2096 0.0469
57185.4701 3.1635 0.0585
53474.4508 4.8920 0.0198
53388.6169 3.1965 0.0196
57104.4732 3.5353 0.0750
