57420.5582 1.2046 0.0277
53472.4934 1.6469 0.0085
56743.5385 1.4304 0.0431
56780.3104 1.4042 0.0458
56833.3288 1.3501 0.0374
56807.2931 1.2353 0.0409
57479.5491 1.4093 0.0386
56712.4835 1.5249 0.0405
56778.3007 1.4501 0.0409
56837.3245 1.2374 0.0390
57220.2668 1.1934 0.0322
57567.2988 1.3250 0.0307
56776.4632 1.4425 0.0405
57191.4328 1.0474 0.0335
56831.3199 1.3248 0.0359
57216.2792 1.1267 0.0319
56839.3166 1.2596 0.0416
57223.3660 1.1660 0.0331
56841.3211 1.1976 0.0470
57194.4128 1.2203 0.0326
56722.4512 1.4729 0.0396
56744.5188 1.5245 0.0406
57542.3634 1.2186 0.0302
56723.4935 1.4900 0.0453
56805.4134 1.3203 0.0408
57508.4126 1.3354 0.0308
57185.4654 1.1816 0.0378
56781.3529 1.4918 0.0462
57433.5303 1.3642 0.0289
56801.3488 1.3716 0.0401
57520.3156 1.2931 0.0395
56811.4368 1.2920 0.0360
56772.5406 1.3447 0.0520
56751.3471 1.4193 0.0440
56809.4595 1.3103 0.0402
56803.4668 1.3783 0.0463
56798.4255 1.2794 0.0356
56783.3458 1.4069 0.0512
56715.5548 1.5482 0.0375
57160.3693 1.2272 0.0290
57547.3970 1.3680 0.0300
57213.2908 1.1945 0.0290
56835.3225 1.3788 0.0362
57157.4471 1.3010 0.0366
57133.6028 1.2676 0.0502
57123.5441 1.1995 0.0636
57104.4669 1.3335 0.0579
57492.5482 1.2453 0.0370
56741.6030 1.4758 0.0478
57459.5499 1.3599 0.0455
57134.4738 1.4023 0.0552
57166.3310 1.2066 0.0629
54620.3631 1.4062 0.0406
