56833.3397 2.9762 0.0350
56835.3266 2.8988 0.0413
56715.5589 2.8542 0.0411
56722.4562 1.7876 0.0411
56809.4644 2.4467 0.0468
56839.3207 2.8599 0.0457
56811.4410 2.9575 0.0421
56751.3512 2.9393 0.0469
56712.4876 2.2334 0.0429
57213.2951 3.3303 0.0346
56841.3254 2.9740 0.0499
56805.4182 2.6050 0.0456
56837.3290 2.9119 0.0442
56798.4301 2.7468 0.0401
56803.4723 2.2724 0.0493
56744.5234 2.3128 0.0435
57433.5341 2.6962 0.0332
57420.5614 2.6130 0.0429
56801.3529 2.8993 0.0453
56807.2972 2.9664 0.0443
56831.3240 3.0017 0.0415
56723.4975 3.1544 0.0461
57508.4160 2.9434 0.0438
57547.4008 2.5386 0.0388
57223.3702 3.4559 0.0423
57160.3734 3.3682 0.0379
57134.4836 3.1319 0.0538
57567.3023 2.4619 0.0462
53472.5360 2.3377 0.0119
57157.4513 3.2720 0.0436
56776.4663 2.7524 0.0637
56778.3038 2.6772 0.0643
56772.5440 2.8166 0.0769
57216.2824 3.4922 0.0536
56783.3488 2.6418 0.0765
57220.2700 3.3977 0.0542
57123.5498 3.2706 0.0770
53474.4540 2.0927 0.0123
57166.3372 5.3657 0.0505
56781.3560 2.6700 0.0701
57479.5522 2.8442 0.0561
56780.3135 2.8558 0.0683
57191.4363 3.4593 0.0594
57542.3663 2.5150 0.0471
57133.6071 3.3051 0.0747
57492.5517 2.7523 0.0514
57520.3190 2.5104 0.0596
57078.4740 3.5119 0.0925
57104.4732 3.2210 0.0774
57185.4683 3.4305 0.1021
