57420.5540 2.6009 0.0292
56743.5233 2.0255 0.0362
57160.3668 2.4114 0.0256
57479.5469 2.4559 0.0338
56751.3447 1.8690 0.0365
56803.4428 2.1644 0.0435
56841.3188 2.4618 0.0396
56741.6040 1.9993 0.0504
56744.5418 1.9388 0.0352
57157.4445 2.2397 0.0304
57133.5990 2.5903 0.0355
57492.5459 2.4248 0.0326
53472.4612 2.4229 0.0083
57220.2624 2.9263 0.0380
56801.3447 2.3049 0.0416
56837.3204 2.3366 0.0401
56722.4472 2.0302 0.0395
56715.5507 2.0723 0.0389
56723.4894 2.0406 0.0420
57194.4085 2.6537 0.0342
57223.3617 2.8078 0.0355
57567.2949 2.4343 0.0358
56780.3093 1.5247 0.0465
57433.5265 2.6093 0.0313
56712.4795 2.0652 0.0415
57185.4684 2.6139 0.0455
56778.2997 1.6817 0.0414
57542.3595 2.6855 0.0321
57459.5467 2.4058 0.0360
57216.2749 2.8432 0.0345
57547.3932 2.6576 0.0327
56811.4327 2.1927 0.0376
56805.4093 2.2807 0.0410
56839.3125 2.4635 0.0445
56835.3184 2.3703 0.0380
57078.4502 1.8113 0.0429
57213.2865 3.0118 0.0320
56831.3158 2.3007 0.0379
56833.3247 2.3217 0.0378
56807.2890 2.2139 0.0401
56809.4559 2.0756 0.0461
57134.4710 2.7013 0.0445
56776.4601 2.1347 0.0566
57166.3305 2.1266 0.0609
57508.4095 2.5838 0.0474
56798.4224 2.2495 0.0536
56781.3499 2.0944 0.0656
57195.4028 2.7474 0.0557
56772.5372 2.0594 0.0676
57520.3123 2.4033 0.0561
56783.3413 2.2966 0.0735
57104.4634 2.5246 0.0684
57191.4276 2.6367 0.0629
57123.5397 2.3651 0.1226
57105.5621 2.7739 0.0765
