52730.5705 2.3257 0.0256
53853.4456 1.9562 0.0177
53847.5836 1.9708 0.0316
53586.2950 1.7573 0.0117
54531.5778 2.1891 0.0088
53462.4927 1.7032 0.0301
53911.3316 2.0027 0.0259
53466.6160 1.6952 0.0118
53583.3057 1.7432 0.0116
53524.3045 1.7050 0.0115
53851.4077 1.9680 0.0226
56801.3755 2.0149 0.0411
52817.2971 2.0662 0.0279
52813.3474 1.9445 0.0136
52710.6216 2.3124 0.0144
53799.4830 1.7745 0.0186
52722.5967 2.3260 0.0232
52792.4193 2.0898 0.0193
54538.5780 1.7931 0.0134
52791.4573 1.8050 0.0195
52721.6238 2.2919 0.0316
53138.4623 1.3804 0.0127
54528.5229 2.1837 0.0104
54535.5084 1.9162 0.0110
54570.4284 1.7916 0.0265
54561.4246 2.1609 0.0125
53743.6353 1.7729 0.0107
53165.4108 1.4569 0.0113
53766.6179 1.5880 0.0111
53553.4150 1.7003 0.0124
54557.5463 2.2135 0.0123
53122.4963 1.4133 0.0075
52790.4020 2.1092 0.0392
53939.3075 1.6786 0.0125
53117.4860 1.4187 0.0114
54209.4961 1.8507 0.0124
57420.5822 1.7271 0.0403
53175.3853 1.2664 0.0112
53769.6073 1.6467 0.0116
53121.5140 1.4026 0.0115
53943.3035 2.0070 0.0128
54563.4950 1.7926 0.0123
53411.6245 1.6425 0.0112
53446.5332 1.7820 0.0119
53551.3298 1.6834 0.0117
53178.3759 1.3787 0.0112
53200.2675 1.4818 0.0119
56833.3547 1.9631 0.0401
54624.3856 2.0638 0.0126
53578.3439 1.6916 0.0168
53495.4402 1.7923 0.0124
53772.6273 1.7846 0.0129
54511.5838 1.8197 0.0111
53879.3116 1.9456 0.0151
54144.5920 1.7021 0.0144
54151.6535 1.7318 0.0158
54153.6000 1.7110 0.0142
54255.3383 2.0502 0.0225
54621.4090 2.0954 0.0140
54117.6493 1.7030 0.0127
53502.3911 1.7001 0.0156
53892.3802 1.9405 0.0277
54524.5256 1.5840 0.0220
53390.6521 1.6354 0.0146
53916.3280 1.9999 0.0188
54262.4029 1.9107 0.0166
53531.3651 1.7081 0.0141
54614.3956 2.0976 0.0145
54597.4520 2.0732 0.0132
53936.3106 1.9755 0.0146
54266.2955 1.8671 0.0138
53859.3702 2.0224 0.0192
53146.4917 1.4857 0.0147
54183.5074 1.7995 0.0150
53473.5911 1.7049 0.0164
53883.3925 1.9445 0.0154
53109.5792 1.5253 0.0196
53855.4193 1.9729 0.0143
54588.5532 2.0836 0.0186
53888.4096 1.9437 0.0155
54179.5230 1.8179 0.0138
53505.3907 1.7036 0.0228
53469.5220 1.7103 0.0143
53906.3717 1.9648 0.0169
54205.4890 1.8398 0.0157
54618.4171 2.0641 0.0136
53149.3340 1.4265 0.0134
54120.6619 1.7742 0.0165
54234.4909 1.9101 0.0140
54113.6644 1.6902 0.0197
53527.3558 1.7272 0.0136
54176.5652 1.7976 0.0141
54229.4818 1.9278 0.0241
54591.3874 2.0840 0.0131
54201.4569 1.5951 0.0147
53195.3479 1.4866 0.0132
53518.4511 1.7693 0.0306
54213.5754 1.8532 0.0174
54259.3160 2.0035 0.0132
53875.3626 1.9687 0.0137
54186.5201 1.7860 0.0278
53500.3190 1.7391 0.0143
56841.3445 1.9126 0.0622
56837.3468 1.9249 0.0557
57220.2902 1.4248 0.0439
57134.4965 1.5481 0.0516
57213.3132 1.4857 0.0407
56715.5762 1.9504 0.0502
56839.3391 2.0376 0.0628
56772.5638 1.9051 0.0684
56776.4846 1.9391 0.0537
56744.5410 2.1086 0.0603
56778.3220 1.9639 0.0594
56811.4584 2.0430 0.0530
56783.3709 1.9536 0.0713
57166.3562 1.6345 0.0535
56723.5148 2.0247 0.0557
54594.4574 2.0696 0.0166
56741.6355 2.0652 0.0857
56835.3446 1.9636 0.0517
57123.5770 1.5125 0.0756
53523.4232 1.7231 0.0279
56809.4832 2.0911 0.0590
57191.4577 1.6582 0.0468
53083.6120 1.4600 0.0174
57223.3887 1.4826 0.0461
56798.4488 1.9751 0.0614
57520.3387 2.0843 0.0519
57479.5717 2.0194 0.0529
56712.5048 2.0648 0.0551
57542.3838 2.1434 0.0414
56807.3146 1.9832 0.0515
57433.5514 1.8096 0.0401
57547.4172 2.0775 0.0436
56781.3742 1.8450 0.0628
56831.3414 1.9619 0.0506
57508.4332 2.1745 0.0454
53563.3392 1.5659 0.0272
57216.3038 1.6066 0.0446
57185.4913 1.7924 0.0542
56722.4745 2.0341 0.0559
56780.3326 2.0433 0.0606
57492.5714 2.1592 0.0483
54124.6325 1.7063 0.0158
56751.3686 2.0516 0.0570
56805.4358 2.0567 0.0580
54600.4506 2.0580 0.0440
57157.4705 1.7765 0.0517
57105.5754 1.7080 0.0751
56803.4944 2.1285 0.1286
57078.4947 1.6712 0.0770
57160.5116 1.7911 0.0583
57104.5235 1.5552 0.0660
53463.5772 1.7293 0.0443
