57420.5540 3.7218 0.0310
56743.5233 3.7996 0.0387
56803.4428 4.0685 0.0470
56741.6039 3.9133 0.0618
57220.2624 3.7453 0.0398
56801.3447 3.9771 0.0453
57133.5964 3.7102 0.0454
56722.4472 3.6701 0.0426
57547.3932 4.0649 0.0355
56723.4894 3.7056 0.0451
57194.4085 3.7231 0.0362
57433.5265 3.8551 0.0340
56798.4214 4.1072 0.0417
57223.3617 3.7277 0.0374
56751.3430 3.9106 0.0487
56783.3403 3.9616 0.0563
56772.5360 3.9160 0.0519
57185.4684 3.6874 0.0476
57160.3650 3.6690 0.0340
56841.3171 4.0026 0.0513
57542.3595 4.1381 0.0351
57157.4427 3.6907 0.0396
56712.4795 3.8528 0.0449
57459.5467 3.4770 0.0386
57216.2749 3.6822 0.0365
57520.3112 3.8869 0.0424
56811.4327 4.0955 0.0419
57567.2949 4.1867 0.0395
56715.5507 3.7906 0.0420
56839.3125 4.0830 0.0484
56780.3062 3.8395 0.0515
57479.5453 3.5581 0.0454
56805.4093 3.9987 0.0451
56835.3184 4.0728 0.0418
56744.5528 3.8301 0.0474
57508.4085 3.6934 0.0350
56781.3489 3.9073 0.0510
56776.4591 4.0815 0.0438
56837.3204 4.0212 0.0440
57078.4502 3.6367 0.0470
57213.2865 3.6610 0.0335
56831.3158 4.0800 0.0421
56778.2967 4.0824 0.0472
56833.3247 4.1112 0.0418
56807.2890 4.0894 0.0447
57492.5435 3.4271 0.0400
56809.4559 4.2363 0.0516
53467.4943 3.3018 0.0102
57134.4710 3.7708 0.0470
53884.4341 3.2235 0.0128
53883.4566 3.0761 0.0120
57195.4028 3.5887 0.0581
57123.5397 3.9353 0.1300
57104.4634 4.0281 0.0729
57191.4276 3.6796 0.0660
57105.5621 3.9288 0.0811
57166.3288 3.5572 0.0860
