57420.5558 1.6016 0.0229
56803.4555 1.4096 0.0350
56743.5233 1.2992 0.0352
56837.3221 1.4864 0.0320
56722.4489 1.3999 0.0314
57157.4445 1.4531 0.0293
57160.3668 1.4988 0.0244
57433.5281 1.6899 0.0242
57567.2965 1.9427 0.0279
57479.5469 1.6021 0.0327
56805.4110 1.3742 0.0330
56839.3142 1.5029 0.0351
56781.3506 1.3543 0.0374
56780.3079 1.2994 0.0378
57194.4103 1.4373 0.0264
56751.3447 1.4451 0.0357
57542.3611 1.9137 0.0256
56783.3424 1.3249 0.0415
56776.4608 1.3371 0.0322
56811.4344 1.2762 0.0297
56801.3464 1.2995 0.0329
57185.4678 1.4179 0.0342
57547.3948 1.9478 0.0257
56831.3175 1.4980 0.0300
56778.2984 1.3123 0.0337
56798.4231 1.3370 0.0298
56841.3188 1.5522 0.0384
56712.4812 1.4012 0.0327
56744.5418 1.3957 0.0344
56715.5524 1.4359 0.0306
57508.4102 1.5958 0.0257
57213.2883 1.3905 0.0239
57216.2767 1.4898 0.0260
57220.2642 1.4053 0.0282
56835.3201 1.4713 0.0300
57520.3130 1.6207 0.0321
57133.5990 1.5135 0.0342
56833.3265 1.4695 0.0305
56807.2907 1.3628 0.0322
56809.4577 1.3580 0.0354
57492.5459 1.5230 0.0314
56772.5373 1.3345 0.0404
53472.4612 0.9159 0.0076
57223.3635 1.3884 0.0306
56723.4905 1.3765 0.0352
57459.5467 1.5677 0.0347
57134.4719 1.5637 0.0375
57078.4502 1.7394 0.0431
57191.4318 1.4678 0.0374
56741.5990 1.3192 0.0382
57123.5425 1.5497 0.0887
57195.4028 1.4839 0.0524
57166.3305 1.3737 0.0595
57104.4657 1.5946 0.0848
57105.5621 1.7233 0.0735
