57420.5625 21.4543 0.0441
53472.4934 24.6871 0.0150
56783.3499 19.8554 0.0726
57157.4515 20.6623 0.0598
56781.3570 19.6995 0.0694
57492.5529 22.2509 0.0596
56751.3512 19.0764 0.0668
57133.6087 17.7142 0.0652
56780.3146 19.7137 0.0676
57160.3736 20.6260 0.0553
57123.5514 17.3190 0.0628
57508.4165 17.6558 0.0549
56772.5452 19.3441 0.0703
57223.3703 19.8440 0.0576
57547.4010 23.2245 0.0598
57220.2711 19.8810 0.0586
56741.6082 18.4736 0.0759
56744.5234 19.0590 0.0645
57134.4821 20.0755 0.0668
57433.5341 22.0402 0.0576
56778.3048 19.7947 0.0670
57213.2951 20.0612 0.0546
56776.4673 19.5830 0.0656
57542.3673 23.1628 0.0587
57216.2834 20.0605 0.0584
57479.5533 21.9607 0.0592
57520.3201 16.5285 0.0540
57078.4761 20.6784 0.0712
57166.3371 20.4674 0.0653
56831.3230 19.7680 0.0907
56833.3319 19.8898 0.0908
56801.3519 19.5418 0.0946
56715.5579 18.3465 0.0875
56723.4965 18.5710 0.0907
56803.4711 19.4095 0.1004
57567.3017 23.8097 0.0991
56839.3197 19.9301 0.0967
56841.3244 19.9421 0.0990
56835.3256 20.0700 0.0909
56837.3276 20.1455 0.0944
56805.4172 19.6093 0.0963
56811.4400 19.5353 0.0909
57191.4363 19.8275 0.0875
56712.4866 18.1821 0.0908
56809.4634 19.6455 0.0996
56722.4552 18.2634 0.0892
56807.2962 19.5945 0.0963
56798.4291 19.8598 0.0889
57185.4683 19.8440 0.1439
57104.4732 20.8166 0.1210
