56801.3749 16.1528 0.0383
57420.5809 17.7734 0.0418
56833.3526 15.4059 0.0484
52698.6066 11.9214 0.0179
57191.4580 17.7318 0.0488
52816.2955 14.4997 0.0129
56712.5038 15.6128 0.0585
56778.3210 15.8085 0.0623
57492.5703 17.9605 0.0568
57479.5706 17.7274 0.0544
56807.3136 16.0127 0.0589
57216.3027 17.1704 0.0549
56780.3316 15.8127 0.0619
56811.4574 16.0420 0.0585
56741.6340 15.0888 0.0756
56809.4820 15.8310 0.0634
56783.3699 15.8618 0.0687
57433.5504 18.1408 0.0526
56715.5752 15.2168 0.0558
57508.4323 17.7020 0.0541
56841.3435 15.3849 0.0624
56744.5399 15.3605 0.0621
56723.5137 14.9367 0.0592
57134.4954 18.2134 0.0558
56751.3675 15.2272 0.0603
56781.3732 15.8606 0.0645
57123.5755 17.7829 0.0661
56798.4478 16.1499 0.0637
56772.5627 15.5185 0.0666
57223.3876 16.9723 0.0538
56835.3435 15.2071 0.0569
57547.4163 16.3670 0.0522
57220.2890 17.1429 0.0529
56805.4347 16.1193 0.0617
57542.3828 16.5947 0.0507
56776.4836 15.6808 0.0583
57213.3122 17.1660 0.0503
57520.3376 17.6405 0.0542
56831.3404 15.3395 0.0565
56837.3458 15.3317 0.0595
56839.3381 15.4304 0.0643
56722.4730 14.9578 0.0594
56803.4932 16.1142 0.0904
57157.4700 18.6916 0.0633
57166.3553 18.4328 0.0689
57185.4913 17.8469 0.0796
57160.5099 18.5483 0.0794
57078.4942 18.7147 0.0797
57104.5235 18.1915 0.1147
57105.5754 18.0418 0.1239
