57479.5240 2.3933 0.0237
52698.6084 2.5872 0.0102
56715.4984 3.0629 0.0346
57420.5453 2.3363 0.0319
56803.4112 2.2577 0.0353
56743.5101 2.1574 0.0343
56741.5899 2.2182 0.0504
57567.2896 2.1761 0.0301
56723.4803 2.8678 0.0369
56781.3397 2.3465 0.0451
56809.4460 2.1756 0.0362
56721.5901 2.5675 0.0409
56798.4117 2.2433 0.0321
56778.2875 2.3016 0.0390
56811.4234 2.1397 0.0321
56805.4000 2.1489 0.0336
56837.3096 1.9442 0.0337
57520.3008 2.5777 0.0439
57542.3509 2.3600 0.0272
56776.4499 2.2988 0.0352
57460.4734 2.2771 0.0304
56833.3155 2.0602 0.0325
57508.3994 2.3700 0.0292
56780.2967 2.2797 0.0416
56835.3093 1.9576 0.0318
56831.3066 2.1081 0.0324
56744.5344 2.2976 0.0359
56751.3336 2.3367 0.0419
56783.3308 2.3261 0.0459
57492.5332 2.2870 0.0330
56801.3352 1.9610 0.0374
57459.5373 2.3878 0.0310
56772.5257 2.4330 0.0436
56807.2799 1.9879 0.0357
52815.2953 2.4472 0.0082
56712.4708 3.1030 0.0408
57433.5183 2.3061 0.0294
57216.2664 1.8608 0.0332
57160.3564 2.0902 0.0312
56829.3208 2.3136 0.0478
56800.5027 2.0674 0.0690
57213.2777 1.9167 0.0302
57133.4106 2.3872 0.0323
57223.3531 1.8498 0.0337
57157.4336 2.0948 0.0354
56722.4392 2.8786 0.0475
57194.3999 2.0996 0.0336
56839.3023 2.3712 0.0459
56841.3064 2.4605 0.0515
57547.3854 2.2929 0.0301
57419.5251 2.3008 0.0643
57191.4184 2.0629 0.0442
57220.2515 1.7561 0.0902
57104.4484 2.9817 0.0481
57123.5278 2.5691 0.0900
57134.4666 2.2714 0.0575
56711.5225 3.2025 0.0834
57155.3464 2.4480 0.2427
57195.3988 1.9800 0.0535
57185.4502 2.0580 0.0565
57078.4234 2.7637 0.0547
57166.3176 2.0474 0.0949
57156.4557 2.0972 0.0429
57105.5577 2.7813 0.0767
