57420.5540 1.4290 0.0288
56743.5233 0.9142 0.0350
56803.4428 0.8918 0.0434
57220.2624 1.3128 0.0362
56801.3447 0.9795 0.0405
57133.5964 1.0513 0.0423
56722.4472 0.9012 0.0377
53471.4483 1.4690 0.0095
57547.3932 1.6184 0.0303
56723.4894 0.8383 0.0402
57194.4085 1.3354 0.0324
57433.5265 1.4878 0.0291
56798.4214 0.9165 0.0362
57223.3617 1.2790 0.0334
56751.3430 1.0221 0.0445
57078.4502 0.9375 0.0427
56841.3171 0.9879 0.0476
56772.5360 0.9780 0.0482
57185.4684 1.2190 0.0441
57160.3650 1.1809 0.0297
57542.3595 1.5527 0.0297
57157.4427 1.1415 0.0358
57459.5467 1.5396 0.0345
57216.2749 1.1691 0.0319
57520.3112 1.6128 0.0391
56811.4327 1.0152 0.0362
57567.2949 1.5061 0.0337
56715.5507 0.9097 0.0369
56839.3125 1.0335 0.0433
56780.3062 0.9410 0.0475
57479.5453 1.4813 0.0420
56805.4093 0.9673 0.0398
56835.3184 0.8979 0.0360
56744.5528 0.9455 0.0428
57508.4085 1.6116 0.0308
56712.4795 0.9055 0.0400
56781.3489 0.9339 0.0467
56776.4591 0.9039 0.0384
56837.3204 0.9532 0.0387
57213.2865 1.2471 0.0294
56831.3158 0.8343 0.0359
56778.2967 0.9364 0.0421
56833.3247 0.9736 0.0362
56807.2890 1.0084 0.0388
57492.5435 1.4412 0.0359
56809.4559 1.0064 0.0449
56783.3408 1.0248 0.0583
53474.4365 1.4722 0.0090
57134.4710 1.1467 0.0425
53475.5650 1.3106 0.0126
56741.5962 0.9667 0.0493
53883.4566 1.7149 0.0115
57195.4028 1.0978 0.0519
53472.4580 1.4728 0.0120
57191.4276 1.3325 0.0600
57123.5397 0.9330 0.1247
57105.5621 1.0009 0.0706
57166.3288 1.2643 0.0813
57104.4634 1.0128 0.0620
