57420.5741 51.6476 0.0439
56833.3460 52.1378 0.0625
56801.3657 52.6283 0.0639
56741.6261 52.6172 0.0723
56723.5077 53.0313 0.0688
56715.5691 53.1246 0.0653
57520.3311 57.6704 0.0607
56837.3397 51.9068 0.0668
56778.3149 53.1877 0.0696
56809.4750 52.2725 0.0725
57157.4628 49.1633 0.0602
57479.5641 54.6078 0.0593
56839.3317 51.8486 0.0693
56841.3368 52.0539 0.0667
56811.4513 52.9034 0.0664
56835.3373 52.2584 0.0661
56783.3638 53.2958 0.0700
57223.3811 48.4107 0.0585
57492.5638 55.3322 0.0632
56744.5338 53.4065 0.0691
57220.2823 48.8150 0.0608
57216.2948 48.4643 0.0604
56798.4402 53.0840 0.0656
56780.3253 53.0505 0.0686
56781.3671 53.0998 0.0716
56772.5563 53.3205 0.0697
57134.4883 49.9191 0.0586
56831.3342 52.3246 0.0658
56722.4664 53.1930 0.0668
57213.3058 48.7676 0.0562
57547.4106 59.2119 0.0650
56712.4977 53.0720 0.0670
56805.4285 52.9825 0.0686
56751.3614 53.4916 0.0683
56807.3075 52.4028 0.0703
57433.5438 53.8384 0.0613
57191.4493 48.5855 0.0579
56776.4775 53.3742 0.0673
57542.3772 59.0481 0.0642
57508.4264 56.5267 0.0637
56803.4857 52.5234 0.0796
57160.4866 49.3053 0.0638
57166.3484 49.0694 0.0683
57123.5673 50.1838 0.0705
57185.4821 47.9874 0.0811
57078.4874 49.6411 0.0724
57105.5720 50.3951 0.0927
53147.4589 46.6173 0.0243
57104.5101 50.4878 0.0892
57567.3097 60.8205 0.2457
54620.3618 66.7679 0.1342
