57420.5718 2.2798 0.0308
56833.3442 1.8497 0.0363
56805.4265 1.9706 0.0427
57492.5616 2.3713 0.0364
56811.4492 1.9208 0.0390
57542.3753 2.2159 0.0336
56841.3344 1.8155 0.0457
57157.4605 2.2834 0.0381
57520.3289 2.3015 0.0402
57213.3036 2.4139 0.0326
56809.4728 1.9285 0.0445
56839.3294 1.7413 0.0430
57508.4244 2.1809 0.0357
56722.4643 2.3045 0.0411
57191.4470 2.4386 0.0355
56715.5670 2.3463 0.0385
57134.4858 2.2130 0.0365
56835.3351 1.9020 0.0387
56751.3593 2.3135 0.0437
57223.3789 2.4435 0.0360
57216.2922 2.4934 0.0363
56783.3617 2.0611 0.0529
57220.2801 2.4868 0.0366
56807.3055 1.5165 0.0399
56741.6208 2.1907 0.0575
56780.3231 2.1747 0.0446
56723.5056 2.3630 0.0433
56837.3376 1.8574 0.0408
56831.3322 1.7697 0.0375
57547.4087 2.2445 0.0339
56744.5318 2.3075 0.0437
56712.4957 2.3023 0.0416
57479.5619 2.3319 0.0394
57433.5416 2.2486 0.0330
56803.4819 2.3768 0.0620
53147.4567 2.8101 0.0100
57160.4616 2.3032 0.0425
57166.3455 2.5260 0.0494
56776.4745 2.0643 0.0580
57105.5711 2.3901 0.0550
56798.4371 2.1240 0.0557
57104.5060 2.2937 0.0452
57185.4795 2.3880 0.0638
56781.3641 2.1940 0.0680
56772.5530 2.1402 0.0693
57123.5621 2.1542 0.0757
56778.3119 2.2438 0.0628
56801.3600 2.0349 0.0614
57078.4849 2.1875 0.0596
57567.3097 2.3966 0.0976
