57420.5625 42.9214 0.0554
56833.3397 42.6748 0.0694
53472.5316 34.8803 0.0191
56712.4876 40.6408 0.0833
56783.3499 41.5176 0.0892
56715.5589 40.5247 0.0811
57157.4515 40.7108 0.0757
56722.4562 40.2635 0.0823
56809.4644 41.7347 0.0898
56839.3207 42.5600 0.0871
56841.3254 42.3357 0.0862
56781.3570 41.5460 0.0879
56835.3266 42.5497 0.0834
56811.4410 41.9576 0.0835
57492.5529 43.9730 0.0769
56751.3512 39.9601 0.0852
57133.6087 40.6736 0.0844
57213.2951 40.9125 0.0715
56780.3146 41.2691 0.0855
57160.3736 40.9025 0.0717
57123.5514 41.0043 0.0782
56772.5452 40.9558 0.0867
57191.4374 40.9135 0.0783
56805.4182 41.6549 0.0871
56744.5234 39.8307 0.0826
57223.3703 40.4649 0.0746
57547.4010 42.3514 0.0760
57220.2711 40.5600 0.0763
56741.6082 39.8434 0.0919
56803.4723 41.5918 0.0883
57508.4165 43.0521 0.0781
56831.3240 42.6969 0.0838
57134.4821 41.0177 0.0851
56807.2972 41.8629 0.0873
57433.5341 45.3364 0.0768
56778.3048 40.9036 0.0856
56798.4301 41.5382 0.0806
56837.3290 42.5232 0.0855
56801.3529 41.4327 0.0848
57567.3029 41.6124 0.0817
56776.4673 41.2502 0.0847
57542.3673 42.3790 0.0746
57216.2834 40.6220 0.0764
57479.5533 44.6834 0.0750
57520.3201 42.7488 0.0743
56723.4975 40.0793 0.0848
57078.4761 42.2282 0.0924
57166.3371 40.2037 0.0810
53474.4540 41.4720 0.0304
57185.4701 40.9608 0.1084
57104.4732 41.9395 0.1603
