56743.5233 0.8400 0.0356
53467.4922 2.4818 0.0073
56801.3447 0.8418 0.0412
56744.5528 0.7690 0.0434
53471.4483 2.1650 0.0098
57194.4085 0.7885 0.0322
57567.2949 1.7149 0.0354
57185.4684 0.9064 0.0443
56837.3204 0.7568 0.0393
56831.3158 0.8545 0.0369
56715.5507 1.1086 0.0382
57420.5551 1.2720 0.0410
56723.4894 1.0552 0.0417
56805.4093 0.8276 0.0405
56833.3247 0.8274 0.0368
56807.2890 0.8320 0.0395
56751.3428 1.5419 0.0513
57492.5435 1.6205 0.0380
56841.3172 0.8701 0.0578
56809.4559 0.6865 0.0450
53474.4365 2.2360 0.0094
57133.5962 0.9912 0.0418
57078.4450 0.8320 0.0464
56835.3189 0.7137 0.0398
57134.4710 0.9247 0.0428
56803.4621 0.8163 0.0498
56839.3126 0.8540 0.0530
57157.4428 0.7726 0.0439
57542.3605 1.5724 0.0436
57223.3628 0.9407 0.0465
57433.5275 1.3638 0.0411
57213.2876 0.9662 0.0407
57547.3942 1.5551 0.0428
57459.5477 1.2397 0.0494
57508.4095 1.4645 0.0439
56780.3072 0.8402 0.0680
57520.3123 1.6023 0.0559
53884.4341 2.6802 0.0126
56778.2977 0.8420 0.0590
56811.4327 0.7549 0.0519
56798.4224 0.8598 0.0512
53883.4566 2.5650 0.0120
57160.3661 0.7809 0.0408
57195.4028 0.9715 0.0528
56722.4482 0.8439 0.0539
56712.4805 0.9272 0.0566
56772.5372 0.8263 0.0679
57479.5463 1.4292 0.0593
57216.2759 0.9467 0.0445
57220.2635 0.9650 0.0476
57166.3288 0.7520 0.0801
56781.3494 0.7277 0.1044
57191.4276 0.9271 0.0606
57105.5621 1.1030 0.0742
57104.4634 0.6961 0.0605
57123.5397 0.8662 0.1245
56783.3418 0.7968 0.0929
56776.4607 0.8194 0.0671
56741.5947 0.8230 0.0719
