57567.2961 1.2747 0.0312
53467.4922 1.3790 0.0073
57420.5457 1.7596 0.0755
57547.3894 1.3289 0.0313
56803.4325 1.6608 0.0563
57433.5227 1.5110 0.0308
57459.5423 1.4820 0.0346
57479.5414 1.4460 0.0375
57520.3067 1.4003 0.0396
57508.4044 1.4295 0.0335
57542.3556 1.3685 0.0313
57492.5382 1.1987 0.0452
57185.4578 1.6357 0.0982
57194.4062 1.5543 0.0613
57133.5349 1.6644 0.0636
56833.3237 2.2362 0.0549
56811.4317 2.0314 0.0534
56744.5518 1.8790 0.0615
56776.4581 0.7713 0.0531
56835.3174 1.9977 0.0541
56743.5180 1.9454 0.0640
56841.3161 2.2314 0.0679
56778.2957 1.3973 0.0605
56805.4083 1.5868 0.0573
56783.3392 1.6220 0.0737
56781.3479 1.6240 0.0666
56837.3194 2.0412 0.0565
57220.2577 5.2842 0.1478
56831.3148 2.1856 0.0546
56801.3437 2.0457 0.0596
53883.4566 1.1820 0.0112
56780.3051 1.5984 0.0665
57105.5603 1.4892 0.1589
56807.2880 2.2838 0.0567
56839.3115 2.1525 0.0630
53884.4341 1.2470 0.0118
57460.4767 1.3220 0.1052
57195.4023 1.7416 0.0763
57191.4276 1.6886 0.0602
57078.4319 1.6766 0.1053
57134.4700 1.3358 0.0795
57160.3602 1.4221 0.1477
57123.5333 1.5521 0.1682
56741.5947 1.8345 0.0684
57216.2701 1.9465 0.1649
57223.3569 1.2983 0.1669
56809.4549 1.7152 0.0710
