57420.5604 22.5166 0.0431
57479.5555 25.3997 0.0434
57433.5360 25.9595 0.0431
57520.3223 25.0764 0.0434
57508.4185 25.2554 0.0445
57567.3051 24.7186 0.0466
57542.3692 25.0118 0.0425
57492.5551 24.5111 0.0443
57547.4029 25.1102 0.0434
56833.3397 23.3359 0.0539
56712.4876 24.9041 0.0678
56783.3499 24.0289 0.0737
56715.5589 24.8286 0.0655
57157.4515 24.6433 0.0616
56722.4562 24.7247 0.0669
56809.4644 23.6859 0.0709
56839.3207 23.1773 0.0679
56841.3254 23.2574 0.0690
56781.3570 24.0042 0.0712
56811.4410 23.5764 0.0653
56751.3512 24.3347 0.0697
56837.3290 23.2171 0.0666
57133.6087 24.2274 0.0695
56780.3146 23.9594 0.0694
57160.3736 24.6934 0.0574
57123.5514 24.3957 0.0672
56772.5452 23.9665 0.0721
57191.4374 24.8705 0.0637
56805.4182 23.7959 0.0690
57223.3703 24.5045 0.0602
57220.2711 24.6860 0.0615
56741.6082 24.2444 0.0776
56803.4723 23.8880 0.0713
56744.5234 24.6180 0.0677
57134.4821 24.4996 0.0691
56778.3048 23.9763 0.0689
56798.4301 24.1854 0.0641
56835.3266 23.4790 0.0647
56801.3529 23.9308 0.0678
57213.2951 24.9434 0.0575
56776.4673 24.1823 0.0681
57216.2834 24.8446 0.0614
56807.2972 23.6325 0.0681
56831.3240 23.3005 0.0646
56723.4975 24.7679 0.0693
57104.4812 15.5759 0.1221
53472.5339 22.5909 0.0202
57166.3371 24.4155 0.0673
57185.4701 24.8083 0.0889
57078.4772 25.0431 0.0859
53474.4508 22.8054 0.0321
