56801.3749 4.2396 0.0282
57420.5809 3.4734 0.0299
56744.5389 4.3289 0.0376
52730.5987 2.9784 0.0242
56833.3526 3.9563 0.0341
56798.4463 4.3762 0.0368
57479.5695 4.1518 0.0328
57508.4313 3.6184 0.0288
56778.3200 3.8416 0.0357
57492.5692 3.9300 0.0320
57134.4942 2.6500 0.0297
57542.3819 3.3492 0.0266
56781.3722 3.4049 0.0378
56772.5617 4.2048 0.0418
56741.6324 4.1387 0.0504
56780.3305 3.7419 0.0358
56751.3665 4.3888 0.0357
57191.4580 2.9419 0.0320
57547.4153 3.3574 0.0276
56776.4826 4.3173 0.0346
57520.3365 3.5537 0.0323
53122.4995 2.8461 0.0074
57166.3539 2.8385 0.0363
57157.4684 2.9306 0.0334
56783.3692 3.9714 0.0475
56712.5038 4.0357 0.0413
56807.3136 4.2076 0.0403
57216.3027 3.0584 0.0340
56811.4574 4.1847 0.0405
56809.4820 4.1760 0.0458
56715.5752 4.0209 0.0385
57123.5755 3.3662 0.0538
57433.5504 3.7866 0.0321
56837.3458 3.8908 0.0418
56835.3435 3.8666 0.0392
57220.2890 2.9199 0.0330
56805.4347 4.2635 0.0439
57160.5082 2.8769 0.0371
56841.3435 3.7931 0.0459
57213.3122 2.9330 0.0308
57223.3876 2.8836 0.0348
56831.3404 4.0305 0.0390
56723.5137 4.1173 0.0425
56839.3381 3.9081 0.0465
56722.4730 3.9879 0.0426
56803.4932 4.2663 0.0689
57078.4933 3.7805 0.0401
57185.4913 2.8619 0.0552
57104.5235 3.5666 0.0726
57105.5754 3.4542 0.0807
