57420.5648 1.0307 0.0272
52813.3181 1.6881 0.0079
57191.4456 1.2385 0.0313
56833.3407 1.6021 0.0349
57134.4846 1.1714 0.0348
56839.3248 1.6796 0.0416
56751.3553 1.5500 0.0414
56831.3281 1.4985 0.0357
56783.3558 1.6871 0.0543
57520.3246 1.8623 0.0370
56805.4223 1.5646 0.0407
56723.5016 1.6795 0.0399
57123.5575 1.3004 0.0520
57542.3711 1.7637 0.0287
57160.3779 1.2219 0.0286
57157.4560 1.2094 0.0350
56776.4714 1.6707 0.0385
56798.4341 1.5821 0.0365
56835.3306 1.7308 0.0367
56803.4771 1.5095 0.0484
56837.3334 1.6747 0.0389
57492.5572 1.7996 0.0346
56809.4686 1.6720 0.0414
56741.6140 1.4799 0.0570
57216.2878 1.2566 0.0314
56778.3088 1.5663 0.0410
57479.5576 1.7007 0.0366
56801.3570 1.4841 0.0400
56780.3187 1.5557 0.0426
56744.5276 1.3839 0.0406
57433.5379 1.2349 0.0274
57223.3746 1.3087 0.0323
56715.5630 1.7173 0.0363
56781.3610 1.6273 0.0463
57220.2754 1.3453 0.0325
56811.4451 1.7289 0.0370
56722.4603 1.5788 0.0379
57508.4204 1.7690 0.0317
56807.3013 1.5665 0.0365
56841.3295 1.8228 0.0454
57567.3072 1.8319 0.0339
56712.4916 1.7713 0.0394
57547.4049 1.8540 0.0300
56772.5497 1.5932 0.0466
57104.4873 1.4276 0.0397
57213.2988 1.3035 0.0347
56829.3180 1.5447 0.0491
57166.3406 1.1456 0.0598
57185.4755 1.0814 0.0393
57078.4806 1.6744 0.0459
56865.2991 1.4929 0.0502
57105.5696 1.3562 0.0718
53770.6220 2.1851 0.0255
54620.3581 1.2346 0.0404
