57420.5625 3.8778 0.0308
53472.5053 4.0249 0.0075
56833.3397 4.6395 0.0362
53496.3516 3.7194 0.0081
56712.4876 3.9851 0.0445
56783.3499 4.4800 0.0568
56715.5589 4.0503 0.0417
57157.4515 4.2358 0.0405
56722.4562 4.1354 0.0437
56809.4644 4.5881 0.0489
56839.3207 4.6285 0.0475
56841.3254 4.6535 0.0521
56781.3570 4.4427 0.0514
56811.4410 4.4132 0.0432
57492.5529 3.9206 0.0370
56751.3512 4.2500 0.0481
56837.3290 4.6774 0.0458
57133.6087 4.0664 0.0507
57213.2951 4.3634 0.0351
56780.3146 4.3423 0.0496
57160.3736 4.1315 0.0348
57123.5514 4.3061 0.0552
56772.5452 4.1190 0.0544
57191.4374 4.3131 0.0417
56805.4182 4.5254 0.0473
56744.5234 4.1084 0.0453
57223.3703 4.3399 0.0385
57547.4010 3.5790 0.0338
57220.2711 4.3181 0.0386
56803.4723 4.4852 0.0518
57508.4165 3.8885 0.0362
56831.3240 4.5110 0.0425
57134.4821 4.1581 0.0470
56807.2972 4.5494 0.0452
57433.5341 4.0702 0.0337
56778.3048 4.3401 0.0472
56798.4301 4.4798 0.0423
56723.4975 4.0990 0.0461
56835.3266 4.6888 0.0431
56801.3529 4.4376 0.0466
57567.3029 3.6695 0.0379
56776.4673 4.3297 0.0459
57542.3673 3.7065 0.0332
57216.2834 4.3451 0.0377
57479.5533 3.8574 0.0402
57520.3201 3.9183 0.0420
52793.2667 4.4267 0.0299
57078.4761 4.1093 0.0471
57166.3371 4.2497 0.0481
53500.3351 4.2804 0.0138
56741.6072 4.4463 0.1131
57185.4701 4.2542 0.0610
53474.4508 3.8924 0.0193
53388.6169 3.6411 0.0201
57104.4732 4.3446 0.0778
