57420.5540 2.7192 0.0294
56743.5233 3.0565 0.0375
56803.4428 2.8735 0.0445
53472.4612 3.0918 0.0083
56741.6039 3.1284 0.0606
57220.2624 2.5508 0.0375
56801.3447 2.9966 0.0427
57133.5964 2.6196 0.0437
56722.4472 3.1690 0.0416
57547.3932 2.8350 0.0328
56723.4894 3.0118 0.0437
57194.4085 2.5297 0.0340
57433.5265 2.7777 0.0315
56798.4214 2.9094 0.0386
57223.3617 2.6317 0.0352
56751.3430 3.1191 0.0472
56783.3403 2.9881 0.0538
56772.5360 2.9619 0.0497
57185.4684 2.7312 0.0458
57160.3650 2.6744 0.0318
56841.3171 2.8595 0.0486
57542.3595 2.8990 0.0324
57157.4427 2.5990 0.0375
56712.4795 3.1530 0.0435
57459.5467 2.7145 0.0363
57216.2749 2.5884 0.0341
57520.3112 2.8473 0.0405
56811.4327 2.9318 0.0387
57567.2949 2.8470 0.0365
56715.5507 3.0960 0.0407
56839.3125 2.9480 0.0453
56780.3062 3.0210 0.0488
57479.5453 2.8422 0.0437
56805.4093 2.9214 0.0420
56835.3184 2.8628 0.0387
56744.5528 3.2173 0.0462
57508.4085 2.7814 0.0329
56781.3489 2.9914 0.0483
56776.4591 3.0008 0.0413
56837.3204 2.8145 0.0408
57078.4502 2.7914 0.0449
57213.2865 2.5888 0.0312
56831.3158 2.9159 0.0388
56778.2967 3.0180 0.0443
56833.3247 2.9339 0.0387
56807.2890 2.8431 0.0410
57492.5435 2.7688 0.0381
56809.4559 2.9192 0.0473
57134.4710 2.7058 0.0447
57195.4028 2.5780 0.0551
57104.4634 2.8899 0.0687
57191.4276 2.6335 0.0629
57123.5397 2.3469 0.1245
57105.5621 2.5348 0.0756
57166.3288 2.5418 0.0822
