57420.5625 2.3110 0.0290
56833.3397 2.3932 0.0333
56712.4876 2.0382 0.0411
56783.3499 2.6225 0.0535
56715.5589 2.0564 0.0383
57157.4515 1.7814 0.0365
56722.4562 2.1764 0.0403
56809.4644 2.3584 0.0452
56839.3207 2.3318 0.0439
56841.3254 2.2932 0.0486
56781.3570 2.6165 0.0481
56835.3266 2.4002 0.0391
56811.4410 2.3437 0.0400
57492.5529 2.6284 0.0354
56751.3512 2.3344 0.0449
56837.3290 2.4308 0.0424
57133.6087 1.7681 0.0470
57213.2951 1.6301 0.0302
56780.3146 2.6899 0.0465
57160.3736 1.6504 0.0304
57123.5514 1.9345 0.0520
56772.5452 2.1161 0.0509
57191.4374 1.4605 0.0369
56805.4182 2.3171 0.0438
56744.5234 2.4282 0.0427
57223.3703 1.7929 0.0342
57547.4010 2.4635 0.0319
57220.2711 1.7643 0.0339
56741.6082 2.2738 0.0595
56803.4723 2.3171 0.0484
57508.4165 2.7796 0.0346
56831.3240 2.4215 0.0391
57134.4821 1.9194 0.0429
56807.2972 2.2078 0.0413
53472.4950 1.9733 0.0094
56778.3048 2.6025 0.0440
57433.5341 2.4587 0.0310
56801.3529 2.2926 0.0434
57567.3029 2.4504 0.0363
56776.4673 2.2483 0.0422
57542.3673 2.4628 0.0312
57216.2834 1.6267 0.0326
57479.5533 2.7145 0.0391
57520.3201 2.5759 0.0404
56723.4975 2.2505 0.0430
57078.4761 2.0180 0.0434
57166.3371 1.5699 0.0437
57185.4701 1.3649 0.0543
56798.4291 2.2559 0.0548
57104.4732 1.9528 0.0691
