57420.5529 11.8055 0.0430
57433.5256 10.5808 0.0378
53467.4922 7.1929 0.0097
57213.2842 9.8580 0.0788
57547.3913 11.7949 0.0492
57220.2601 9.3322 0.0890
57520.3089 11.8480 0.0518
56783.3403 7.4240 0.0594
57459.5445 10.2399 0.0488
56803.4325 9.8602 0.0677
57157.4404 7.6674 0.0911
57185.4584 8.8023 0.0901
57567.2929 10.8704 0.0529
56778.2967 8.3198 0.0535
57133.5057 7.8401 0.0844
57508.4065 11.7502 0.0494
56780.3062 7.8816 0.0564
57160.3628 7.6286 0.0769
57479.5434 10.1393 0.0524
56781.3489 6.4227 0.0537
57542.3575 11.9467 0.0492
57194.4064 9.0740 0.0832
57216.2733 9.7725 0.0749
57492.5414 10.3512 0.0605
56741.6086 9.2120 0.0903
56833.3237 9.2895 0.0702
56744.5518 9.5039 0.0770
53883.4566 8.3198 0.0153
56776.4581 9.1394 0.0713
56712.4784 9.8478 0.0753
56835.3174 9.2039 0.0700
57134.4695 7.7280 0.1403
56743.5180 9.4358 0.0802
56841.3161 9.2674 0.0802
56722.4462 9.5325 0.0717
56805.4083 9.5411 0.0745
57105.5614 8.1465 0.1334
56723.4884 9.4725 0.0766
57223.3607 9.9348 0.0654
56837.3194 9.2530 0.0719
56831.3148 9.4362 0.0708
57078.4484 9.2278 0.0852
56801.3437 9.2869 0.0746
56772.5348 9.0255 0.0799
56798.4204 9.4958 0.0694
56811.4317 9.4755 0.0697
56807.2880 9.5613 0.0734
57191.4258 9.3729 0.1371
56839.3115 9.1155 0.0775
56751.3420 9.3485 0.0780
53884.4341 8.5757 0.0157
56715.5497 9.6561 0.0716
57195.4023 9.7477 0.1016
57104.4590 6.7168 0.2184
57166.3221 7.7122 0.3103
56809.4549 9.8241 0.0936
