56743.5069 5.5230 0.0315
57420.5495 6.6483 0.0354
57567.2958 6.5478 0.0451
52816.2955 5.8577 0.0105
57508.4044 7.3399 0.0441
56776.4550 5.7706 0.0480
56780.3019 5.5111 0.0526
56803.4007 5.5791 0.0520
56831.3117 5.6503 0.0444
56778.2926 5.7229 0.0505
56835.3144 5.5706 0.0437
57542.3556 7.3856 0.0421
57547.3894 7.3070 0.0420
56723.4853 5.5690 0.0471
56741.5892 5.6851 0.0611
56805.4052 5.6429 0.0470
57433.5227 7.2183 0.0406
56839.3084 5.4636 0.0483
57459.5423 6.6384 0.0438
57160.3607 6.0606 0.0381
56712.4754 5.5982 0.0475
57133.4154 5.8609 0.0398
57194.4042 5.6342 0.0394
56715.5467 5.6935 0.0456
57157.4382 6.1045 0.0443
56744.5487 5.5911 0.0497
56781.3448 5.5578 0.0547
56841.3128 5.6156 0.0518
57216.2706 6.2714 0.0407
57223.3574 6.4513 0.0415
56751.3388 5.5897 0.0514
56837.3164 5.6033 0.0458
56833.3206 5.6168 0.0447
57479.5414 7.3781 0.0449
57213.2820 6.3663 0.0377
56722.4431 5.5701 0.0471
57078.4375 5.7599 0.0470
57220.2575 6.4539 0.0451
56772.5313 5.6986 0.0532
56801.3407 5.6339 0.0488
57520.3067 7.4401 0.0465
56809.4513 5.6022 0.0481
56783.3361 5.6903 0.0565
56798.4174 5.6525 0.0434
56807.2850 5.5849 0.0469
56811.4286 5.7412 0.0439
57185.4561 6.1533 0.0540
57492.5382 7.5698 0.0579
57191.4231 6.1304 0.0509
57460.4772 7.0539 0.1044
57195.4008 5.5217 0.0621
57166.3209 5.9864 0.0780
57123.5324 5.8699 0.0770
57419.5298 11.0821 0.2124
57105.5603 5.7634 0.0623
57134.4685 5.7252 0.0691
56721.5940 5.3139 0.1267
57104.4590 5.9111 0.0796
54620.3656 5.3328 0.0548
53770.6182 6.6136 0.0301
