56783.3499 2.6082 0.0538
57157.4515 2.9379 0.0379
56809.4644 2.4342 0.0446
56781.3570 2.5587 0.0480
56811.4410 1.7420 0.0383
57492.5529 4.0575 0.0368
57133.6087 2.5948 0.0478
57213.2951 2.1932 0.0308
56780.3146 2.4060 0.0459
57160.3736 3.0375 0.0324
57123.5514 2.5891 0.0526
57191.4374 2.7819 0.0385
56805.4182 2.4424 0.0431
57223.3703 3.0615 0.0358
57479.5533 4.0658 0.0401
57220.2711 2.2422 0.0344
56741.6082 2.7166 0.0594
56803.4723 2.5634 0.0481
57508.4165 3.7478 0.0356
56744.5234 3.0528 0.0431
57134.4821 2.5822 0.0436
57420.5614 3.5108 0.0423
56778.3048 2.4477 0.0435
56798.4301 2.3034 0.0382
56801.3529 2.3018 0.0426
57567.3029 4.1742 0.0385
57542.3673 3.7573 0.0330
57216.2834 2.1166 0.0332
57547.4010 3.9026 0.0339
56776.4668 1.9284 0.0500
57078.4761 2.2290 0.0430
57166.3371 2.9381 0.0455
56831.3230 2.1764 0.0534
56833.3319 2.2936 0.0544
56772.5440 2.4433 0.0760
56715.5579 2.5521 0.0546
56723.4965 2.5670 0.0584
56839.3197 2.2298 0.0611
56841.3244 2.2077 0.0686
57185.4701 2.7044 0.0567
56835.3256 2.2069 0.0537
56751.3502 2.4338 0.0644
56837.3276 2.4742 0.0588
57433.5331 3.6532 0.0466
56712.4866 2.5099 0.0589
53472.4934 4.2938 0.0144
56722.4552 2.5152 0.0570
56807.2962 2.1403 0.0580
57520.3190 3.9719 0.0599
57104.4732 2.6347 0.0707
