52730.5705 2.1519 0.0248
56801.3749 2.3351 0.0267
53851.4142 2.2602 0.0161
53462.4911 2.3042 0.0351
57420.5809 2.1613 0.0288
54186.5159 2.2575 0.0174
53847.5758 2.2703 0.0289
53911.3351 2.3015 0.0223
53524.3021 2.3565 0.0101
53853.4248 2.1368 0.0152
52710.6200 1.9947 0.0121
54531.5778 1.9864 0.0086
57191.4580 2.2877 0.0312
56833.3526 2.1421 0.0318
53586.2931 2.2879 0.0140
53466.6117 2.3394 0.0132
52792.4193 2.1467 0.0193
53505.3901 2.3247 0.0183
52817.2962 2.1673 0.0271
52722.5967 2.0711 0.0231
53122.4995 2.1705 0.0071
54570.4293 1.9222 0.0236
53518.4487 2.4705 0.0268
54538.5780 1.9545 0.0135
54113.6620 2.3150 0.0166
56712.5038 2.2614 0.0388
52791.4573 2.1399 0.0197
53553.4150 2.3111 0.0128
56751.3675 2.5071 0.0407
52721.6238 2.0568 0.0315
57433.5504 2.2128 0.0293
56837.3458 2.1740 0.0393
57134.4954 2.2341 0.0362
56772.5627 2.2614 0.0488
53138.4623 2.1347 0.0132
54528.5229 1.9919 0.0102
54535.5084 1.9684 0.0110
54255.3360 2.2970 0.0187
54117.6469 2.3092 0.0114
57520.3376 2.3077 0.0371
54120.6638 2.2805 0.0168
56715.5752 2.3173 0.0358
54524.5274 1.9680 0.0189
56839.3381 2.2690 0.0440
54511.5815 2.0370 0.0097
53531.3625 2.3379 0.0127
56811.4574 2.3127 0.0376
56741.6340 2.3718 0.0602
56809.4820 2.5023 0.0436
56783.3699 2.2582 0.0513
53109.5789 1.8026 0.0173
56723.5137 2.2991 0.0398
53943.3035 2.3933 0.0130
56798.4478 2.3622 0.0429
54557.5463 1.9852 0.0121
57547.4163 2.2557 0.0311
57213.3122 2.1522 0.0297
56831.3404 2.3829 0.0363
53583.3030 2.3335 0.0145
57508.4323 2.1431 0.0317
53769.6073 2.1622 0.0120
56778.3210 2.1885 0.0420
54591.3871 2.0758 0.0113
56807.3136 2.0868 0.0367
57216.3027 2.0435 0.0324
56780.3316 2.2541 0.0423
54624.3824 1.9908 0.0124
56841.3435 2.1608 0.0439
57542.3828 2.2151 0.0295
56781.3732 2.2311 0.0448
57123.5755 2.3908 0.0533
53149.3338 2.2053 0.0122
53411.6245 2.3176 0.0117
53195.3475 2.2040 0.0120
56776.4836 2.2278 0.0384
53551.3298 2.3089 0.0121
54176.5650 2.2739 0.0125
56722.4730 2.2051 0.0397
57492.5703 2.3840 0.0356
57479.5706 2.3522 0.0374
53200.2675 2.1790 0.0124
54621.4067 1.7335 0.0116
52813.3481 2.0942 0.0154
54124.6317 2.3182 0.0118
57223.3876 2.1199 0.0338
56835.3435 2.2642 0.0367
53772.6273 2.3222 0.0132
54588.5530 2.0078 0.0163
56805.4347 2.5186 0.0414
57220.2890 2.1677 0.0320
53083.6079 2.1521 0.0128
54614.3914 2.0319 0.0146
53473.5868 2.3062 0.0166
53743.6329 2.3150 0.0128
53117.4837 1.7919 0.0134
54179.5209 2.3167 0.0142
54266.2912 2.2559 0.0145
53527.3515 2.3604 0.0141
53121.5122 2.1148 0.0139
53799.4775 2.3414 0.0145
53939.3056 2.2981 0.0149
54600.4448 1.9807 0.0348
53175.3835 2.1880 0.0138
53855.4150 2.3406 0.0146
54597.4497 2.0150 0.0132
54183.5053 2.2498 0.0152
53766.6160 2.2939 0.0134
53495.4384 2.3457 0.0147
54229.4776 2.2181 0.0238
52790.3997 2.1101 0.0224
56803.4932 2.3893 0.0663
53469.5178 2.3408 0.0146
54618.4129 2.0238 0.0132
53916.3237 2.3010 0.0187
53165.4089 2.2122 0.0136
53446.5312 2.3231 0.0142
54205.4847 2.2447 0.0164
54594.4516 2.0138 0.0133
54563.4930 1.9282 0.0143
53502.3868 2.3201 0.0158
54561.4228 2.0061 0.0141
53879.3073 2.0872 0.0150
53500.3147 2.3437 0.0148
54151.6493 2.2589 0.0155
54153.5957 2.3367 0.0146
53463.5896 2.3391 0.0251
54259.3118 2.2290 0.0132
53146.4888 2.1291 0.0150
53523.4201 2.3855 0.0218
54209.4956 2.2274 0.0146
53906.3674 2.2939 0.0164
53178.3740 2.1676 0.0137
54213.5711 2.2528 0.0170
57157.4700 2.1359 0.0404
53578.3420 2.3808 0.0202
54234.4867 2.2356 0.0142
53390.6479 2.3154 0.0148
57166.3553 2.1788 0.0458
53859.3659 2.4021 0.0194
54620.3574 1.9189 0.0333
53888.4080 2.4035 0.0197
57160.5099 2.2428 0.0500
56744.5389 2.1368 0.0593
53875.3610 2.2983 0.0169
53892.3786 2.4694 0.0343
53563.3392 2.2924 0.0278
53883.3909 2.4287 0.0191
54262.4013 2.3069 0.0208
57078.4942 2.3344 0.0486
54144.5904 2.2684 0.0181
57185.4913 2.4967 0.0555
53936.3090 2.3143 0.0181
53890.4800 2.7275 0.0650
54619.3119 1.9234 0.0598
53198.3064 2.3153 0.0925
57105.5754 2.2288 0.0771
57104.5235 2.2894 0.0687
54201.4569 2.2671 0.0263
