56783.3499 2.7690 0.0545
56781.3570 2.7173 0.0486
56780.3146 2.8534 0.0472
56772.5452 2.9179 0.0529
53472.5284 4.0291 0.0115
56798.4301 2.9223 0.0396
57420.5614 3.3422 0.0431
56778.3048 2.9328 0.0449
57078.4761 3.1011 0.0453
56776.4672 2.8980 0.0480
57134.4836 3.4145 0.0527
57508.4155 3.0034 0.0492
56831.3230 3.1771 0.0566
57123.5498 3.3146 0.0774
56833.3319 2.9235 0.0567
57213.2940 3.6966 0.0476
56801.3519 2.9090 0.0628
57216.2824 3.6213 0.0513
56805.4172 3.0970 0.0636
56715.5579 2.5497 0.0552
57223.3692 3.4608 0.0524
56723.4965 2.5195 0.0590
56803.4711 3.0750 0.0707
57220.2700 3.6554 0.0527
53474.4540 4.0614 0.0139
56744.5224 2.6923 0.0610
57567.3017 3.0976 0.0555
56839.3197 2.9639 0.0635
56841.3244 3.0564 0.0712
56835.3256 2.9706 0.0561
56811.4400 2.9231 0.0571
56751.3502 2.8004 0.0650
56837.3276 3.1238 0.0611
57479.5522 2.6351 0.0547
57433.5331 3.3502 0.0464
57191.4363 3.7891 0.0586
57542.3663 3.1859 0.0461
57157.4503 3.6895 0.0574
56809.4634 2.9533 0.0650
57133.6071 3.4706 0.0729
56741.6067 2.6979 0.0848
56722.4552 2.7769 0.0584
56807.2962 2.8111 0.0605
57547.3999 3.1195 0.0466
57492.5517 2.8078 0.0490
56712.4866 2.7541 0.0604
57160.3725 3.5967 0.0477
57520.3190 3.0169 0.0595
57185.4683 3.4926 0.0992
53496.3644 3.5851 0.0179
57166.3360 3.6397 0.0686
