56801.3749 2.4398 0.0285
57420.5809 2.5330 0.0301
56833.3526 2.4265 0.0347
57191.4580 2.3687 0.0328
52816.2955 2.1380 0.0089
56712.5038 2.7557 0.0423
56778.3210 2.3837 0.0452
57492.5703 2.4413 0.0369
57479.5706 2.2436 0.0382
56807.3136 2.3544 0.0401
57216.3027 2.5385 0.0349
56780.3316 2.4666 0.0456
56741.6340 2.6236 0.0640
56809.4820 2.3540 0.0465
56783.3699 2.5169 0.0548
57433.5504 2.5778 0.0311
56715.5752 2.7362 0.0393
56722.4730 2.8104 0.0436
57508.4323 2.4801 0.0334
56841.3435 2.4292 0.0473
56744.5399 2.6167 0.0464
56723.5137 2.7146 0.0434
57134.4954 3.0185 0.0388
56751.3675 2.5802 0.0437
56781.3732 2.4884 0.0482
57123.5755 3.1095 0.0558
56798.4478 2.3524 0.0456
56772.5627 2.3341 0.0520
57223.3876 2.7655 0.0364
56835.3435 2.3493 0.0396
57547.4163 2.5982 0.0328
57220.2890 2.7786 0.0344
56805.4347 2.3772 0.0441
57542.3828 2.4471 0.0309
56776.4836 2.4042 0.0414
57213.3122 2.5717 0.0316
57520.3376 2.7042 0.0386
56831.3404 2.5253 0.0392
56837.3458 2.3001 0.0423
56839.3381 2.3146 0.0473
56811.4574 2.4285 0.0406
57157.4700 2.5446 0.0427
57166.3553 2.4869 0.0482
57185.4913 2.4308 0.0581
56803.4925 2.2447 0.0794
57160.5099 2.4582 0.0528
57078.4942 2.5736 0.0516
57104.5235 3.1085 0.0747
57105.5754 3.1175 0.0837
