57420.5718 2.5559 0.0302
56833.3442 2.1540 0.0365
52813.3181 2.2931 0.0083
56805.4265 2.2812 0.0431
56781.3651 2.4162 0.0481
57492.5616 2.5210 0.0343
57542.3753 2.9094 0.0323
56841.3344 2.1852 0.0472
57157.4605 2.6280 0.0384
56798.4382 2.3949 0.0399
57520.3289 2.5984 0.0391
56801.3611 2.3631 0.0444
57213.3036 2.5323 0.0320
56809.4728 2.3318 0.0450
56839.3294 2.2371 0.0440
56712.4957 2.2747 0.0415
57508.4244 2.5492 0.0337
57191.4470 2.6092 0.0356
56722.4643 2.1528 0.0405
57134.4858 2.4215 0.0371
56835.3351 2.2861 0.0389
56723.5056 2.1716 0.0428
56811.4492 2.1283 0.0389
57223.3789 2.5004 0.0356
57216.2922 2.5331 0.0354
56778.3129 2.2816 0.0447
56783.3617 2.5149 0.0546
57220.2801 2.5842 0.0360
57479.5619 2.4288 0.0382
56807.3055 2.3396 0.0409
56780.3231 2.2533 0.0450
56837.3376 2.0981 0.0412
56831.3322 2.1672 0.0378
57547.4087 2.9223 0.0328
56751.3593 2.3291 0.0437
56744.5318 2.2703 0.0437
56772.5541 2.4147 0.0512
56715.5670 2.0800 0.0376
56776.4755 2.3214 0.0414
57433.5416 2.5767 0.0312
56803.4819 2.3906 0.0623
57160.4616 2.6424 0.0426
57078.4859 2.4273 0.0384
57166.3455 2.6545 0.0496
56741.6289 2.4671 0.1236
57105.5711 2.4187 0.0543
56829.3180 2.1922 0.0504
57104.5060 2.4317 0.0448
57185.4795 2.4731 0.0646
52814.3229 2.0306 0.0132
56865.2991 2.0379 0.0527
53147.4653 2.5239 0.0165
57567.3097 3.1107 0.0926
57123.5610 2.2397 0.1426
