57420.5763 1.0597 0.0286
52730.5987 2.2149 0.0234
53122.4995 1.9371 0.0070
56833.3478 1.3668 0.0376
56744.5358 0.9248 0.0420
56776.4795 1.0217 0.0390
56772.5585 0.8896 0.0475
56723.5097 0.8792 0.0401
56781.3691 1.1791 0.0475
56831.3363 1.3273 0.0361
57213.3079 1.2587 0.0294
57223.3832 1.2434 0.0335
57134.4907 1.0373 0.0368
56798.4422 1.1437 0.0392
56722.4684 0.9719 0.0374
56839.3341 1.4736 0.0431
56837.3417 1.4610 0.0393
56751.3634 1.0438 0.0400
56805.4306 1.0764 0.0397
57520.3333 1.3720 0.0375
57542.3791 1.3963 0.0292
57479.5663 1.3651 0.0373
56801.3691 1.0853 0.0422
57160.5054 1.0853 0.0358
57433.5460 1.1998 0.0286
56835.3395 1.4347 0.0370
57547.4125 1.4222 0.0304
57492.5660 1.3593 0.0350
56715.5711 0.9655 0.0349
57191.4517 1.1908 0.0348
56712.4997 0.9826 0.0382
56778.3170 1.0918 0.0415
57220.2845 1.1196 0.0334
57157.4650 0.9848 0.0362
56780.3275 0.9481 0.0425
56811.4533 1.0403 0.0368
56841.3393 1.5510 0.0442
57508.4284 1.3568 0.0316
57216.2975 1.1577 0.0316
56783.3659 1.1157 0.0510
56809.4770 1.1202 0.0496
56807.3101 1.0998 0.0436
57166.3513 1.0482 0.0420
57078.4898 0.9803 0.0447
57185.4833 1.1651 0.0537
57123.5708 1.0187 0.0489
56803.4894 0.9689 0.0495
57105.5730 1.0930 0.0518
56741.6304 0.8339 0.0676
57104.5182 1.0498 0.0488
54620.3618 1.8791 0.0420
