57420.5542 15.1705 0.0405
57547.3981 16.0273 0.0424
57520.3166 12.1821 0.0405
57479.5508 15.9861 0.0429
57433.5316 16.1853 0.0413
56801.3744 15.3632 0.0497
57492.5506 16.5234 0.0526
57542.3662 15.9221 0.0465
52816.2955 13.5696 0.0130
57459.5423 15.7778 0.0537
57191.4582 15.0813 0.0598
57508.4184 16.3207 0.0533
57123.5599 17.7621 0.1701
57460.4772 15.9682 0.1158
56837.3448 15.6333 0.0846
56715.5742 15.1984 0.0789
56809.4807 15.0488 0.0906
56831.3394 15.7042 0.0811
56803.4925 14.8412 0.1016
56839.3371 15.7673 0.0913
56741.6324 15.2632 0.1069
56751.3665 15.4425 0.0851
57220.2879 15.6117 0.0725
56778.3200 15.6747 0.0884
56811.4564 15.3301 0.0815
57567.2919 16.1787 0.0798
56807.3126 15.2715 0.0832
57134.4943 16.2855 0.0740
56783.3689 15.4862 0.0980
56744.5389 15.5068 0.0883
56841.3424 15.7475 0.0888
56723.5127 15.3762 0.0852
56722.4715 15.3835 0.0850
56835.3425 15.6991 0.0813
56781.3722 15.5612 0.0911
56772.5617 15.3137 0.0947
56798.4468 15.1972 0.0850
56780.3305 15.6864 0.0868
56712.5028 15.4051 0.0826
56805.4337 15.3166 0.0860
56833.3486 15.4583 0.0807
57216.3016 15.6337 0.0760
56776.4826 15.6475 0.0830
57213.3111 15.5441 0.0685
57223.3865 15.6853 0.0754
57166.3534 15.5334 0.1206
57160.5081 15.3994 0.1214
57078.4937 5.8219 0.0677
57157.4689 15.4822 0.0911
