57420.5582 11.4408 0.0371
56743.5383 9.8913 0.0504
53472.4666 7.2057 0.0091
56741.6094 10.0658 0.0677
56780.3104 10.5559 0.0590
56833.3288 9.9784 0.0514
56807.2931 10.0193 0.0565
56712.4835 9.3466 0.0521
56778.3007 10.6351 0.0550
56837.3245 10.0386 0.0529
57220.2668 11.7967 0.0479
57567.2988 11.6130 0.0472
56776.4632 10.3757 0.0539
57191.4328 11.6057 0.0482
56831.3199 9.9730 0.0503
57216.2792 11.8409 0.0486
56839.3166 10.0598 0.0552
57223.3660 11.7054 0.0484
57194.4128 11.6301 0.0474
56744.5188 10.2779 0.0539
57542.3634 11.5680 0.0471
56723.4935 9.4382 0.0571
56805.4134 9.9340 0.0545
57508.4126 11.9795 0.0473
57185.4654 11.4242 0.0514
56781.3529 10.5100 0.0590
57433.5303 11.6867 0.0456
56801.3488 10.0427 0.0535
57520.3156 11.5856 0.0511
56811.4368 9.8755 0.0499
56772.5406 10.4253 0.0635
56809.4595 9.9482 0.0545
56803.4668 9.9268 0.0588
56798.4255 10.0461 0.0494
56783.3458 10.3799 0.0625
56715.5548 9.2999 0.0493
57160.3693 11.8857 0.0449
57547.3970 11.5182 0.0464
57213.2908 11.8139 0.0447
56722.4512 9.4157 0.0516
56835.3225 10.0955 0.0503
56751.3471 10.4822 0.0569
57157.4471 11.8611 0.0512
57133.6028 9.5426 0.0644
57123.5441 11.6727 0.0759
57104.4669 10.8685 0.0743
57459.5499 11.8186 0.0683
57134.4738 11.6567 0.0771
56841.3201 10.1090 0.0831
57479.5481 11.7786 0.0777
57166.3310 11.7974 0.0833
57492.5472 12.0610 0.0678
54620.3631 8.4770 0.0608
