57420.5528 1.1922 0.0312
52816.2955 1.1223 0.0082
57433.5227 1.3171 0.0310
56776.4550 1.5715 0.0415
56778.2926 1.2449 0.0437
56783.3361 1.0199 0.0513
57547.3894 1.3892 0.0323
57508.4044 1.3308 0.0344
56811.4286 1.3840 0.0369
56805.4052 1.1430 0.0398
57459.5423 1.2014 0.0350
57160.3607 1.1911 0.0303
57133.4154 1.3277 0.0328
57194.4042 1.3810 0.0328
57157.4382 1.2140 0.0369
56744.5487 1.7337 0.0441
57216.2706 1.2701 0.0325
57223.3574 1.0982 0.0330
57479.5414 1.3899 0.0375
56743.5066 1.3716 0.0402
57213.2820 1.2504 0.0296
57220.2575 1.2896 0.0392
56801.3407 1.2919 0.0422
57520.3067 1.4872 0.0396
56809.4513 1.1772 0.0409
57542.3556 1.3837 0.0323
56798.4174 1.1770 0.0366
57567.2909 1.3425 0.0421
57185.4561 1.2165 0.0457
57492.5382 1.3731 0.0470
56780.3024 1.1127 0.0505
56781.3447 1.0904 0.0535
57191.4231 1.3200 0.0419
56839.3074 1.0160 0.0573
56831.3107 1.0048 0.0523
56723.4843 1.4093 0.0575
57123.5324 1.1954 0.0702
56841.3117 1.1921 0.0644
57195.4008 1.4653 0.0525
56772.5301 1.3061 0.0680
56833.3196 1.0786 0.0523
56712.4744 1.3703 0.0578
57166.3209 1.1173 0.0679
56751.3377 1.2731 0.0647
56715.5456 1.5459 0.0552
56807.2839 1.0572 0.0547
56741.5902 1.6428 0.0468
56835.3134 1.0263 0.0511
57105.5603 1.2768 0.0515
56837.3154 1.0391 0.0544
56722.4420 1.5035 0.0548
57134.4685 1.2477 0.0588
56803.4013 1.1138 0.0532
57078.4270 1.0841 0.0490
57460.4767 1.4728 0.1120
54620.3656 0.8953 0.0408
