56801.3699 2.2336 0.0501
57420.5750 4.1302 0.0435
56833.3445 2.4934 0.0564
56807.3085 2.1360 0.0579
56722.4674 2.0241 0.0527
56780.3265 2.1673 0.0604
57433.5445 4.0960 0.0465
56778.3160 2.1656 0.0589
56783.3648 2.0596 0.0712
56744.5348 1.6259 0.0587
56776.4785 2.1758 0.0555
57185.4833 2.7892 0.0553
56723.5087 2.0350 0.0574
57508.4274 3.6599 0.0482
56781.3681 2.2709 0.0645
57220.2834 3.1353 0.0507
57223.3821 3.1897 0.0501
57520.3322 3.6512 0.0548
56772.5574 2.2945 0.0670
57492.5650 3.8097 0.0525
56798.4412 2.1361 0.0544
57213.3068 3.1814 0.0449
56712.4987 2.2242 0.0552
57157.4639 2.5948 0.0531
56839.3331 2.4590 0.0604
57479.5652 3.8279 0.0558
56751.3624 1.9319 0.0569
56805.4296 2.2086 0.0554
56811.4523 2.3486 0.0525
57542.3781 3.4142 0.0446
57160.5043 2.4107 0.0534
56809.4762 2.2756 0.0602
57216.2954 3.2877 0.0479
53147.4492 2.7988 0.0118
57123.5684 2.8316 0.0767
56841.3382 2.7560 0.0633
57134.4895 2.7893 0.0563
56803.4873 2.2407 0.0695
56831.3353 2.5281 0.0519
57191.4505 2.9172 0.0523
56837.3407 2.5640 0.0558
56835.3385 2.6245 0.0524
56715.5701 1.9359 0.0497
57547.4116 3.4297 0.0472
57105.5725 2.9353 0.0774
57078.4880 3.5396 0.0782
57104.5182 3.0565 0.0535
56741.6273 1.6874 0.0740
54620.3618 3.2226 0.0453
57166.3502 2.5266 0.0672
