56743.5141 2.2509 0.0264
56803.4320 2.1861 0.0370
57420.5540 2.9984 0.0310
56837.3187 2.1094 0.0332
56831.3141 2.2127 0.0319
56841.3153 2.1451 0.0392
56801.3430 2.1360 0.0351
56722.4455 2.3062 0.0330
56811.4310 2.0061 0.0312
56751.3412 2.2123 0.0379
56744.5511 2.3139 0.0364
56712.4778 2.5176 0.0349
56833.3230 2.1707 0.0316
56835.3167 2.3024 0.0317
56807.2873 2.0286 0.0335
56805.4076 2.1070 0.0340
56715.5490 2.3014 0.0326
56723.4877 2.2881 0.0348
56798.4197 2.0821 0.0311
57567.2937 2.8039 0.0345
57185.4656 2.3152 0.0411
56809.4537 1.9881 0.0373
57220.2624 1.6555 0.0369
57133.5964 2.2595 0.0433
57547.3932 2.9326 0.0347
57194.4085 2.2614 0.0340
57433.5265 3.1482 0.0342
56783.3403 1.9881 0.0525
56772.5360 2.0034 0.0480
57160.3650 2.1231 0.0316
57542.3595 2.7075 0.0338
57157.4427 2.3650 0.0378
57459.5467 2.5528 0.0385
57216.2749 1.9656 0.0338
57520.3112 2.7309 0.0416
57479.5453 2.9503 0.0458
56839.3125 2.0720 0.0445
56780.3062 1.9353 0.0479
57508.4085 2.9413 0.0352
56781.3489 1.9508 0.0472
56776.4591 2.0140 0.0399
57078.4502 2.3635 0.0454
57213.2865 1.6304 0.0303
56778.2967 1.9824 0.0434
57223.3612 1.8386 0.0413
56741.5950 2.2273 0.0605
57492.5435 3.0617 0.0405
57134.4710 2.1853 0.0440
57191.4242 2.2545 0.0406
53467.4890 2.1863 0.0120
53884.4341 1.8600 0.0122
53883.4566 1.7092 0.0115
57195.4028 2.4195 0.0557
56721.5940 2.4189 0.1189
57105.5621 2.2087 0.0752
57166.3288 0.7324 0.0786
57123.5397 2.0713 0.1243
