57420.5540 17.9745 0.0412
56743.5234 20.2967 0.0524
56803.4428 22.2906 0.0633
53472.4612 22.6626 0.0141
56741.6039 22.2901 0.0772
57220.2624 19.8512 0.0579
56801.3447 22.6166 0.0669
57133.5964 20.4124 0.0630
56722.4472 22.5039 0.0652
57547.3932 18.3234 0.0533
56723.4894 22.5416 0.0674
57194.4085 20.2399 0.0555
57433.5265 18.0547 0.0517
56798.4214 22.5706 0.0630
57223.3617 19.8373 0.0560
56751.3430 22.6926 0.0697
56783.3403 22.4606 0.0741
56772.5360 22.4538 0.0696
57185.4684 20.0967 0.0667
57160.3650 20.7325 0.0537
56841.3171 22.9522 0.0703
57542.3595 18.3937 0.0528
57157.4427 21.0220 0.0585
56712.4795 22.3742 0.0666
57459.5467 17.9266 0.0561
57216.2749 19.8555 0.0564
57520.3112 18.1399 0.0554
56811.4327 23.0179 0.0642
57567.2949 18.1778 0.0569
56715.5507 22.3924 0.0645
56780.3062 22.5345 0.0716
57479.5453 17.9111 0.0614
56805.4093 22.8686 0.0674
56839.3125 22.8748 0.0702
56835.3184 23.1175 0.0646
56744.5528 22.4778 0.0690
57508.4085 18.0710 0.0525
56781.3489 22.7148 0.0711
56776.4591 22.4993 0.0651
56837.3204 22.9796 0.0660
57078.4502 21.9089 0.0670
57213.2865 20.0864 0.0527
56831.3158 23.2440 0.0653
56778.2967 22.6511 0.0686
56833.3247 23.0865 0.0639
56807.2890 22.8481 0.0683
57492.5435 17.8484 0.0575
56809.4559 22.7825 0.0763
57134.4710 20.9657 0.0694
57195.4028 20.2967 0.0883
57104.4634 21.4093 0.1162
57191.4276 20.1049 0.0992
57123.5397 21.3256 0.1624
57105.5621 21.4943 0.1249
57166.3288 20.3120 0.1165
