57420.5589 4.5650 0.0273
56833.3397 4.8999 0.0350
57492.5540 4.3137 0.0307
57542.3682 4.2662 0.0273
57433.5350 4.8510 0.0281
57547.4020 4.1540 0.0279
57479.5544 4.3446 0.0326
57520.3212 4.3542 0.0336
57567.3040 3.8494 0.0297
57508.4175 4.3470 0.0294
53472.5316 3.8487 0.0100
57160.3743 3.7659 0.0379
57123.5525 3.7203 0.0512
57191.4383 3.9796 0.0401
56783.3499 4.6438 0.0538
56715.5589 5.1039 0.0413
57157.4515 3.6428 0.0381
56722.4562 5.0999 0.0430
56809.4644 4.9868 0.0470
56839.3207 4.9222 0.0455
56841.3254 4.8036 0.0493
56781.3570 4.7609 0.0492
56835.3266 4.9348 0.0413
56811.4410 4.9456 0.0421
56751.3512 4.6150 0.0462
56803.4723 4.8925 0.0496
57133.6087 3.7205 0.0479
56780.3146 4.8610 0.0477
56712.4876 5.0397 0.0439
56772.5452 4.8064 0.0522
56805.4182 4.9709 0.0457
57223.3703 4.0502 0.0363
56798.4301 4.9314 0.0409
57220.2711 4.0297 0.0365
56741.6082 4.7222 0.0590
56744.5234 4.9116 0.0443
57134.4821 3.7427 0.0444
56778.3048 4.7055 0.0453
56837.3290 4.9132 0.0440
56801.3529 4.9719 0.0451
57213.2951 4.1411 0.0332
56776.4673 4.8068 0.0445
57216.2834 4.0665 0.0356
56807.2972 4.9847 0.0436
56831.3240 4.9848 0.0413
56723.4975 5.0115 0.0453
57078.4761 4.0305 0.0452
57166.3371 3.7599 0.0453
57185.4715 7.4382 0.0684
53474.4540 3.9228 0.0137
57104.4732 4.0305 0.0739
