52730.5708 16.7417 0.0372
53462.4875 13.2634 0.0401
53847.5700 12.7174 0.0296
56801.3749 13.2214 0.0368
53851.4197 12.7566 0.0207
53911.3265 11.7824 0.0246
53524.2997 13.8235 0.0158
54186.5147 11.1444 0.0204
57420.5809 12.0042 0.0384
53586.2926 13.6809 0.0174
53853.4234 12.5312 0.0199
53081.5362 13.7774 0.0100
52710.6200 16.6840 0.0194
52817.2960 15.9453 0.0371
53466.6105 13.3866 0.0177
54531.5699 11.9410 0.0150
57191.4580 11.5436 0.0437
56833.3526 13.2927 0.0469
53109.5778 14.3836 0.0222
53583.3020 13.8247 0.0198
52790.4028 15.1167 0.1372
54209.4920 11.1274 0.0171
54561.4245 11.6727 0.0174
53505.3877 14.0901 0.0235
52813.3474 15.7615 0.0225
54624.3814 12.9535 0.0182
52792.4193 15.3632 0.0278
52722.5967 16.8154 0.0292
53769.6072 11.4704 0.0174
53122.4995 14.8345 0.0115
53083.6071 13.6758 0.0183
54262.4003 11.4509 0.0185
54205.4842 11.0892 0.0203
56712.5038 13.1606 0.0564
53939.3051 11.2378 0.0193
52791.4573 15.6094 0.0285
56751.3675 13.2662 0.0582
53875.3578 12.2623 0.0191
52721.6238 16.7374 0.0374
57433.5504 12.5167 0.0466
54179.5203 11.4918 0.0187
54266.2907 11.5497 0.0190
56744.5399 13.4324 0.0605
56837.3458 13.2128 0.0576
57134.4954 11.6301 0.0495
54557.5439 11.8834 0.0191
53888.4048 11.8394 0.0203
56772.5627 13.0896 0.0650
54234.4861 11.3851 0.0188
54591.3847 12.2622 0.0183
57220.2890 11.4447 0.0470
53943.3011 11.1549 0.0196
53799.4769 11.8382 0.0197
57520.3376 13.0345 0.0508
54621.4043 13.0058 0.0194
54183.5047 11.3021 0.0196
53883.3877 12.0731 0.0202
54600.4443 12.5597 0.0329
53175.3829 13.8917 0.0199
56715.5752 13.3654 0.0543
53766.6154 11.7358 0.0189
53502.3863 14.1095 0.0207
53772.6248 11.4933 0.0202
56839.3381 13.2189 0.0624
53473.5863 13.5285 0.0214
54113.6596 11.0063 0.0200
53138.4597 14.3440 0.0211
54117.6445 10.8320 0.0178
56811.4574 13.2273 0.0557
56741.6340 13.7326 0.0752
56809.4820 13.3307 0.0612
56783.3699 13.1825 0.0668
56723.5137 13.5720 0.0583
54535.5061 12.1453 0.0184
56798.4478 13.2443 0.0595
53195.3443 13.7105 0.0197
57547.4163 12.8009 0.0487
53495.4378 13.8455 0.0206
54570.4252 11.7564 0.0307
53411.6219 13.2529 0.0194
53469.5172 13.5306 0.0201
53553.4126 14.2119 0.0210
57213.3122 11.3858 0.0442
54176.5626 11.3778 0.0190
56831.3404 13.1800 0.0545
53117.4831 14.3420 0.0199
53518.4463 13.6870 0.0308
54594.4510 12.3879 0.0189
56778.3210 12.8750 0.0596
54618.4124 12.9710 0.0189
56807.3136 13.1751 0.0561
57216.3027 11.4023 0.0485
56780.3316 13.0525 0.0594
54124.6293 10.7880 0.0181
56841.3435 13.2389 0.0607
57542.3828 12.9475 0.0472
56781.3732 13.0903 0.0619
54229.4771 11.3382 0.0253
57123.5755 11.6682 0.0630
53165.4084 14.3813 0.0195
53936.3058 11.2793 0.0194
54563.4924 11.7274 0.0195
53446.5307 13.0789 0.0196
54588.5506 11.9169 0.0227
54213.5706 11.1201 0.0213
53121.5116 14.6638 0.0203
57479.5706 13.8475 0.0517
53892.3754 11.9250 0.0277
54120.6614 10.7028 0.0201
53855.4144 12.7399 0.0197
53500.3142 14.2583 0.0201
53879.3067 12.2117 0.0201
54144.5872 11.1098 0.0190
53200.2651 13.5133 0.0200
54538.5756 12.0781 0.0210
56722.4730 13.4066 0.0583
57508.4323 13.3875 0.0498
54528.5205 12.1656 0.0171
57492.5703 14.0285 0.0533
54151.6487 11.0023 0.0200
53551.3274 14.3022 0.0199
53906.3668 11.4988 0.0215
57223.3876 11.4570 0.0484
54201.4521 11.1920 0.0193
53149.3314 14.3855 0.0194
56835.3435 13.1840 0.0552
54153.5952 10.9394 0.0194
54259.3113 11.5256 0.0182
53463.5851 13.2202 0.0278
54597.4492 12.4658 0.0188
56805.4347 13.2686 0.0591
54255.3336 11.6439 0.0223
53531.3598 13.9794 0.0205
54524.5250 11.9271 0.0242
53178.3735 13.9089 0.0195
53578.3415 13.5390 0.0255
53390.6473 13.7403 0.0202
53859.3653 12.6825 0.0221
53916.3232 11.3211 0.0220
53743.6315 12.6415 0.0187
54511.5791 11.7849 0.0166
54614.3908 12.8955 0.0204
53527.3510 14.0194 0.0198
53523.4194 13.8778 0.0262
56776.4836 12.9930 0.0557
53146.4857 14.4155 0.0236
56803.4932 13.3607 0.0876
53563.3393 13.6830 0.0317
57157.4700 11.8372 0.0560
57166.3553 11.7482 0.0620
54620.3574 12.8568 0.0550
57078.4942 11.1453 0.0689
57160.5099 11.7478 0.0702
57185.4913 11.5936 0.0723
53890.4800 11.8007 0.0940
57104.5235 11.5909 0.1000
53198.3064 13.7993 0.1112
57105.5754 11.6034 0.1092
