57420.5652 3.1548 0.0224
56801.3619 3.8965 0.0319
56833.3377 3.8115 0.0300
56743.5080 3.7156 0.0375
56839.3232 3.6588 0.0338
57191.4491 3.4652 0.0296
56841.3281 3.6763 0.0349
56780.3167 4.0578 0.0350
57433.5366 3.1895 0.0238
56712.4896 3.9004 0.0316
56778.3068 4.1145 0.0340
56783.3530 3.8295 0.0392
56831.3238 3.8130 0.0321
56781.3571 3.5337 0.0394
56837.3290 3.3176 0.0333
56722.4556 4.0631 0.0349
56798.4373 3.9749 0.0374
56803.4315 3.7319 0.0475
57220.2780 3.3052 0.0314
56776.4737 4.0607 0.0368
56809.4613 3.7144 0.0412
57508.4226 3.0919 0.0294
57213.3018 3.3154 0.0272
56715.5560 4.0598 0.0363
57216.2917 3.2244 0.0300
56772.5519 3.8216 0.0436
57479.5605 3.4572 0.0329
57492.5594 3.3586 0.0325
57520.3269 2.9296 0.0328
57542.3734 3.1264 0.0272
57547.4070 2.9420 0.0281
56723.4946 4.0005 0.0385
56835.3239 3.6709 0.0353
56805.4148 3.7916 0.0384
57223.3772 3.3213 0.0306
56811.4380 3.7498 0.0354
56807.2943 3.7939 0.0371
57123.5612 3.5275 0.0449
57134.4899 3.6047 0.0371
56751.3557 3.7518 0.0433
57157.4568 3.6587 0.0351
57567.2958 2.8549 0.0396
57166.3464 3.7469 0.0451
56744.5435 3.7621 0.0501
57160.4348 3.5433 0.0369
56741.6103 3.6327 0.0735
57078.4718 3.0224 0.0392
57185.4789 3.1701 0.0510
57104.4912 2.7932 0.0508
57459.5411 3.1708 0.0561
57194.4031 3.3836 0.0512
57133.4143 3.4734 0.0509
57105.5676 3.0593 0.0576
57195.4003 3.4583 0.0815
57460.4767 2.8545 0.1159
56721.5940 3.7845 0.1216
54620.3656 1.6832 0.0452
53770.6182 1.3092 0.0228
