57420.5718 12.9708 0.0395
56833.3442 8.9366 0.0472
53147.4525 12.0458 0.0111
57213.3036 14.0357 0.0484
56781.3651 9.2629 0.0584
57492.5616 14.2998 0.0512
56811.4492 7.4371 0.0484
57542.3753 13.7193 0.0495
56841.3344 8.9277 0.0567
57157.4605 12.3412 0.0518
57520.3289 13.3841 0.0520
56839.3294 8.8464 0.0548
57508.4244 13.5632 0.0506
57191.4470 13.6268 0.0502
56722.4643 9.5630 0.0525
57134.4858 11.7993 0.0492
56835.3351 8.6572 0.0496
56751.3593 9.5087 0.0549
57223.3789 13.8332 0.0515
57216.2922 14.1220 0.0529
56778.3129 9.2018 0.0558
56783.3617 9.6222 0.0634
57220.2801 14.0154 0.0530
56772.5541 9.2714 0.0607
56837.3376 8.8877 0.0523
56780.3231 9.7764 0.0562
56723.5056 9.7148 0.0550
56831.3322 8.9185 0.0492
57547.4087 13.6982 0.0498
56744.5318 9.7191 0.0555
56712.4957 9.3683 0.0529
57479.5619 14.3809 0.0525
56715.5670 9.6205 0.0500
56776.4755 9.2863 0.0524
57433.5416 13.8433 0.0490
56803.4819 9.4304 0.0760
57160.4616 12.2861 0.0582
57078.4859 11.6763 0.0530
57166.3455 12.6030 0.0645
56801.3605 6.7545 0.0613
56741.6267 7.2175 0.1056
57105.5711 11.3271 0.0747
56798.4371 9.6093 0.0731
56809.4716 9.5818 0.0831
57104.5060 11.1725 0.0627
57185.4795 13.0023 0.0834
56805.4253 9.5907 0.0794
57123.5621 6.3921 0.0889
56807.3044 9.4023 0.0778
57567.3097 13.6450 0.1338
53122.5380 13.0143 0.0262
