56833.3367 3.1499 0.0289
57420.5625 2.2320 0.0286
56712.4859 3.0575 0.0347
56807.2955 3.0712 0.0351
57508.4149 2.2383 0.0266
56831.3223 3.0507 0.0321
56837.3271 3.1623 0.0347
56839.3190 3.1405 0.0361
56805.4163 3.0897 0.0358
56715.5572 2.9725 0.0323
57520.3182 1.8248 0.0314
56722.4542 3.1032 0.0340
57191.4355 2.5321 0.0306
56801.3512 3.1642 0.0356
57567.3012 2.2474 0.0279
56723.4958 2.9844 0.0361
56835.3249 3.2934 0.0324
56811.4393 3.1469 0.0326
53472.4934 3.1122 0.0090
56783.3499 3.1766 0.0539
57157.4515 3.0840 0.0381
56809.4644 3.1545 0.0458
56841.3254 3.0968 0.0490
56781.3570 3.2932 0.0487
57492.5529 2.2068 0.0339
56803.4723 3.1786 0.0489
56780.3146 3.2720 0.0470
57160.3736 3.0552 0.0325
56751.3512 3.3734 0.0459
57123.5514 3.1311 0.0526
56772.5452 3.2972 0.0519
57185.4671 2.7069 0.0399
57223.3703 2.6783 0.0352
57547.4010 2.3916 0.0313
57220.2711 2.6553 0.0351
56741.6082 3.1469 0.0594
56744.5234 3.2786 0.0435
57134.4821 3.2100 0.0447
57433.5341 2.2888 0.0302
56778.3048 3.3225 0.0448
56798.4301 3.1612 0.0394
57213.2951 2.7943 0.0319
56776.4673 3.3912 0.0437
57542.3673 2.4563 0.0307
57216.2834 2.7713 0.0343
57479.5533 2.2288 0.0378
57133.6095 3.0198 0.0478
57078.4761 3.2416 0.0446
57166.3371 2.9491 0.0453
57194.4118 1.4603 0.0431
57104.4732 2.9906 0.0723
54620.3631 2.7960 0.0449
