57420.5495 1.4043 0.0297
57194.4042 1.3911 0.0325
57547.3894 1.4716 0.0304
57433.5227 1.3960 0.0293
57459.5423 1.4675 0.0335
57160.3607 1.3092 0.0302
57133.4154 1.2041 0.0325
57157.4382 1.2709 0.0367
57216.2706 1.3631 0.0321
57223.3574 1.3594 0.0332
57078.4375 1.2962 0.0411
57479.5414 1.5362 0.0363
57213.2820 1.3724 0.0293
57220.2575 1.3493 0.0391
57520.3067 1.3416 0.0382
57508.4044 1.5806 0.0327
57542.3556 1.4929 0.0305
57185.4561 1.2351 0.0452
57492.5382 1.6137 0.0447
57191.4231 1.2689 0.0415
57166.3209 1.2221 0.0676
57123.5324 1.0190 0.0706
57195.4008 1.2881 0.0510
57105.5603 1.1999 0.0507
57134.4685 1.1705 0.0582
57567.2890 1.5288 0.0710
57419.5304 1.5956 0.1070
57104.4590 1.4034 0.0627
