57420.5582 2.7930 0.0292
56743.5381 2.1319 0.0419
56741.6094 2.2909 0.0600
53472.4934 2.9368 0.0088
56780.3104 2.2568 0.0475
56833.3288 2.5922 0.0398
56807.2931 2.6409 0.0443
57479.5491 2.8333 0.0405
56712.4835 2.1294 0.0410
56778.3007 2.2240 0.0424
56837.3245 2.6279 0.0416
57220.2668 2.6923 0.0345
57567.2988 2.9919 0.0334
56776.4632 2.2463 0.0415
57191.4328 2.7089 0.0360
56831.3199 2.5572 0.0385
57216.2792 2.6392 0.0346
56839.3166 2.4781 0.0439
57223.3660 2.6995 0.0354
56841.3211 2.5051 0.0493
57194.4128 2.7231 0.0348
56722.4512 2.1385 0.0402
56744.5188 2.2467 0.0416
57542.3634 2.6725 0.0327
56723.4935 2.4460 0.0462
56805.4134 2.4336 0.0430
57508.4126 2.9039 0.0335
57185.4654 2.5103 0.0397
56781.3529 2.2759 0.0478
57433.5303 2.9640 0.0318
56801.3488 2.3824 0.0421
57492.5483 2.7993 0.0387
57520.3156 2.8411 0.0411
56811.4368 2.5331 0.0384
56772.5406 2.3135 0.0537
56809.4595 2.3568 0.0425
56803.4668 2.4479 0.0485
56798.4255 2.2907 0.0376
56783.3458 2.2425 0.0527
56715.5548 2.1288 0.0380
57160.3693 2.6039 0.0313
57547.3970 2.8589 0.0327
57213.2908 2.7096 0.0315
56835.3225 2.5758 0.0385
56751.3471 2.3450 0.0451
57157.4471 2.5929 0.0385
57133.6028 2.3133 0.0519
57123.5441 2.2335 0.0649
57104.4669 2.4459 0.0597
57459.5499 2.9223 0.0493
57134.4738 2.1642 0.0568
57166.3310 2.5605 0.0652
54620.3631 2.7382 0.0460
