56801.3749 2.5654 0.0289
53081.5383 4.5255 0.0061
57420.5809 3.5530 0.0320
57191.4580 3.0736 0.0349
56833.3526 2.9854 0.0352
56712.5038 2.6016 0.0425
57433.5504 3.4900 0.0336
56837.3458 2.8437 0.0436
57220.2890 2.8294 0.0354
57216.3027 2.7195 0.0362
57520.3376 4.0740 0.0415
56715.5752 2.5537 0.0393
56839.3381 3.0554 0.0490
56722.4730 2.5446 0.0435
56809.4820 2.6784 0.0476
56723.5137 2.5329 0.0435
53122.4963 4.5826 0.0093
57547.4163 2.6382 0.0338
57213.3122 2.8016 0.0328
56831.3404 2.9951 0.0404
57134.4954 3.1378 0.0396
56807.3136 2.7355 0.0412
56841.3435 2.9893 0.0486
57123.5755 3.2016 0.0571
56811.4574 2.6830 0.0413
57508.4323 3.8189 0.0367
57223.3876 2.7982 0.0374
56835.3435 2.8428 0.0407
56805.4347 2.7296 0.0451
53462.4830 3.5797 0.0546
53911.3294 3.5160 0.0356
56803.4932 2.6296 0.0723
54186.5169 3.2661 0.0294
53586.2942 3.9198 0.0261
56772.5638 3.0124 0.0742
53524.3013 3.5863 0.0233
53466.6127 3.6499 0.0227
56776.4846 2.8644 0.0583
56744.5410 2.5880 0.0645
56778.3220 2.8505 0.0643
54531.5802 3.2347 0.0177
56783.3709 2.8449 0.0765
57166.3562 3.2935 0.0589
56798.4488 2.7318 0.0662
54624.3856 2.9100 0.0199
56781.3742 2.9796 0.0682
53847.5657 3.0520 0.0648
57078.4942 2.1934 0.0510
53853.4265 2.9127 0.0293
57185.4913 3.2304 0.0586
57542.3838 4.0005 0.0476
53851.4045 2.9785 0.0333
56751.3686 2.7762 0.0615
57492.5714 3.5101 0.0529
56780.3326 3.0358 0.0658
57479.5717 3.6119 0.0576
57157.4705 3.1077 0.0561
53936.3073 3.3404 0.0278
54151.6503 3.3126 0.0284
54153.5968 3.2604 0.0280
54524.5266 3.2625 0.0383
54511.5807 3.1583 0.0217
54563.4941 3.0889 0.0270
53505.3869 3.6296 0.0409
53195.3461 4.3312 0.0278
53502.3879 3.5849 0.0294
54179.5219 3.1819 0.0263
53200.2667 4.2335 0.0272
54621.4059 2.9293 0.0259
53117.4851 4.5221 0.0280
57105.5754 2.7983 0.0817
53553.4142 3.8379 0.0286
53578.3431 4.0077 0.0385
53883.3892 3.1165 0.0283
53859.3669 2.9386 0.0340
53769.6065 2.8501 0.0264
54614.3925 3.1968 0.0282
53743.6358 3.0617 0.0237
53463.5772 3.6553 0.0464
54591.3863 3.2882 0.0248
53138.4614 4.5099 0.0327
53799.4785 2.7530 0.0261
54570.4268 2.8903 0.0539
54266.2923 3.3961 0.0267
54588.5522 3.1687 0.0358
53175.3845 4.3557 0.0276
53411.6236 4.0816 0.0271
54234.4877 3.4196 0.0269
54557.5455 3.0530 0.0265
53523.4216 3.5940 0.0413
54183.5063 3.2575 0.0278
53939.3067 3.2873 0.0274
53875.3594 3.1609 0.0255
54262.3997 3.3686 0.0315
53855.4161 2.9295 0.0266
53892.3770 3.2498 0.0486
54201.4537 3.2499 0.0280
54535.5077 3.2384 0.0247
53943.3027 3.2510 0.0281
54259.3128 3.4836 0.0252
54597.4508 3.3055 0.0251
53551.3290 3.7893 0.0274
53469.5188 3.6434 0.0277
53178.3751 4.3600 0.0272
53149.3330 4.3929 0.0276
53906.3684 3.2213 0.0313
53390.6489 4.4619 0.0299
53527.3526 3.7189 0.0271
53916.3248 3.2560 0.0310
54213.5722 3.2965 0.0311
53766.6170 2.9883 0.0245
54209.4913 3.3452 0.0273
57160.5116 2.9849 0.0633
53495.4394 3.4394 0.0268
53146.4895 4.4562 0.0295
57104.5235 2.7077 0.0725
54176.5642 3.1155 0.0266
54124.6309 3.6293 0.0259
53531.3618 3.6477 0.0279
54205.4858 3.3981 0.0294
54594.4526 3.2703 0.0257
53165.4100 4.4198 0.0275
53121.5132 4.5259 0.0283
54561.4238 3.0461 0.0262
54255.3352 3.4873 0.0379
54618.4139 3.0711 0.0250
56741.6344 2.5257 0.1659
54229.4787 3.4042 0.0421
53888.4064 3.1477 0.0294
53583.3013 3.8976 0.0317
54600.4459 3.4457 0.0591
53772.6264 2.7771 0.0281
53518.4479 3.4620 0.0520
54538.5772 3.1245 0.0294
54113.6612 3.8648 0.0318
53563.3425 3.9269 0.0450
53473.5879 3.5237 0.0311
54117.6461 3.6899 0.0256
54120.6630 3.6502 0.0307
53446.5325 3.8982 0.0276
54144.5888 3.4297 0.0280
53500.3158 3.5941 0.0277
53879.3084 3.2158 0.0286
54528.5221 3.2836 0.0228
