56801.3749 5.5811 0.0293
57420.5809 5.6685 0.0319
52730.5987 7.3885 0.0286
56833.3526 5.8611 0.0366
57191.4580 5.0121 0.0346
53122.4995 6.7028 0.0090
56712.5038 7.3520 0.0456
56778.3210 5.2145 0.0464
57492.5703 5.7398 0.0408
57479.5706 5.8438 0.0415
56807.3136 5.5472 0.0426
57216.3027 5.2101 0.0378
56780.3316 5.4103 0.0467
56811.4574 5.5642 0.0427
56741.6340 5.3053 0.0629
56809.4820 5.4962 0.0479
56783.3699 5.3966 0.0548
57433.5504 5.5796 0.0353
56715.5752 5.3666 0.0407
56841.3435 6.0205 0.0490
56744.5399 5.1952 0.0467
56723.5137 5.6111 0.0449
57134.4954 4.8234 0.0395
56751.3675 5.3468 0.0447
56781.3732 5.2983 0.0490
57123.5755 4.8594 0.0550
56798.4478 5.6241 0.0471
56772.5627 5.3579 0.0525
57223.3876 5.0533 0.0381
56835.3435 5.9237 0.0425
57547.4163 5.3076 0.0365
57220.2890 5.1559 0.0367
56805.4347 5.5457 0.0460
57542.3828 5.4085 0.0352
56776.4836 5.4853 0.0433
57213.3122 5.2467 0.0345
57520.3376 5.4638 0.0408
56831.3404 5.7708 0.0418
56837.3458 5.9298 0.0450
56839.3381 5.9411 0.0496
56722.4730 5.4516 0.0449
57508.4323 5.3742 0.0372
56803.4932 5.6501 0.0714
57157.4700 4.8054 0.0442
57166.3553 5.0760 0.0501
57185.4913 4.8042 0.0587
57160.5099 4.9430 0.0555
57078.4942 4.9788 0.0542
57104.5235 4.8345 0.0770
57105.5754 4.9648 0.0859
