56801.3749 6.0692 0.0317
53081.5383 6.8643 0.0066
52698.6084 8.2464 0.0126
57420.5809 6.3739 0.0339
56833.3526 5.8323 0.0388
57191.4580 6.6189 0.0384
52816.2955 7.1135 0.0106
56712.5038 8.3783 0.0505
56778.3210 7.1488 0.0524
57492.5703 6.3830 0.0432
57479.5706 6.8962 0.0441
56807.3136 6.1912 0.0465
57216.3027 6.4745 0.0417
56780.3316 6.9714 0.0521
56811.4574 6.1198 0.0464
56809.4820 6.1980 0.0523
56783.3699 6.9092 0.0605
57433.5504 6.7515 0.0382
56715.5752 8.3286 0.0478
57508.4323 5.8967 0.0393
56841.3435 5.6965 0.0519
56744.5399 7.9990 0.0540
56723.5137 8.9462 0.0526
57134.4954 6.0846 0.0431
56751.3675 7.6774 0.0512
56781.3732 6.9291 0.0546
57123.5755 5.7798 0.0587
56798.4478 6.1540 0.0510
56772.5627 7.3116 0.0584
57223.3876 6.2866 0.0419
56835.3435 5.8812 0.0453
57547.4163 6.5275 0.0396
57220.2890 6.3785 0.0403
56805.4347 6.1075 0.0499
57542.3828 6.5054 0.0380
56776.4836 7.2211 0.0486
57213.3122 6.6022 0.0382
57520.3376 6.1094 0.0430
56831.3404 5.8711 0.0447
56837.3458 5.7603 0.0478
56839.3381 5.7756 0.0527
56722.4730 9.0292 0.0529
56803.4932 6.1351 0.0775
56741.6331 8.2533 0.0904
57157.4700 5.9229 0.0482
57166.3553 5.8378 0.0540
57185.4913 6.6248 0.0650
57160.5099 5.9873 0.0604
57078.4942 5.7221 0.0583
57104.5235 5.6079 0.0827
57105.5754 5.4484 0.0912
