57420.5625 5.2344 0.0324
56833.3397 4.1987 0.0365
56798.4301 4.2093 0.0426
56715.5589 4.0916 0.0425
57157.4515 3.9499 0.0407
56722.4562 4.0244 0.0444
56809.4644 4.2019 0.0491
56839.3207 4.4530 0.0481
56841.3254 4.4744 0.0525
56811.4410 4.2560 0.0437
56751.3512 3.7758 0.0483
56837.3290 4.5255 0.0464
56712.4876 4.0503 0.0454
57213.2951 4.1688 0.0352
57492.5529 5.3619 0.0398
57160.3736 4.0962 0.0352
57123.5514 4.3831 0.0558
57191.4374 4.1261 0.0420
56805.4182 4.1950 0.0476
56744.5234 3.8078 0.0457
57547.4010 6.2825 0.0390
57220.2711 4.1210 0.0388
56803.4723 4.1784 0.0522
57508.4165 5.1961 0.0390
56831.3240 4.1310 0.0427
57134.4821 4.1250 0.0473
56807.2972 4.2907 0.0455
53472.4950 3.2471 0.0099
57542.3673 5.4735 0.0368
57433.5341 5.6129 0.0368
56835.3266 4.3054 0.0431
56801.3529 4.1588 0.0470
57567.3029 5.3829 0.0416
56776.4673 3.9094 0.0461
57216.2834 4.0484 0.0377
57479.5533 5.3363 0.0427
57520.3201 5.1328 0.0441
56723.4975 4.0980 0.0471
57223.3703 4.0390 0.0386
57133.6078 4.1666 0.0664
57166.3371 3.8274 0.0486
56772.5453 4.3113 0.0685
53500.3351 2.1031 0.0118
56778.3058 4.0973 0.0684
57078.4772 4.2052 0.0561
56741.6072 4.0004 0.1142
56783.3509 4.3870 0.0826
57185.4701 4.1003 0.0611
56781.3580 3.9578 0.0735
56780.3156 4.1935 0.0708
57104.4732 4.1236 0.0794
