57420.5741 4.9038 0.0228
56833.3460 4.5777 0.0289
56801.3657 4.5137 0.0315
56741.6261 4.5009 0.0433
56723.5077 4.6625 0.0325
57157.4628 4.1295 0.0286
56715.5691 4.7964 0.0293
57520.3311 5.3039 0.0301
56837.3397 4.7609 0.0314
56778.3149 4.4597 0.0331
56809.4750 4.5100 0.0347
57479.5641 5.2433 0.0298
56839.3317 4.7584 0.0335
56841.3368 4.8601 0.0343
56811.4513 4.5242 0.0300
56835.3373 4.6581 0.0299
56783.3638 4.5531 0.0384
57223.3811 3.8804 0.0264
57492.5638 5.3770 0.0288
56744.5338 4.5324 0.0330
57220.2823 3.9140 0.0269
57216.2948 3.9123 0.0262
56798.4402 4.5175 0.0305
56780.3253 4.5096 0.0335
56781.3671 4.4915 0.0359
56772.5563 4.4378 0.0364
57134.4883 4.1026 0.0280
56831.3342 4.6688 0.0294
56722.4664 4.6899 0.0308
57213.3058 6.5764 0.0274
57547.4106 5.2160 0.0268
56712.4977 4.9598 0.0316
56805.4285 4.5663 0.0321
56751.3614 4.5369 0.0323
56807.3075 4.4330 0.0317
57433.5438 5.1691 0.0259
57191.4493 3.9977 0.0268
56776.4775 4.4812 0.0312
57542.3772 5.2336 0.0263
57508.4264 5.3304 0.0277
56803.4857 4.4304 0.0418
57160.4866 4.1464 0.0298
57166.3484 4.1943 0.0345
57123.5673 4.2570 0.0449
57185.4821 3.9689 0.0420
57078.4874 4.4576 0.0327
57105.5720 4.1890 0.0416
57104.5101 4.2128 0.0382
57567.3097 5.7081 0.1114
54620.3618 4.9443 0.0494
