57420.5540 4.0956 0.0314
53467.4922 2.6042 0.0073
56778.2967 3.1803 0.0460
53471.4483 2.3260 0.0099
57433.5265 4.0806 0.0340
56783.3403 3.2492 0.0562
56772.5360 3.2232 0.0512
56798.4214 3.6261 0.0410
56780.3062 3.2907 0.0511
56781.3489 3.2513 0.0504
56776.4591 3.3088 0.0426
57078.4502 3.3521 0.0462
56743.5259 3.2537 0.0461
53474.4365 2.6042 0.0097
56715.5518 3.1606 0.0580
57223.3628 3.3805 0.0523
56811.4337 2.9536 0.0568
56835.3194 3.0106 0.0564
57542.3605 3.8603 0.0497
56839.3135 2.9702 0.0663
57185.4773 3.5301 0.0750
57157.4438 3.5687 0.0573
57134.4715 3.6327 0.0553
57547.3942 3.7806 0.0488
57160.3661 3.3742 0.0472
57459.5477 3.9836 0.0564
57213.2876 3.5621 0.0472
57133.5978 3.5292 0.0694
56723.4904 3.1919 0.0612
57567.2959 3.7700 0.0517
56807.2900 3.0846 0.0626
56809.4564 3.2347 0.0637
56803.4635 3.0336 0.0689
57520.3123 3.5776 0.0592
56741.5967 3.2694 0.0853
57508.4095 3.6321 0.0496
56744.5538 3.2645 0.0663
56751.3440 3.2504 0.0682
53883.4566 2.5495 0.0120
56831.3168 2.9360 0.0565
56833.3258 3.0303 0.0557
56837.3214 2.9711 0.0604
56712.4805 3.1130 0.0616
56841.3181 3.1683 0.0716
56801.3458 3.0990 0.0621
56722.4482 3.2128 0.0598
57479.5463 3.8315 0.0643
56805.4104 3.2173 0.0621
53884.4341 2.6626 0.0125
57216.2759 3.4051 0.0509
57194.4096 3.5078 0.0514
57220.2635 3.3185 0.0532
57166.3288 3.5637 0.0868
57492.5456 3.6303 0.0582
57195.4033 3.5144 0.0826
57104.4634 3.5187 0.0713
57123.5397 3.8307 0.1312
