57420.5582 5.8976 0.0325
56743.5383 4.4768 0.0442
56741.6094 4.4016 0.0623
56744.5188 4.4791 0.0458
56780.3104 5.2281 0.0521
56833.3288 5.4086 0.0447
56807.2931 5.7276 0.0497
57479.5491 6.7895 0.0460
56712.4835 4.8576 0.0456
56778.3007 5.1415 0.0473
56837.3245 5.4560 0.0464
57220.2668 4.9181 0.0385
57567.2988 5.6309 0.0382
56776.4632 5.0759 0.0463
57191.4328 5.2357 0.0401
56831.3199 5.3103 0.0433
57216.2792 4.9113 0.0386
56839.3166 5.5086 0.0488
57223.3660 5.0229 0.0394
56841.3211 5.6746 0.0535
57194.4128 5.1857 0.0388
56722.4512 4.7151 0.0446
57542.3634 6.2097 0.0391
56723.4935 4.7241 0.0500
56805.4134 5.3824 0.0479
57508.4126 6.4720 0.0395
57185.4654 5.4141 0.0443
56781.3529 5.1651 0.0521
57433.5303 6.3324 0.0378
56801.3488 5.6200 0.0473
57492.5483 6.7631 0.0447
57520.3156 6.4303 0.0457
56811.4368 5.4296 0.0433
56772.5406 4.8963 0.0571
56809.4595 5.4549 0.0479
56803.4668 5.3625 0.0528
56798.4255 5.6321 0.0432
56783.3458 5.2013 0.0566
56715.5548 4.8957 0.0427
57160.3693 5.3319 0.0360
57547.3970 6.0083 0.0382
57213.2908 4.8990 0.0353
56835.3225 5.4283 0.0434
56751.3471 4.5471 0.0487
57157.4471 5.4075 0.0430
57123.5441 5.7615 0.0699
57104.4669 5.4460 0.0660
57133.6028 5.5790 0.0578
53472.4677 5.3995 0.0146
57459.5499 6.3907 0.0575
57134.4738 5.8054 0.0657
57166.3310 5.3310 0.0720
54620.3631 4.9552 0.0523
