57479.5240 1.9477 0.0217
56715.4984 2.2215 0.0322
57420.5453 2.0224 0.0296
56803.4112 2.3015 0.0340
56743.5101 2.1301 0.0328
56741.5899 2.3190 0.0495
57567.2896 1.9385 0.0271
56723.4803 2.1704 0.0344
56781.3397 2.2432 0.0436
56809.4460 2.2433 0.0346
56721.5901 2.1538 0.0387
56798.4117 2.2670 0.0308
56778.2875 2.2554 0.0373
56805.4000 2.2682 0.0322
57508.3994 1.9250 0.0262
56837.3096 2.2915 0.0327
57520.3008 1.9597 0.0409
57542.3509 1.9432 0.0244
56776.4499 2.1906 0.0338
57460.4734 1.8932 0.0272
56833.3155 2.3020 0.0314
53475.5639 2.1253 0.0084
56780.2967 2.2244 0.0403
56835.3093 2.2895 0.0309
56831.3066 2.3433 0.0313
56744.5344 2.2821 0.0346
56751.3336 2.2170 0.0405
56811.4234 2.2877 0.0308
56783.3308 2.2962 0.0448
56841.3074 2.3016 0.0398
57492.5332 1.9067 0.0296
56801.3352 2.2489 0.0361
56839.3033 2.3106 0.0351
57459.5373 2.0254 0.0278
56772.5257 2.3634 0.0423
56807.2799 2.2339 0.0343
56712.4708 2.2022 0.0379
57433.5183 2.0170 0.0266
57216.2664 2.3517 0.0323
56829.3208 2.2248 0.0456
56800.5027 2.2882 0.0670
57213.2777 2.3144 0.0293
57194.3999 2.3990 0.0326
57133.4106 2.4537 0.0311
57220.2508 2.1788 0.0858
57223.3531 2.4151 0.0330
57157.4336 2.4036 0.0343
57160.3564 2.4396 0.0303
56722.4392 2.0850 0.0439
57547.3854 1.9500 0.0271
57419.5251 2.1015 0.0602
57191.4184 2.2814 0.0427
57156.4565 2.3285 0.0580
57185.4502 2.4153 0.0548
53883.4566 1.8092 0.0110
57123.5278 2.3971 0.0863
57104.4484 2.4021 0.0446
57134.4666 2.5442 0.0556
56711.5225 2.0837 0.0788
57155.3464 2.5600 0.2274
57195.3988 2.2346 0.0516
57078.4234 2.3951 0.0524
57166.3176 2.6237 0.0921
57105.5577 2.2317 0.0714
53467.5113 2.1428 0.0162
