57420.5718 3.4843 0.0310
56833.3442 2.3414 0.0368
52813.3181 2.8269 0.0086
56805.4265 2.1889 0.0429
56781.3651 2.1003 0.0477
57492.5616 3.4533 0.0358
56798.4382 2.0807 0.0393
57542.3753 3.2989 0.0331
56741.6261 2.1501 0.0742
56841.3344 2.3269 0.0475
57157.4605 2.8777 0.0387
57520.3289 3.3523 0.0401
56801.3611 2.1638 0.0441
57213.3036 2.8821 0.0327
56809.4728 2.1234 0.0447
56839.3294 2.3970 0.0443
56712.4957 2.2963 0.0415
57508.4244 3.5108 0.0353
57191.4470 3.0648 0.0363
56722.4643 2.1666 0.0405
57134.4858 2.9177 0.0378
56835.3351 2.3512 0.0390
56723.5056 2.0469 0.0426
56811.4492 2.0448 0.0388
57223.3789 2.8436 0.0361
57216.2922 2.9165 0.0361
56778.3129 2.1973 0.0446
56783.3617 1.9493 0.0538
57220.2801 2.9476 0.0367
57479.5619 3.6453 0.0397
56807.3055 2.1472 0.0405
56780.3231 2.0528 0.0447
56837.3376 2.3837 0.0416
56831.3322 2.2531 0.0379
57547.4087 3.3630 0.0336
56751.3593 2.1935 0.0435
56744.5318 2.1970 0.0436
56772.5541 2.1809 0.0509
56715.5670 2.3188 0.0381
56776.4755 2.2066 0.0412
57433.5416 3.5164 0.0329
56803.4819 2.1392 0.0617
57160.4616 2.7304 0.0427
57078.4859 2.5071 0.0385
57166.3455 2.8546 0.0499
57105.5711 2.8495 0.0554
56829.3180 2.3431 0.0507
57104.5060 2.9565 0.0460
57185.4795 2.9769 0.0656
56865.2991 2.3270 0.0534
57567.3097 3.1119 0.0928
57123.5610 3.2665 0.1446
