53462.4914 3.8607 0.0277
53847.5729 5.3614 0.0252
52730.5625 5.5244 0.0368
53911.3288 6.4477 0.0189
53851.4182 5.5350 0.0162
56801.3749 5.6137 0.0310
53853.4352 5.5645 0.0164
53586.2942 2.5805 0.0109
53524.3013 2.8921 0.0095
54186.5147 5.8594 0.0172
54531.5740 4.5916 0.0096
57420.5809 3.2455 0.0312
53466.6127 3.7496 0.0113
54176.5403 4.9799 0.0448
52710.6200 5.3804 0.0140
53583.3046 2.5575 0.0113
54570.4284 5.2247 0.0224
53799.4817 4.7174 0.0180
52817.2960 6.8848 0.0297
54262.4012 4.9872 0.0136
54209.4929 5.6710 0.0127
54624.3824 5.4333 0.0125
57191.4580 4.5967 0.0359
53505.3888 3.1451 0.0170
56833.3526 5.5453 0.0382
53769.6082 3.4782 0.0111
54561.4254 5.3380 0.0124
53146.4901 5.7051 0.0141
54151.6503 5.9983 0.0150
54153.5968 5.9910 0.0143
54117.6461 5.9388 0.0130
54524.5266 4.5282 0.0181
53553.4142 2.6568 0.0120
54144.5888 5.8256 0.0140
53578.3431 2.4590 0.0159
53411.6236 4.1281 0.0121
54511.5807 4.6562 0.0107
54213.5722 5.5432 0.0160
54614.3924 5.4270 0.0138
53936.3074 6.5800 0.0146
54255.3352 5.2761 0.0177
54600.4459 5.3190 0.0276
53446.5324 4.1816 0.0125
54621.4059 5.5124 0.0132
52790.4028 6.2119 0.1331
54266.2923 4.9270 0.0131
54557.5455 5.3833 0.0133
54234.4877 5.5501 0.0134
53859.3669 5.8446 0.0168
53200.2667 5.5620 0.0135
53473.5879 3.6399 0.0139
53121.5132 5.7684 0.0135
54591.3863 5.1308 0.0123
54179.5219 6.0006 0.0136
54563.4941 5.3526 0.0138
52813.3474 6.6788 0.0172
54588.5522 5.0094 0.0164
53175.3845 5.7097 0.0133
53883.3893 6.1117 0.0148
53109.5778 5.5442 0.0177
54183.5063 5.9379 0.0144
53551.3290 2.6838 0.0114
53939.3067 6.5770 0.0146
53875.3594 6.1142 0.0136
53772.6264 3.6064 0.0131
52792.4193 6.4338 0.0223
54201.4537 5.7751 0.0142
53527.3526 2.8970 0.0115
54535.5077 4.7342 0.0121
53943.3027 6.4062 0.0147
54259.3128 5.1072 0.0125
53138.4614 5.7673 0.0143
53469.5188 3.7059 0.0126
53178.3751 5.6482 0.0130
53149.3330 5.7372 0.0131
53906.3684 6.1748 0.0161
52722.5967 5.3236 0.0243
53390.6489 4.5474 0.0132
53531.3615 2.8392 0.0119
53916.3248 6.3060 0.0171
53117.4850 5.6264 0.0132
53766.6170 3.4397 0.0116
53495.4394 3.2037 0.0124
53855.4161 5.7206 0.0137
54124.6309 5.8534 0.0133
54205.4858 5.7272 0.0150
54594.4526 5.1634 0.0127
53165.4100 5.8453 0.0131
54618.4140 5.4907 0.0129
53122.4995 5.8512 0.0086
53195.3465 5.6309 0.0132
53743.6336 2.7776 0.0105
54229.4787 5.5879 0.0201
53518.4479 2.9333 0.0238
54538.5772 4.7911 0.0143
54113.6612 5.9462 0.0163
53083.6071 5.3523 0.0138
53502.3879 3.1551 0.0130
54597.4509 5.1717 0.0126
53892.3770 6.1251 0.0228
54120.6630 5.8664 0.0166
53879.3083 6.1593 0.0146
53500.3158 3.2220 0.0122
53888.4064 6.0306 0.0150
54528.5221 4.6410 0.0111
56712.5038 5.0694 0.0456
52791.4573 6.5680 0.0228
56751.3675 5.7659 0.0482
52721.6238 5.3613 0.0325
57433.5504 3.2600 0.0324
56744.5399 5.7392 0.0504
56837.3458 5.4159 0.0468
56772.5627 5.8516 0.0566
57220.2890 4.2309 0.0369
57542.3828 2.3804 0.0309
57520.3376 2.8316 0.0393
57216.3027 4.5166 0.0384
56715.5752 6.1694 0.0443
56839.3381 5.4519 0.0518
56811.4574 5.5227 0.0450
56741.6340 5.8665 0.0672
56783.3699 5.8536 0.0588
56723.5137 6.0422 0.0481
56798.4478 5.6529 0.0501
57213.3122 4.3019 0.0344
56805.4347 5.4754 0.0484
56831.3404 5.4829 0.0435
57134.4954 4.7468 0.0411
56807.3136 5.6169 0.0451
56778.3210 5.7266 0.0501
56780.3316 5.8368 0.0502
56841.3435 5.3829 0.0510
56781.3732 5.7550 0.0524
57123.5755 5.0084 0.0579
56776.4836 5.7919 0.0461
56722.4730 4.7782 0.0462
57508.4323 2.8680 0.0342
56809.4820 5.5226 0.0508
57492.5703 3.5752 0.0391
57479.5706 3.3371 0.0401
57223.3876 3.7244 0.0380
56835.3435 5.4460 0.0442
53463.5851 3.7915 0.0223
53523.4194 2.8849 0.0191
56803.4932 5.5069 0.0753
53563.3393 2.4586 0.0238
57157.4700 4.2786 0.0453
57166.3553 3.4983 0.0500
54620.3574 5.4561 0.0425
57160.5099 4.4536 0.0569
57547.4172 2.6664 0.0465
57078.4942 5.9307 0.0590
57185.4913 4.4330 0.0608
53890.4800 6.0606 0.0789
53198.3064 5.6935 0.0979
57105.5754 5.1116 0.0897
57104.5235 5.3462 0.0816
