57420.5495 1.4810 0.0309
56743.5055 1.4132 0.0309
57567.2958 1.8339 0.0378
56781.3448 1.3014 0.0493
57508.4044 1.4718 0.0344
56776.4550 1.4355 0.0413
56780.3019 1.3110 0.0470
56831.3117 1.4736 0.0373
56778.2926 1.3090 0.0438
56835.3144 1.5107 0.0370
57542.3556 1.6985 0.0326
57547.3894 1.8005 0.0329
56723.4853 1.5362 0.0405
56805.4052 1.3691 0.0401
57433.5227 1.5059 0.0312
56839.3084 1.4569 0.0422
57459.5423 1.5255 0.0354
57160.3607 1.5049 0.0305
56712.4754 1.3326 0.0410
57133.4154 1.6854 0.0334
57194.4042 1.4779 0.0327
56715.5467 1.4567 0.0384
56722.4431 1.3142 0.0402
57157.4382 1.5997 0.0375
56744.5487 1.3871 0.0435
56841.3128 1.4862 0.0468
57216.2706 1.4963 0.0324
57223.3574 1.4975 0.0336
56751.3388 1.3133 0.0458
52816.2921 1.4146 0.0095
56837.3164 1.5471 0.0394
56833.3206 1.5093 0.0381
57479.5414 1.5938 0.0379
57213.2820 1.4068 0.0295
57078.4375 1.6063 0.0424
57220.2575 1.4787 0.0400
56772.5313 1.2605 0.0483
56801.3407 1.2984 0.0421
57520.3067 1.6349 0.0400
56809.4513 1.2836 0.0411
56783.3361 1.4542 0.0524
56798.4174 1.3026 0.0366
56807.2850 1.2540 0.0391
56811.4286 1.2952 0.0364
57185.4561 1.5706 0.0463
57492.5382 1.6728 0.0472
57191.4231 1.3703 0.0417
56803.4006 1.2494 0.0493
57460.4772 1.6528 0.0927
57123.5324 1.6070 0.0725
57195.4008 1.4991 0.0519
57166.3209 1.4036 0.0692
56741.5902 1.3715 0.0481
57105.5603 1.6838 0.0522
57134.4685 1.6462 0.0598
57419.5304 1.5012 0.1105
57104.4590 1.4110 0.0632
54620.3656 1.7962 0.0435
53770.6182 1.4689 0.0228
