57420.5763 2.2693 0.0290
56801.3688 2.0189 0.0387
56833.3478 2.0907 0.0371
56776.4795 1.4631 0.0375
56723.5097 1.9284 0.0403
56781.3691 1.7993 0.0464
56831.3363 2.0525 0.0358
57213.3079 2.9340 0.0313
57223.3832 2.8950 0.0351
56722.4684 2.0009 0.0377
56839.3341 2.0465 0.0420
56805.4306 1.9530 0.0392
53147.4525 5.9029 0.0099
56809.4772 1.8058 0.0442
56803.4885 1.9045 0.0507
56837.3417 2.1009 0.0386
57433.5460 2.3969 0.0298
56835.3395 2.0265 0.0362
56715.5711 2.0830 0.0353
57191.4517 2.9753 0.0368
56712.4997 1.9786 0.0384
56778.3170 1.7906 0.0408
57220.2845 2.9667 0.0355
56807.3096 1.7544 0.0391
56780.3275 1.7793 0.0420
56811.4533 1.8967 0.0363
56841.3393 2.0702 0.0429
57216.2975 2.9092 0.0337
56783.3659 1.6808 0.0498
57185.4838 2.9620 0.0526
56772.5574 2.0891 0.0665
56744.5348 2.0513 0.0597
57520.3322 2.4880 0.0527
56741.6263 1.9448 0.0827
57492.5650 2.3627 0.0491
56798.4412 2.1116 0.0544
57157.4639 2.6590 0.0532
57479.5652 2.4063 0.0533
56751.3624 2.0457 0.0573
57508.4274 2.4094 0.0452
57542.3781 2.5337 0.0424
57160.5043 2.8752 0.0544
57105.5730 2.3070 0.0534
57123.5684 2.4762 0.0764
57134.4895 2.5046 0.0557
57547.4116 2.4690 0.0447
57104.5182 2.4685 0.0517
57078.4880 2.2717 0.0738
54620.3618 3.4162 0.0458
57166.3502 2.6747 0.0675
