57420.5763 2.2856 0.0290
52730.5987 1.7915 0.0229
56833.3478 2.8980 0.0385
53147.4525 1.3015 0.0069
56801.3691 2.0858 0.0446
56776.4795 2.7244 0.0402
56772.5585 2.6891 0.0479
56751.3634 2.7270 0.0412
56723.5097 2.0064 0.0404
56781.3691 2.6612 0.0476
53122.4995 1.3102 0.0075
56831.3363 2.7706 0.0371
57213.3079 2.7929 0.0310
57223.3832 2.7660 0.0350
57134.4907 2.9005 0.0385
56798.4422 2.7611 0.0401
56722.4684 2.7316 0.0389
56839.3341 2.7747 0.0433
56837.3417 2.8843 0.0400
57492.5660 2.8338 0.0362
57520.3333 2.7879 0.0382
57542.3791 2.9751 0.0311
57479.5663 2.9454 0.0383
57160.5054 2.8325 0.0375
57433.5460 2.5550 0.0302
56835.3395 2.7894 0.0376
57547.4125 2.9904 0.0324
56715.5711 2.9966 0.0370
57191.4517 2.3864 0.0360
56712.4997 2.8536 0.0398
56778.3170 2.6207 0.0421
57220.2845 2.6928 0.0351
57157.4650 2.8074 0.0380
56807.3096 2.7000 0.0411
56780.3275 2.8166 0.0437
56811.4533 2.6836 0.0377
56841.3393 2.9347 0.0441
57508.4284 2.7093 0.0328
57216.2975 2.7704 0.0335
56783.3659 2.5507 0.0507
57185.4838 2.2491 0.0512
57166.3513 2.6404 0.0431
56744.5348 2.7104 0.0612
56741.6263 2.5593 0.0833
56805.4296 2.5050 0.0562
57078.4898 3.1644 0.0483
57105.5730 2.8662 0.0548
56809.4762 2.4308 0.0609
57123.5684 2.7485 0.0763
56803.4873 1.2200 0.0675
57104.5182 2.8318 0.0529
54620.3618 2.8128 0.0441
