57420.5540 1.9968 0.0287
56743.5233 1.8818 0.0354
56803.4428 1.8216 0.0434
53472.4612 2.3522 0.0081
57220.2624 2.2309 0.0367
56801.3447 1.9192 0.0409
57133.5964 2.1021 0.0427
56722.4472 2.0130 0.0386
57547.3932 2.3661 0.0308
56723.4894 1.9616 0.0411
57194.4085 2.2297 0.0332
57433.5265 2.2125 0.0296
56798.4214 1.9403 0.0369
57223.3617 2.2237 0.0341
56751.3430 1.8671 0.0446
56783.3403 1.9919 0.0530
56772.5360 1.9052 0.0484
57185.4684 2.2123 0.0447
57160.3650 2.1906 0.0306
56841.3171 2.0623 0.0478
57542.3595 2.4325 0.0306
57157.4427 2.1689 0.0365
56712.4795 2.0225 0.0408
57459.5467 2.2037 0.0347
57216.2749 2.3069 0.0330
57520.3112 2.5141 0.0395
56811.4327 2.0689 0.0369
57567.2949 2.2808 0.0342
56715.5507 1.9834 0.0378
56839.3125 2.0222 0.0436
56780.3062 1.9425 0.0476
57479.5453 2.3253 0.0425
56805.4093 1.9390 0.0403
56835.3184 2.0022 0.0369
56744.5528 1.7149 0.0430
57508.4085 2.5366 0.0316
56781.3489 1.9300 0.0469
56776.4591 1.9325 0.0390
56837.3204 1.9390 0.0392
57078.4502 2.2132 0.0435
57213.2865 2.2993 0.0303
56831.3158 1.9115 0.0368
56778.2967 1.8072 0.0422
56833.3247 1.9218 0.0367
56807.2890 1.8750 0.0390
57492.5435 2.3384 0.0366
56809.4559 1.9457 0.0455
57134.4710 2.0961 0.0432
56741.5967 1.7141 0.0807
57195.4028 2.2192 0.0534
57104.4634 2.1294 0.0644
57191.4276 2.1647 0.0612
57123.5397 2.0834 0.1252
57105.5621 2.0712 0.0727
57166.3288 2.3464 0.0821
