57420.5625 15.9957 0.0401
56833.3397 15.3351 0.0479
53472.5316 12.4557 0.0132
56712.4876 14.6415 0.0584
56783.3499 14.7140 0.0674
56715.5589 14.6601 0.0561
57157.4515 15.6572 0.0542
56722.4562 14.5355 0.0575
56809.4644 14.3972 0.0620
56839.3207 15.5853 0.0615
56841.3254 15.6374 0.0640
56781.3570 14.7382 0.0636
56835.3266 15.3995 0.0574
56811.4410 14.6652 0.0569
57492.5529 17.4516 0.0535
56751.3512 14.2319 0.0607
57133.6087 15.7746 0.0634
57213.2951 15.3387 0.0490
56780.3146 14.6191 0.0617
57160.3736 15.6297 0.0496
57123.5514 15.5198 0.0633
56772.5452 14.6600 0.0654
57191.4374 15.4640 0.0555
56805.4182 14.5542 0.0605
56744.5234 14.2738 0.0584
57223.3703 15.2784 0.0522
57547.4010 17.1816 0.0524
57220.2711 15.3601 0.0531
56741.6082 14.3448 0.0721
56803.4723 14.3947 0.0635
57508.4165 17.1110 0.0538
56831.3240 15.3807 0.0573
57134.4821 15.8119 0.0616
56807.2972 14.6378 0.0594
57433.5341 16.7218 0.0508
56778.3048 14.7335 0.0607
56798.4301 14.2838 0.0549
56837.3290 15.5945 0.0599
56801.3529 14.3812 0.0593
57567.3029 17.2341 0.0571
56776.4673 14.8631 0.0595
57542.3673 17.3655 0.0515
57216.2834 15.3915 0.0526
57479.5533 17.5223 0.0544
57520.3201 17.1170 0.0550
56723.4975 14.4642 0.0597
57078.4761 15.4527 0.0640
57166.3371 15.6301 0.0607
53474.4540 12.4264 0.0189
57185.4701 15.5358 0.0789
57104.4732 15.6392 0.1092
53500.3479 12.9305 0.0266
