57420.5625 5.5473 0.0324
56833.3397 7.5163 0.0403
53472.4934 5.5791 0.0097
56712.4876 7.0456 0.0493
56783.3499 7.1625 0.0601
56715.5589 7.0179 0.0465
57157.4515 6.1605 0.0433
56722.4562 7.2057 0.0487
56809.4644 8.2400 0.0547
56839.3207 7.5118 0.0520
56841.3254 7.5267 0.0557
56781.3570 7.3909 0.0555
56835.3266 7.4886 0.0475
56811.4410 7.8517 0.0488
57492.5529 6.4393 0.0411
56751.3512 7.3620 0.0530
56837.3290 7.5422 0.0503
57133.6087 5.3971 0.0530
57213.2951 5.5305 0.0369
56780.3146 7.5382 0.0540
57160.3736 6.1569 0.0380
57123.5514 6.1768 0.0567
56772.5452 7.1940 0.0582
57191.4374 5.6519 0.0437
56805.4182 7.9953 0.0527
56744.5234 7.4353 0.0504
57223.3703 5.5059 0.0404
57547.4010 6.6540 0.0392
57220.2711 5.5015 0.0405
56803.4723 8.0012 0.0566
57508.4165 6.3938 0.0406
56831.3240 7.4526 0.0473
57134.4821 6.2025 0.0495
56807.2972 8.1342 0.0511
57433.5341 5.9387 0.0372
56778.3048 7.5319 0.0522
56801.3529 8.0241 0.0520
57567.3029 6.6612 0.0434
56776.4673 7.3966 0.0507
57542.3673 6.6623 0.0384
57216.2834 5.5222 0.0397
57479.5533 6.5553 0.0439
57520.3201 6.4374 0.0452
56723.4975 7.2787 0.0513
57078.4761 6.2413 0.0512
57166.3371 5.9135 0.0508
56741.6072 7.5044 0.1195
57185.4701 5.6739 0.0630
56798.4291 6.4783 0.0631
57104.4732 6.4776 0.0870
53500.3415 5.6699 0.0211
