57420.5540 0.7881 0.0339
56841.3171 0.7076 0.0485
57508.4085 0.7951 0.0311
57433.5265 0.8757 0.0297
56751.3430 0.8106 0.0457
57520.3112 0.7350 0.0398
56811.4327 0.8014 0.0376
57479.5453 0.8181 0.0430
56744.5528 0.7141 0.0441
56781.3489 0.8748 0.0480
56801.3453 0.7601 0.0459
56783.3408 0.7015 0.0595
56798.4212 0.7816 0.0415
56833.3249 0.7994 0.0454
56712.4793 0.7909 0.0459
56835.3179 0.7005 0.0451
56722.4472 0.7743 0.0554
57542.3605 0.6791 0.0435
57459.5473 0.8334 0.0397
57160.3661 0.6781 0.0424
56715.5497 0.8046 0.0544
56723.4904 0.7958 0.0577
57492.5444 0.8319 0.0350
56772.5367 0.7781 0.0491
56809.4559 0.6859 0.0506
56831.3158 0.7504 0.0532
53884.4341 1.1258 0.0116
56807.2886 0.6859 0.0689
56743.5186 0.7316 0.0770
56780.3057 0.6675 0.0758
57166.3288 0.7336 0.0826
57547.3918 0.8004 0.0635
56839.3141 0.8791 0.0760
57567.2953 0.7133 0.0716
56803.4641 0.8299 0.0725
57213.2869 0.6465 0.0666
56776.4607 0.6555 0.0684
57223.3634 0.6640 0.0580
57185.4602 0.6397 0.0604
56741.5978 0.6492 0.0679
56805.4088 0.8063 0.0709
