57420.5490 11.9116 0.0464
56803.4007 11.3366 0.0595
56841.3128 11.1784 0.0579
57542.3556 10.8241 0.0456
56778.2920 10.8773 0.0691
56780.3013 10.6405 0.0718
56783.3355 10.8170 0.0760
57220.2566 9.2286 0.0830
56723.4848 9.4859 0.0819
56772.5306 11.0877 0.0973
57166.3209 9.4348 0.0830
56751.3382 10.4514 0.0934
56839.3078 11.0282 0.0872
57134.4685 8.9409 0.0745
57520.3060 10.5428 0.0805
56722.4420 9.4383 0.0710
56776.4534 11.1490 0.1247
56833.3190 11.0725 0.1141
56798.4158 11.7403 0.1141
57123.5316 9.4654 0.1405
57104.4590 9.9910 0.0899
56807.2834 11.5857 0.1241
57078.4284 11.0375 0.1502
