57479.5240 3.2200 0.0233
57420.5453 2.9461 0.0310
56803.4112 1.7408 0.0337
56715.4929 2.5961 0.0364
56743.5101 2.2481 0.0334
56741.5899 2.1790 0.0498
57567.2896 2.7862 0.0287
56723.4803 2.4014 0.0353
56811.4234 1.7716 0.0304
56781.3397 1.8857 0.0436
56809.4460 1.8099 0.0344
56778.2875 2.0169 0.0375
56721.5901 2.4361 0.0397
56798.4117 1.8576 0.0306
56805.4000 1.7689 0.0319
56837.3096 1.7294 0.0322
57520.3008 2.9644 0.0426
57542.3509 2.8788 0.0262
56776.4499 1.9513 0.0339
57460.4734 3.2393 0.0297
56833.3155 1.7841 0.0311
57508.3994 3.1927 0.0285
56780.2967 1.8919 0.0403
56835.3093 1.8314 0.0305
56831.3066 1.6727 0.0305
56744.5344 2.0648 0.0347
56751.3336 2.0880 0.0409
56783.3308 1.9102 0.0446
56841.3074 1.7468 0.0395
57492.5332 3.1880 0.0320
56801.3352 1.8118 0.0359
56839.3033 1.7238 0.0347
57459.5373 3.2360 0.0302
56772.5257 1.9378 0.0424
56807.2799 1.7155 0.0337
56712.4708 2.5221 0.0390
57216.2664 1.8392 0.0322
57160.3564 1.5602 0.0294
56829.3208 1.7586 0.0452
56800.5027 1.6332 0.0664
57213.2777 1.7993 0.0291
57194.3999 1.7204 0.0322
57223.3531 1.7525 0.0326
57157.4336 1.6428 0.0341
56722.4392 2.3726 0.0451
57547.3854 2.9444 0.0294
57419.5251 2.9454 0.0624
57191.4184 1.6935 0.0426
57433.5182 3.0488 0.0377
57133.4106 1.5863 0.0398
57156.4565 1.5255 0.0574
57220.2523 1.8235 0.0880
57123.5278 1.7818 0.0877
57134.4666 1.5220 0.0547
56711.5225 2.4721 0.0807
57195.3988 1.7622 0.0516
57104.4484 1.4109 0.0435
57185.4502 1.7378 0.0549
57078.4234 1.6665 0.0525
57166.3176 1.4525 0.0907
52814.3053 2.7638 0.0204
57105.5577 1.6367 0.0710
