52730.5987 14.7501 0.0343
53122.4995 12.3456 0.0109
56801.3699 10.7144 0.0669
57420.5750 9.6167 0.0532
56833.3445 10.3566 0.0788
56807.3085 10.4963 0.0838
56722.4674 12.2290 0.0784
56780.3265 10.7000 0.0813
57433.5445 9.9590 0.0650
56778.3160 10.7412 0.0811
56783.3648 10.9896 0.0891
56744.5348 11.6096 0.0836
56776.4785 10.9747 0.0782
57185.4833 10.4474 0.0712
56723.5087 12.1253 0.0829
57508.4274 11.3852 0.0694
56781.3681 10.9472 0.0860
57220.2834 10.5333 0.0709
57223.3821 10.6882 0.0689
57520.3322 11.4919 0.0714
56741.6263 11.2483 0.1000
56772.5574 10.8874 0.0851
57492.5650 11.2935 0.0730
56798.4412 11.1187 0.0768
57213.3068 10.9493 0.0648
56712.4987 12.2456 0.0802
57157.4639 10.3769 0.0718
56839.3331 10.5022 0.0825
57479.5652 11.4464 0.0724
56751.3624 11.3469 0.0807
56805.4296 10.8205 0.0785
56811.4523 10.8546 0.0760
57542.3781 11.1425 0.0668
57160.5043 10.5126 0.0728
56809.4762 10.5447 0.0836
57216.2954 10.7529 0.0684
57123.5684 10.6366 0.0873
56841.3382 10.4020 0.0817
57134.4895 10.2925 0.0734
56803.4873 10.7483 0.0900
56831.3353 10.6078 0.0747
57191.4505 10.5568 0.0707
56837.3407 10.4162 0.0770
56835.3385 10.5064 0.0749
56715.5701 12.2622 0.0769
57547.4116 10.8037 0.0688
57105.5725 10.6820 0.1077
57104.5182 10.4721 0.0758
57078.4880 10.7228 0.1074
54620.3618 14.3592 0.0716
57166.3502 10.4996 0.0880
