57420.5718 4.7906 0.0330
56833.3442 5.2454 0.0422
52813.3181 3.8166 0.0090
56741.6247 4.9328 0.0654
56805.4265 5.2440 0.0491
56781.3651 5.0496 0.0533
57492.5616 4.7578 0.0390
56798.4382 5.0648 0.0452
57542.3753 4.6851 0.0366
56841.3344 5.4090 0.0528
57157.4605 4.2331 0.0418
57520.3289 4.8800 0.0431
56801.3611 5.0039 0.0497
57213.3036 4.2266 0.0356
56809.4728 4.9562 0.0506
56839.3294 5.1693 0.0500
57508.4244 5.0403 0.0390
56722.4643 4.6765 0.0458
57134.4858 4.3443 0.0406
56835.3351 5.2424 0.0448
56723.5056 4.6623 0.0482
56811.4492 5.2799 0.0452
57223.3789 4.3610 0.0395
57216.2922 4.2376 0.0392
56778.3129 5.0270 0.0503
56783.3617 4.9806 0.0589
57220.2801 4.2725 0.0398
57479.5619 4.6785 0.0423
56807.3055 4.9873 0.0465
56837.3376 5.1644 0.0472
56780.3231 5.0143 0.0503
57191.4470 4.1025 0.0388
56831.3322 5.3506 0.0441
57547.4087 4.6484 0.0369
56751.3593 4.9696 0.0489
56744.5318 5.0090 0.0492
56712.4957 4.5034 0.0464
56772.5541 5.0020 0.0558
56715.5670 4.5104 0.0427
56776.4755 4.9423 0.0467
57433.5416 4.8026 0.0363
56803.4819 5.0824 0.0684
57160.4616 4.1634 0.0464
57078.4859 4.7809 0.0433
57166.3455 4.1283 0.0530
57105.5711 4.5527 0.0611
56829.3180 5.0364 0.0581
57104.5060 4.5726 0.0508
57185.4795 4.0029 0.0690
57123.5621 4.7026 0.0831
57567.3097 4.9301 0.1036
56865.2985 5.4502 0.0873
