57420.5540 1.7333 0.0303
56743.5230 2.5929 0.0407
56803.4428 2.3232 0.0465
56741.6039 2.6413 0.0625
57220.2624 1.9883 0.0388
56801.3447 2.4904 0.0446
57133.5964 1.9664 0.0449
56722.4472 2.5606 0.0423
57547.3932 2.2978 0.0334
56723.4894 2.6122 0.0449
57194.4085 1.8611 0.0347
57433.5265 2.0917 0.0320
57223.3617 2.0857 0.0361
56751.3430 2.6479 0.0484
56783.3403 2.3721 0.0561
56772.5360 2.3994 0.0517
57185.4684 1.9250 0.0469
57160.3650 2.0457 0.0325
56841.3171 2.1603 0.0504
57542.3595 2.3133 0.0329
57157.4427 2.0266 0.0386
56712.4795 2.6047 0.0445
57459.5467 2.1918 0.0377
57216.2749 2.0509 0.0351
57520.3112 2.3118 0.0418
56811.4327 2.4496 0.0405
57567.2949 2.1558 0.0371
56715.5507 2.5759 0.0414
56839.3125 2.1942 0.0470
56780.3062 2.2852 0.0508
57479.5453 2.2853 0.0452
56805.4093 2.3293 0.0439
56835.3184 2.2805 0.0401
56744.5528 2.7217 0.0473
57508.4085 2.3110 0.0338
56781.3489 2.3607 0.0502
56776.4591 2.3490 0.0423
56837.3204 2.1584 0.0424
57078.4502 1.9233 0.0462
57213.2865 2.0532 0.0321
56798.4214 2.4547 0.0404
56831.3158 2.3215 0.0405
56778.2967 2.4433 0.0461
56833.3247 2.2568 0.0401
56807.2890 2.3722 0.0434
57492.5435 2.2500 0.0392
56809.4559 2.3277 0.0497
53467.4943 4.2535 0.0106
57134.4710 2.1182 0.0458
53884.4341 2.5405 0.0124
53883.4566 2.4751 0.0121
57195.4028 1.8131 0.0562
57123.5397 2.0794 0.1313
57104.4634 2.2552 0.0695
57191.4276 1.8798 0.0634
57105.5621 2.2322 0.0784
57166.3288 2.0521 0.0857
