57420.5763 3.8699 0.0300
56801.3688 3.6788 0.0405
56833.3478 3.9637 0.0398
53147.4525 3.9691 0.0083
56744.5358 3.7589 0.0447
56776.4795 3.4207 0.0411
56772.5585 3.5620 0.0486
56723.5097 3.3544 0.0423
56781.3691 3.4677 0.0487
57123.5698 3.9319 0.0546
56831.3363 3.9869 0.0391
57213.3079 3.9155 0.0325
57223.3832 4.4721 0.0373
57134.4907 3.8575 0.0395
56798.4422 3.5429 0.0409
56722.4684 3.4011 0.0396
56839.3341 3.7635 0.0446
57160.5054 3.6713 0.0383
56751.3634 3.8829 0.0427
56805.4306 3.6757 0.0421
57520.3333 3.3400 0.0384
57542.3791 4.0494 0.0329
56809.4772 3.8254 0.0476
57479.5663 3.5677 0.0386
56803.4885 3.6357 0.0527
56837.3417 3.8467 0.0411
57433.5460 3.9673 0.0326
56835.3395 3.9433 0.0394
57547.4125 3.9603 0.0339
57492.5660 3.4361 0.0369
56715.5711 3.3690 0.0373
57191.4517 3.8443 0.0375
56741.6278 3.6127 0.0595
56712.4997 3.4703 0.0405
56778.3170 3.4956 0.0434
57220.2845 3.9417 0.0367
57157.4650 3.5779 0.0387
56807.3096 3.6200 0.0426
56780.3275 3.4665 0.0444
56811.4533 3.6916 0.0395
56841.3393 3.8555 0.0450
57508.4284 3.3486 0.0336
57216.2975 3.7707 0.0348
56783.3659 3.2654 0.0511
57185.4838 3.8374 0.0535
57166.3513 3.4319 0.0437
57078.4898 3.7405 0.0491
57105.5730 3.7460 0.0567
57104.5182 3.8741 0.0553
54620.3618 3.8460 0.0463
