56743.5069 8.5688 0.0348
57420.5495 4.7664 0.0332
57567.2958 4.7396 0.0417
56781.3448 7.7861 0.0596
57508.4044 5.5015 0.0404
56776.4550 8.0259 0.0527
56780.3019 7.7410 0.0571
56803.4007 7.4955 0.0562
56831.3117 7.0319 0.0477
56778.2926 7.8772 0.0550
56835.3144 6.9189 0.0470
57542.3556 5.0058 0.0377
57547.3894 4.8843 0.0375
56723.4853 8.5839 0.0526
56741.5892 8.4423 0.0662
56805.4052 7.4095 0.0508
57433.5227 5.1543 0.0367
56839.3084 6.9004 0.0518
57459.5423 5.1387 0.0405
57160.3607 5.6065 0.0378
56712.4754 8.5349 0.0530
57133.4154 6.0626 0.0407
57194.4042 5.0237 0.0391
56715.5467 8.4747 0.0509
57157.4382 5.4522 0.0438
56744.5487 8.6362 0.0559
56841.3128 7.0236 0.0550
57216.2706 5.0069 0.0390
57223.3574 5.1031 0.0400
56751.3388 8.4681 0.0569
56837.3164 6.8599 0.0489
56833.3206 7.0238 0.0480
57479.5414 5.0651 0.0417
57213.2820 5.0970 0.0361
56722.4431 8.6150 0.0527
57078.4375 6.1045 0.0473
57220.2575 5.0244 0.0440
56772.5313 7.9187 0.0581
56801.3407 7.4577 0.0525
57520.3067 5.4829 0.0439
56809.4513 7.5731 0.0523
56783.3361 7.7633 0.0607
56798.4174 7.5262 0.0472
56807.2850 7.6662 0.0512
56811.4286 7.4252 0.0473
57185.4561 4.9963 0.0529
57492.5382 4.9833 0.0527
57191.4231 5.0424 0.0495
57460.4772 5.2795 0.0987
57195.4008 5.0008 0.0618
57166.3209 5.2881 0.0774
57123.5324 5.9883 0.0781
57105.5603 5.9801 0.0636
57134.4685 6.1399 0.0713
56721.5940 8.5098 0.1399
57419.5304 4.5036 0.1141
57104.4590 6.0380 0.0812
54620.3656 7.3126 0.0607
53770.6182 5.1631 0.0296
