52813.3181 5.4864 0.0095
57191.4456 6.0433 0.0379
56833.3407 4.4637 0.0394
57134.4846 5.8052 0.0408
56839.3248 4.5629 0.0463
56831.3281 4.5070 0.0410
56783.3558 4.1728 0.0571
57520.3246 6.3516 0.0424
56805.4223 4.0383 0.0449
56723.5016 4.3877 0.0444
57123.5575 5.7424 0.0556
57542.3711 6.4326 0.0370
57160.3779 5.7781 0.0361
57420.5657 6.2359 0.0461
57157.4560 5.6913 0.0418
56776.4714 4.1019 0.0425
56798.4341 4.0698 0.0406
56835.3306 4.4895 0.0415
56803.4771 4.0953 0.0522
56837.3334 4.4146 0.0435
57492.5572 6.5294 0.0421
56809.4686 3.9960 0.0453
56741.6140 3.9617 0.0598
57216.2878 6.2743 0.0401
56778.3088 3.9730 0.0449
57479.5576 6.6912 0.0427
56801.3570 4.0131 0.0440
56780.3187 4.0633 0.0465
56744.5276 4.1475 0.0451
56751.3553 4.0843 0.0454
57223.3746 6.1911 0.0399
56715.5630 4.3855 0.0408
56781.3610 4.0873 0.0499
57220.2754 6.3084 0.0406
56811.4451 3.9926 0.0410
56722.4603 4.4302 0.0426
57508.4204 6.2872 0.0394
56807.3013 4.0865 0.0412
56841.3295 4.6664 0.0493
57567.3072 5.9271 0.0412
56712.4916 4.5089 0.0440
57547.4049 6.3244 0.0379
56772.5497 4.0251 0.0500
57104.4873 6.0308 0.0488
57213.2988 6.3914 0.0446
56829.3180 4.4696 0.0558
57166.3406 5.7037 0.0690
57185.4755 5.9827 0.0467
57078.4806 5.4666 0.0541
56865.2991 4.8290 0.0586
57433.5369 6.3710 0.0521
57105.5696 5.7793 0.0871
53941.3114 1.7444 0.0349
53770.6220 5.5732 0.0304
54620.3581 4.4814 0.0498
