53462.4908 8.4916 0.0341
53847.5729 6.9236 0.0256
52730.5648 7.6017 0.0369
53851.4182 7.2930 0.0169
56801.3749 7.9753 0.0329
53911.3261 7.0103 0.0218
53853.4352 7.3060 0.0171
53524.3013 8.7413 0.0121
54186.5147 7.4019 0.0190
57420.5809 8.1586 0.0355
53586.2926 8.0267 0.0150
53466.6127 8.5508 0.0135
52710.6200 7.5457 0.0152
53799.4817 6.8595 0.0187
52817.2960 8.7345 0.0310
54531.5699 7.4045 0.0127
54262.4012 6.8554 0.0146
54209.4929 7.2847 0.0136
54624.3824 7.7106 0.0139
57191.4580 7.4531 0.0393
53505.3888 8.8282 0.0194
56833.3526 8.0674 0.0412
53769.6082 7.6176 0.0137
53081.5476 7.4813 0.0100
54151.6503 7.2144 0.0158
54153.5968 7.2028 0.0151
54117.6461 6.9528 0.0136
54144.5888 7.0887 0.0148
54511.5807 7.3263 0.0124
54213.5722 7.2070 0.0171
54614.3924 7.5137 0.0151
53936.3074 6.6611 0.0147
54255.3352 7.0846 0.0185
54621.4059 7.4740 0.0145
54266.2923 6.9539 0.0144
54557.5455 7.4361 0.0146
53859.3669 7.4308 0.0175
54561.4245 7.3183 0.0149
53473.5879 8.6735 0.0168
53121.5132 6.6448 0.0139
52813.3474 8.6776 0.0185
53883.3893 7.2596 0.0155
54234.4877 7.1442 0.0144
53109.5778 7.6437 0.0189
53531.3615 8.7334 0.0156
53939.3067 5.8917 0.0141
53875.3594 7.3632 0.0144
53502.3879 8.7595 0.0161
53772.6264 7.5540 0.0157
52792.4193 8.5584 0.0237
54201.4537 7.4197 0.0152
53527.3526 8.8853 0.0152
53446.5324 8.5142 0.0151
53943.3027 5.6672 0.0141
54259.3128 6.9439 0.0137
53469.5188 8.6596 0.0156
53906.3684 6.8444 0.0165
52722.5967 7.9615 0.0255
53390.6489 7.6560 0.0151
53916.3248 6.7005 0.0173
53117.4850 6.2864 0.0135
53766.6170 7.7400 0.0146
53495.4394 8.5775 0.0157
53583.3020 8.1552 0.0169
53855.4161 7.3576 0.0147
54124.6309 6.8875 0.0139
54176.5458 9.3153 0.0677
54205.4858 7.4317 0.0160
54618.4140 7.5111 0.0141
53122.4995 7.9060 0.0094
54229.4787 7.0939 0.0208
53500.3158 8.8473 0.0154
53518.4479 8.7231 0.0260
54538.5772 6.1802 0.0151
54113.6612 6.8237 0.0167
53083.6071 7.4367 0.0150
53892.3770 7.1493 0.0231
54120.6630 6.7413 0.0171
53879.3083 7.3061 0.0153
53888.4064 7.1519 0.0156
56712.5038 8.1338 0.0499
52791.4573 8.7286 0.0243
56751.3675 8.0286 0.0514
52721.6238 7.8057 0.0336
57433.5504 8.4451 0.0409
54179.5203 7.4229 0.0162
56744.5399 7.9199 0.0535
56837.3458 8.2468 0.0510
57134.4954 8.1615 0.0454
56778.3210 8.2408 0.0536
56772.5627 8.3239 0.0595
54591.3847 7.3811 0.0153
57220.2890 7.5336 0.0418
57542.3828 9.3586 0.0424
56807.3136 7.9612 0.0488
57520.3376 8.9923 0.0465
57216.3027 7.5893 0.0432
54183.5047 7.3685 0.0171
54600.4443 7.5237 0.0313
53175.3829 8.2000 0.0165
56715.5752 8.2623 0.0475
56839.3381 8.3357 0.0559
54570.4252 7.2960 0.0290
53138.4597 7.7903 0.0175
56811.4574 8.0045 0.0488
56741.6340 6.5734 0.0679
56783.3699 8.0981 0.0613
56723.5137 8.2264 0.0512
54535.5061 7.4775 0.0155
56798.4478 7.9317 0.0531
53195.3443 8.2819 0.0165
57547.4163 9.3103 0.0440
53411.6219 7.9844 0.0163
53553.4126 8.3675 0.0176
57213.3122 7.5867 0.0393
56831.3404 7.9725 0.0474
53146.4880 7.9626 0.0171
54594.4510 7.4073 0.0158
56780.3316 8.1604 0.0533
52790.4020 8.7369 0.0434
56841.3435 8.2231 0.0547
56781.3732 8.1459 0.0557
57123.5755 7.8877 0.0601
53165.4084 8.3158 0.0162
54563.4924 7.3512 0.0168
54588.5506 7.3320 0.0199
56776.4836 8.1419 0.0495
53200.2651 8.0849 0.0170
56722.4730 8.1226 0.0512
57508.4323 9.0577 0.0441
54528.5205 7.4821 0.0144
56809.4820 7.9418 0.0542
57492.5703 8.9636 0.0469
57479.5706 8.6457 0.0463
53551.3274 8.3594 0.0166
57223.3876 7.3863 0.0433
53149.3314 8.0180 0.0161
56835.3435 8.0670 0.0482
53463.5851 8.4480 0.0251
54597.4492 7.4229 0.0157
56805.4347 7.8063 0.0519
54524.5250 7.3636 0.0220
53178.3735 8.2101 0.0162
53578.3415 8.1323 0.0222
53523.4194 8.7535 0.0232
53743.6315 8.1984 0.0159
56803.4932 7.9863 0.0796
53563.3393 8.3228 0.0282
57157.4700 7.9436 0.0508
57166.3553 7.5370 0.0563
54620.3574 7.5854 0.0465
57160.5099 7.6695 0.0631
57078.4942 8.4598 0.0640
57185.4913 7.3687 0.0657
53890.4800 6.9303 0.0814
53198.3064 8.3154 0.1025
57105.5754 7.8556 0.0985
57104.5235 7.9343 0.0897
