57420.5718 1.6581 0.0293
56833.3442 1.0812 0.0348
53122.5385 1.1450 0.0074
52813.3181 1.2402 0.0079
56805.4265 1.2116 0.0413
56781.3651 1.1196 0.0462
57492.5616 1.8071 0.0332
56798.4382 1.0977 0.0378
57542.3753 1.6923 0.0300
56841.3344 1.0089 0.0456
57157.4605 1.5195 0.0367
57520.3289 1.7184 0.0380
56801.3611 1.0075 0.0422
57213.3036 1.5400 0.0304
56809.4728 0.9421 0.0426
56839.3294 1.1747 0.0424
56712.4957 1.2980 0.0399
57508.4244 1.6910 0.0321
57191.4470 1.4662 0.0338
56722.4643 1.1230 0.0387
57134.4858 1.4632 0.0358
56835.3351 1.0989 0.0368
56723.5056 1.2024 0.0413
56811.4492 1.1209 0.0371
57223.3789 1.4167 0.0338
57216.2922 1.4392 0.0334
56778.3129 1.0909 0.0429
56783.3617 1.1563 0.0529
57220.2801 1.4525 0.0340
57479.5619 1.6976 0.0372
56807.3055 1.1603 0.0387
56780.3231 1.0186 0.0431
56837.3376 1.0491 0.0394
56831.3322 1.0910 0.0358
57547.4087 1.6662 0.0304
56751.3593 1.1756 0.0418
56744.5318 1.0847 0.0418
56772.5541 1.0318 0.0493
56715.5670 1.1082 0.0359
56776.4755 1.0529 0.0393
57433.5416 1.6989 0.0295
56803.4819 1.0319 0.0598
56741.6213 1.0984 0.0735
57160.4616 1.4415 0.0402
57078.4859 1.2691 0.0363
57166.3455 1.5584 0.0478
57105.5711 1.2511 0.0513
56829.3180 1.0546 0.0476
57104.5060 1.1825 0.0417
57185.4795 1.5829 0.0628
56865.2991 1.0329 0.0500
57567.3097 1.7446 0.0871
57123.5610 1.3374 0.1406
