57420.5582 1.8949 0.0282
56743.5383 2.5630 0.0420
56741.6094 2.7066 0.0591
53472.4934 4.6508 0.0096
56837.3245 3.0729 0.0423
56780.3104 2.9629 0.0478
56807.2931 2.3235 0.0433
57479.5491 2.6737 0.0404
56712.4835 1.9271 0.0408
56778.3007 3.0857 0.0436
57220.2668 2.4661 0.0346
57567.2988 3.4294 0.0350
56776.4632 2.9646 0.0430
57191.4328 2.5592 0.0358
56831.3199 2.1680 0.0379
57216.2792 2.5686 0.0346
57223.3660 2.5691 0.0356
56841.3211 3.1332 0.0491
57194.4128 2.6571 0.0351
56744.5188 2.2306 0.0414
57542.3634 3.2733 0.0347
56805.4134 2.9027 0.0437
57508.4126 3.0890 0.0347
57185.4654 2.8474 0.0400
56781.3529 3.0541 0.0482
57433.5303 2.0969 0.0307
56801.3488 2.2887 0.0419
57520.3156 3.1999 0.0414
56811.4368 3.0522 0.0395
56772.5406 3.0196 0.0537
56809.4595 2.8521 0.0434
56803.4668 2.8427 0.0484
56798.4255 2.6729 0.0385
56783.3458 3.0885 0.0526
56715.5548 2.5549 0.0391
57160.3693 3.2647 0.0327
57547.3970 3.3382 0.0342
57213.2908 2.5861 0.0316
56722.4512 2.0044 0.0403
56835.3225 3.0155 0.0395
56751.3471 2.0523 0.0443
57157.4471 3.2258 0.0394
57133.6028 2.9547 0.0529
56839.3167 2.2444 0.0523
57123.5441 2.8577 0.0646
56833.3290 2.5908 0.0484
57104.4669 2.9120 0.0616
57492.5482 2.8681 0.0404
56723.4936 1.9950 0.0562
57459.5499 2.4547 0.0488
57134.4738 3.0456 0.0591
57166.3310 3.1421 0.0659
54620.3631 4.7611 0.0503
