53472.4612 5.8019 0.0095
57420.5593 4.9007 0.0442
57547.3979 6.1233 0.0544
57508.4136 4.9244 0.0533
56772.5417 6.0904 0.0793
57223.3671 5.5062 0.0567
57542.3643 5.9875 0.0562
57220.2678 5.5878 0.0562
56803.4679 6.8199 0.0780
56807.2941 6.2395 0.0698
56811.4378 6.4167 0.0635
56723.4945 6.0161 0.0760
57520.3167 5.1950 0.0643
56839.3176 5.9429 0.0711
56781.3540 6.1103 0.0757
56751.3481 6.0679 0.0716
56780.3115 5.9678 0.0759
57160.3704 4.9237 0.0501
57567.2998 6.5759 0.0566
56712.4845 5.9758 0.0669
56837.3256 6.2696 0.0676
56801.3498 6.4186 0.0687
56776.4642 6.4340 0.0698
57185.4666 5.0882 0.0625
57194.4139 5.1373 0.0545
56798.4265 6.3152 0.0628
56722.4523 6.1455 0.0657
56741.6035 6.0064 0.0905
56783.3468 6.1110 0.0811
57433.5312 4.7280 0.0496
57191.4339 5.1942 0.0560
56715.5558 6.0794 0.0627
56809.4605 6.6862 0.0700
56744.5199 5.9976 0.0674
56835.3235 6.2004 0.0634
57213.2919 5.2488 0.0509
57216.2802 5.1832 0.0536
57479.5501 4.3635 0.0568
56778.3017 6.0616 0.0687
56805.4144 6.7394 0.0712
56831.3209 6.3401 0.0633
57157.4482 4.5994 0.0588
56833.3299 6.2597 0.0659
57492.5495 4.4249 0.0630
57134.4745 4.6963 0.0906
57104.4680 4.1683 0.1674
57166.3323 5.0260 0.1011
57123.5453 4.4039 0.1378
