57479.5240 35.7005 0.0428
56715.4984 29.0369 0.0576
57420.5453 31.0419 0.0519
56803.4112 28.8023 0.0590
56743.5101 28.8367 0.0594
56741.5899 28.5674 0.0720
57567.2896 37.1243 0.0613
56723.4803 29.2003 0.0641
56781.3397 29.0727 0.0701
56809.4460 28.4888 0.0642
57460.4734 34.6016 0.0619
56721.5901 29.0620 0.0680
56778.2875 29.2254 0.0663
56805.4000 28.6403 0.0607
56837.3096 29.6473 0.0621
57520.3008 36.8486 0.0676
57542.3509 36.9743 0.0596
56776.4499 29.0439 0.0626
56798.4117 28.7386 0.0588
56833.3155 29.5156 0.0609
57508.3994 36.7875 0.0607
56780.2967 29.1179 0.0673
56835.3093 29.4795 0.0607
56831.3066 29.8021 0.0615
56744.5344 28.8893 0.0619
56751.3336 29.0150 0.0678
56811.4234 28.6708 0.0596
56783.3308 29.0711 0.0684
56841.3074 29.8573 0.0652
57492.5332 36.7040 0.0650
56801.3352 28.8034 0.0643
56839.3033 29.8116 0.0639
57459.5373 34.3819 0.0621
56772.5257 28.6800 0.0678
56807.2799 28.6720 0.0652
57157.4364 26.2799 0.0907
57194.4022 24.3227 0.0825
56712.4708 28.9708 0.0691
57433.5183 32.7809 0.0607
57216.2664 30.6336 0.0669
57160.3564 29.1360 0.0622
56829.3208 29.2304 0.0845
56800.5027 28.6498 0.1048
57213.2777 30.2886 0.0624
57133.4106 28.8677 0.0602
57220.2508 30.1902 0.1048
57223.3531 30.2019 0.0659
56722.4392 28.9975 0.0827
57547.3854 36.8810 0.0661
57123.5328 26.6697 0.1795
57419.5251 31.9807 0.0941
57191.4184 29.4396 0.0824
53475.5714 24.0828 0.0221
57104.4484 29.5765 0.0904
57134.4666 28.8745 0.1032
56711.5225 28.9819 0.1259
57155.3464 29.3958 0.2961
57195.3988 29.3157 0.1023
57185.4502 29.6526 0.0996
57078.4234 30.4153 0.0835
57166.3176 29.1580 0.1541
57156.4557 28.1301 0.0738
57105.5577 29.4602 0.1434
