57420.5648 3.0713 0.0294
52813.3181 2.7857 0.0084
57191.4456 2.4667 0.0335
56833.3407 3.5845 0.0383
57134.4846 2.8111 0.0375
56839.3248 3.5939 0.0451
56751.3553 3.7413 0.0454
56831.3281 3.6927 0.0399
56783.3558 3.9114 0.0573
57520.3246 3.2675 0.0394
56805.4223 3.8206 0.0449
56723.5016 3.6200 0.0436
57123.5575 2.6077 0.0537
57542.3711 3.1203 0.0317
57160.3779 2.5694 0.0312
57157.4560 2.7045 0.0380
56776.4714 3.8392 0.0425
56798.4341 3.8625 0.0406
56835.3306 3.6443 0.0402
56803.4771 3.8032 0.0523
56837.3334 3.7461 0.0428
57492.5572 3.3777 0.0376
56809.4686 3.7573 0.0453
56741.6140 3.6861 0.0601
57216.2878 2.6010 0.0342
56778.3088 3.6951 0.0447
57479.5576 3.3058 0.0391
56801.3570 3.7992 0.0440
56780.3187 3.7000 0.0463
56744.5276 3.6578 0.0448
57433.5379 3.2577 0.0318
57223.3746 2.4621 0.0347
56715.5630 3.5575 0.0398
56781.3610 3.8176 0.0502
57220.2754 2.5506 0.0349
56811.4451 3.8294 0.0410
56722.4603 3.6017 0.0416
57508.4204 3.3156 0.0349
56807.3013 3.8802 0.0411
56841.3295 3.5536 0.0483
57567.3072 3.0556 0.0366
56712.4916 3.5739 0.0428
57547.4049 3.1983 0.0329
56772.5497 3.6787 0.0501
57104.4873 2.9680 0.0435
57213.2988 2.6027 0.0378
56829.3180 3.8192 0.0544
57166.3406 2.8132 0.0641
57185.4755 2.5012 0.0423
57078.4806 2.7813 0.0488
56865.2991 3.6410 0.0561
57105.5696 2.8963 0.0785
53770.6220 3.5710 0.0279
54620.3581 4.7372 0.0512
