57420.5565 15.6070 0.0323
56743.5338 20.7475 0.0520
56803.4496 19.1966 0.0518
56741.6091 20.6989 0.0614
57492.5464 14.6728 0.0438
57479.5475 15.3639 0.0464
56811.4351 19.7566 0.0499
56715.5531 20.9799 0.0515
56841.3194 19.3820 0.0552
57567.2972 13.8489 0.0422
56723.4918 20.9981 0.0567
57508.4109 14.8931 0.0412
56839.3149 19.1695 0.0539
56835.3208 19.6190 0.0502
56751.3454 20.7766 0.0554
56781.3513 20.4434 0.0565
57216.2774 17.6700 0.0451
57220.2649 17.5230 0.0449
57223.3642 17.7869 0.0447
56833.3271 19.3550 0.0506
56778.2990 20.4385 0.0541
56837.3228 19.3926 0.0516
56776.4615 20.3846 0.0527
57433.5287 15.5313 0.0408
57185.4635 16.7962 0.0460
57213.2890 17.8312 0.0418
56783.3436 20.5710 0.0587
57157.4452 16.5450 0.0450
56772.5386 20.1383 0.0579
56798.4238 19.7509 0.0492
57160.3675 16.4995 0.0407
56805.4117 19.6906 0.0533
57542.3618 14.0268 0.0402
56807.2914 19.6306 0.0547
56780.3086 20.4967 0.0564
56722.4496 21.2421 0.0528
57547.3954 13.8765 0.0402
56801.3471 19.7467 0.0525
57520.3138 14.5788 0.0435
56744.5298 20.9050 0.0538
56712.4818 21.2692 0.0536
57194.4110 17.7963 0.0440
56831.3182 19.5972 0.0504
56809.4586 19.6927 0.0574
57133.5997 15.9408 0.0527
57191.4317 17.3052 0.0471
57459.5477 15.4297 0.0530
57123.5441 16.5910 0.0792
57134.4725 16.3051 0.0691
57104.4669 16.6313 0.0819
53770.5980 20.7767 0.0315
57078.4484 17.5677 0.0981
54620.3637 19.4360 0.0575
57166.3310 16.4259 0.0893
57195.4023 17.8303 0.1211
57105.5621 17.3188 0.1175
