56801.3688 2.1803 0.0388
56833.3478 2.1308 0.0371
53147.4525 3.3762 0.0078
52730.5980 3.8649 0.0280
56744.5358 2.3036 0.0428
56776.4795 2.2247 0.0393
56772.5585 2.1175 0.0470
56723.5097 2.4197 0.0411
56781.3691 2.0183 0.0466
53122.4995 3.2665 0.0085
56831.3363 2.2009 0.0360
57213.3079 2.1236 0.0299
57223.3832 2.2683 0.0342
57134.4907 2.8677 0.0384
56722.4684 2.3977 0.0383
56839.3341 2.1643 0.0423
57160.5054 2.6131 0.0371
56751.3634 2.2724 0.0404
56805.4306 2.2229 0.0398
57542.3791 2.0472 0.0294
57123.5698 2.9796 0.0542
56809.4772 2.2036 0.0451
57479.5663 2.0345 0.0371
57420.5776 1.6779 0.0400
56803.4885 2.2486 0.0511
56837.3417 2.0774 0.0385
56835.3395 2.2547 0.0366
57547.4125 1.9978 0.0305
57492.5660 2.1067 0.0351
56715.5711 2.4583 0.0360
57191.4517 2.4724 0.0360
56712.4997 2.3561 0.0389
56778.3170 2.2455 0.0415
57220.2845 2.1061 0.0340
57157.4650 2.6380 0.0378
56807.3096 2.0432 0.0399
56780.3275 2.0901 0.0424
56811.4533 2.2146 0.0369
56841.3393 2.1648 0.0429
57216.2975 2.1585 0.0324
56783.3659 2.3618 0.0503
56741.6277 2.2042 0.0592
57185.4838 2.3509 0.0516
57166.3513 2.4595 0.0427
56798.4432 2.3914 0.0569
57433.5476 1.8839 0.0409
57520.3344 1.9199 0.0531
57078.4898 2.8290 0.0473
57105.5730 3.1053 0.0556
57508.4294 2.0733 0.0454
57104.5182 2.7986 0.0527
54620.3618 3.6589 0.0465
