57420.5495 2.0223 0.0305
56743.5067 1.9701 0.0450
57194.4042 2.2938 0.0348
57547.3894 1.8872 0.0318
57433.5227 2.0589 0.0311
57459.5423 2.0243 0.0351
57160.3607 2.2849 0.0325
57133.4154 2.1920 0.0348
57157.4382 2.1890 0.0390
56841.3128 2.3837 0.0505
57216.2706 2.2054 0.0343
57223.3574 2.1431 0.0352
57479.5414 1.9141 0.0373
57213.2820 2.3204 0.0317
57220.2575 2.2295 0.0408
57520.3067 1.6958 0.0391
57567.2966 1.9615 0.0432
57508.4044 1.8211 0.0338
57542.3556 1.8483 0.0317
57185.4561 2.2158 0.0481
56751.3382 1.6991 0.0600
57492.5382 1.7188 0.0457
56839.3078 2.4347 0.0563
57078.4410 1.9224 0.0538
56778.2920 2.1434 0.0585
56772.5306 2.1541 0.0643
56837.3159 2.4029 0.0526
56801.3402 2.3229 0.0564
56783.3355 2.3410 0.0687
56780.3013 2.1114 0.0628
57191.4231 2.2856 0.0444
56798.4168 2.4202 0.0492
57460.4772 2.0107 0.0935
56835.3138 2.4324 0.0660
56833.3201 2.5728 0.0677
56741.5882 1.7574 0.1103
57123.5324 2.0981 0.0728
56723.4848 2.0680 0.0704
57195.4008 2.3284 0.0553
56722.4425 2.0376 0.0724
56744.5482 2.1593 0.0768
56807.2844 2.5571 0.0716
56803.4002 2.4194 0.0817
57166.3209 2.2946 0.0711
56715.5456 1.5800 0.0600
57105.5603 1.9068 0.0538
56776.4544 2.1410 0.0737
56781.3443 2.3278 0.0875
56831.3111 2.4846 0.0673
56712.4748 1.7857 0.0710
56805.4046 2.3912 0.0713
57134.4685 2.2590 0.0626
57104.4590 1.7219 0.0658
56809.4497 1.7140 0.1035
56721.5940 2.1425 0.1243
57419.5304 2.0949 0.1086
56811.4291 2.7022 0.0948
54620.3656 2.5454 0.0488
