57420.5763 1.2323 0.0287
52730.5987 3.2611 0.0242
56776.4795 1.8536 0.0402
56772.5585 1.7378 0.0483
56781.3691 1.7095 0.0480
53122.4995 3.0125 0.0086
57223.3832 1.5062 0.0339
57520.3333 2.0350 0.0383
57542.3791 1.5932 0.0296
57213.3079 1.2924 0.0293
57433.5460 1.1763 0.0286
56778.3170 1.6617 0.0421
57220.2845 1.3250 0.0337
56780.3275 1.7608 0.0436
57216.2975 1.1122 0.0315
56783.3659 1.7223 0.0513
56801.3690 1.6722 0.0538
56833.3445 1.4605 0.0553
56807.3085 1.7540 0.0596
56722.4674 1.9631 0.0539
56841.3382 1.5720 0.0628
56831.3353 1.5247 0.0508
57508.4274 1.8054 0.0454
56744.5348 1.9348 0.0609
57185.4833 1.2128 0.0535
56723.5087 2.0836 0.0589
56741.6263 2.0414 0.0847
57492.5650 1.6330 0.0490
56798.4412 1.7602 0.0550
56712.4987 1.8754 0.0556
57157.4639 1.1436 0.0512
56839.3331 1.6463 0.0605
57479.5652 1.3363 0.0527
56751.3624 1.9668 0.0586
56805.4296 1.6647 0.0560
57078.4898 1.4618 0.0456
57160.5043 1.3288 0.0523
56811.4523 1.7170 0.0528
56809.4762 1.6942 0.0612
57134.4895 1.1358 0.0536
57191.4505 1.1936 0.0492
56837.3407 1.3598 0.0544
56835.3385 1.5145 0.0511
56715.5701 2.1429 0.0520
57547.4116 1.6951 0.0439
57105.5725 1.3550 0.0734
57123.5694 1.1928 0.0660
57104.5182 1.3150 0.0495
57166.3502 1.1848 0.0649
54620.3618 2.5836 0.0442
