57420.5625 24.5226 0.0455
56833.3397 14.2407 0.0469
53472.5316 10.5311 0.0126
56712.4876 14.2010 0.0580
56783.3499 14.7646 0.0674
56715.5589 14.0732 0.0554
57157.4515 17.1839 0.0557
56722.4562 14.3418 0.0572
56809.4644 14.5227 0.0622
56839.3207 14.1763 0.0598
56841.3254 14.2882 0.0626
56781.3570 14.8451 0.0637
56835.3266 14.0424 0.0558
56811.4410 14.4686 0.0567
57492.5529 25.9451 0.0618
56751.3512 15.0210 0.0616
57133.6087 17.1829 0.0647
57213.2951 20.1279 0.0540
56780.3146 14.6468 0.0617
57160.3736 17.0495 0.0511
57123.5514 17.4196 0.0646
56772.5452 14.7687 0.0657
57191.4374 18.0099 0.0582
56805.4182 14.6846 0.0607
56744.5234 14.8710 0.0591
57223.3703 20.6521 0.0578
57547.4010 23.0554 0.0587
57220.2711 20.1069 0.0582
56741.6082 14.7632 0.0723
56803.4723 14.7881 0.0639
57508.4165 25.5135 0.0626
56831.3240 14.1311 0.0558
57134.4821 17.4888 0.0634
56807.2972 14.7552 0.0596
57433.5341 25.8624 0.0603
56778.3048 15.0470 0.0611
56798.4301 14.9461 0.0557
56837.3290 14.2910 0.0584
53500.3431 10.3238 0.0122
56801.3529 14.9113 0.0599
57567.3029 22.2010 0.0628
56776.4673 14.6910 0.0593
57542.3673 23.1928 0.0576
57216.2834 20.2401 0.0580
57479.5533 25.5978 0.0612
57520.3201 24.4251 0.0610
56723.4975 14.1863 0.0594
57078.4761 16.9501 0.0659
57166.3371 17.1385 0.0623
53474.4540 10.3548 0.0178
57185.4701 17.6621 0.0820
57104.4732 17.3178 0.1132
