57420.5625 36.5326 0.0530
56833.3397 32.5318 0.0632
56712.4876 32.9552 0.0779
56783.3499 32.3984 0.0837
56715.5589 32.8065 0.0755
57157.4515 38.1346 0.0750
56722.4562 32.4508 0.0767
56809.4644 32.3926 0.0824
56839.3207 32.3163 0.0796
56841.3254 32.4734 0.0801
56781.3570 32.4353 0.0815
56811.4410 32.1902 0.0762
57492.5529 35.6510 0.0714
56751.3512 32.0487 0.0797
56837.3290 32.5375 0.0782
57133.6087 36.2343 0.0819
57213.2951 39.9721 0.0718
56780.3146 32.3321 0.0795
57160.3736 38.2773 0.0709
57123.5514 36.2150 0.0769
56772.5452 32.5975 0.0823
53472.5300 34.1221 0.0203
57191.4374 39.2401 0.0784
56805.4182 32.2089 0.0799
56744.5234 31.9451 0.0771
57223.3703 39.7626 0.0751
57547.4010 34.0588 0.0702
57220.2711 39.7539 0.0767
56741.6082 34.1307 0.0899
56803.4723 32.3253 0.0819
57508.4165 34.6578 0.0721
56831.3240 32.6371 0.0762
57134.4821 36.2335 0.0821
56807.2972 32.8390 0.0802
57433.5341 36.9327 0.0713
56778.3048 32.4810 0.0796
56798.4301 20.9545 0.0630
56835.3266 32.6228 0.0760
56801.3529 32.4322 0.0786
57567.3029 35.2036 0.0770
56776.4673 32.5124 0.0783
57542.3673 34.3334 0.0691
57216.2834 39.6949 0.0765
57479.5533 35.9057 0.0703
57520.3201 34.4069 0.0698
56723.4975 32.6539 0.0794
57078.4761 33.8245 0.0856
57166.3371 38.6130 0.0815
57185.4701 38.8554 0.1080
53474.4508 34.2510 0.0378
57104.4732 34.9190 0.1503
