57420.5729 3.3288 0.0433
57542.3762 3.3040 0.0455
57191.4483 3.5389 0.0520
57157.4616 3.6528 0.0549
56811.4503 3.2375 0.0567
56837.3387 2.8225 0.0583
56776.4765 2.6864 0.0578
57216.2933 3.4359 0.0518
57547.4097 3.5114 0.0472
56831.3332 2.8895 0.0538
57508.4254 3.5904 0.0501
56723.5066 3.5369 0.0620
56722.4653 3.6029 0.0585
56715.5680 3.2209 0.0540
56801.3622 3.5277 0.0643
57213.3047 3.4350 0.0464
57078.4864 3.2607 0.0498
57134.4872 4.1285 0.0561
57160.5021 3.8675 0.0546
56835.3364 3.4964 0.0562
57223.3800 3.4564 0.0516
56833.3424 3.4070 0.0562
56805.4276 3.3811 0.0618
56772.5552 2.7243 0.0714
56807.3065 3.0505 0.0570
57220.2812 3.2548 0.0507
56841.3362 3.6449 0.0678
57520.3300 3.9152 0.0568
56741.6233 2.8442 0.0808
57492.5628 3.8448 0.0501
56744.5328 3.6562 0.0620
57433.5426 3.7925 0.0464
56798.4392 2.9336 0.0568
56781.3661 2.7308 0.0657
56839.3310 3.6991 0.0645
56809.4739 2.7533 0.0625
56783.3628 2.9105 0.0742
56780.3244 2.8837 0.0626
57479.5630 3.8031 0.0558
56712.4967 3.4809 0.0598
56778.3139 2.7917 0.0632
57185.4800 3.8588 0.1115
56803.4846 2.5361 0.1197
57104.5148 3.6647 0.0749
57166.3465 3.6305 0.0939
57105.5716 3.5131 0.0787
