56801.3749 8.0964 0.0333
53081.5383 11.4775 0.0078
52698.6084 10.8890 0.0136
57420.5809 8.8104 0.0359
56833.3526 7.6936 0.0410
57191.4580 8.5982 0.0406
56712.5038 7.5218 0.0494
56778.3210 8.2687 0.0540
57492.5703 8.5515 0.0462
57479.5706 8.8193 0.0463
56807.3136 7.9782 0.0493
57216.3027 8.4693 0.0447
56780.3316 8.0897 0.0536
56811.4574 8.0216 0.0492
56809.4820 8.0669 0.0548
56781.3732 8.0783 0.0562
56783.3699 8.2567 0.0620
57433.5504 9.3946 0.0422
56715.5752 7.5204 0.0466
56841.3435 7.7008 0.0545
56744.5399 7.4802 0.0533
56723.5137 7.4125 0.0505
57134.4954 8.9859 0.0467
56751.3675 7.6475 0.0511
57123.5755 8.8698 0.0612
56798.4478 8.0646 0.0535
56772.5627 8.0556 0.0593
57223.3876 8.3910 0.0447
56835.3435 7.6312 0.0479
57547.4163 7.9003 0.0417
57220.2890 8.4276 0.0432
56805.4347 8.0080 0.0526
57542.3828 7.7560 0.0399
56776.4836 8.1563 0.0499
57213.3122 8.3538 0.0406
57520.3376 8.2614 0.0454
56831.3404 7.8011 0.0475
56837.3458 7.6510 0.0505
56839.3381 7.6986 0.0555
56722.4730 7.6543 0.0510
57508.4323 8.5375 0.0432
56803.4932 8.1890 0.0807
56741.6331 7.5150 0.0892
57157.4700 8.8769 0.0524
57166.3553 8.8231 0.0582
57185.4913 8.6606 0.0681
52816.2990 7.1196 0.0167
57160.5099 8.6789 0.0654
57078.4942 8.0766 0.0630
57104.5235 8.6518 0.0919
57105.5754 8.7285 0.1013
