56743.5067 1.6299 0.0287
57420.5495 1.5477 0.0295
57567.2958 1.4783 0.0351
57508.4044 1.5764 0.0327
56776.4550 1.6279 0.0413
56780.3019 1.4798 0.0468
56803.4007 1.4317 0.0454
56831.3117 1.4214 0.0370
56778.2926 1.6226 0.0439
56835.3144 1.5205 0.0369
57542.3556 1.5419 0.0304
57547.3894 1.6085 0.0307
56723.4853 1.7088 0.0407
56805.4052 1.3961 0.0400
57433.5227 1.5497 0.0295
57459.5423 1.5057 0.0334
57160.3607 1.4359 0.0300
56712.4754 1.8153 0.0414
57133.4154 1.5085 0.0325
57194.4042 1.3717 0.0320
56715.5467 1.8315 0.0390
57157.4382 1.3427 0.0363
56744.5487 1.6354 0.0436
56781.3448 1.6542 0.0493
56841.3128 1.4134 0.0459
57216.2706 1.4603 0.0318
57223.3574 1.3909 0.0327
56751.3388 1.5572 0.0456
56837.3164 1.5778 0.0393
56833.3206 1.4679 0.0376
57479.5414 1.5180 0.0362
57213.2820 1.5140 0.0293
56722.4431 1.5776 0.0403
57220.2575 1.4995 0.0390
56839.3084 1.5799 0.0420
56801.3407 1.5267 0.0421
57520.3067 1.6976 0.0385
56809.4513 1.4796 0.0410
56783.3361 1.5300 0.0517
56798.4174 1.5468 0.0367
56807.2850 1.4887 0.0394
56811.4286 1.4674 0.0366
57185.4561 1.3155 0.0451
57492.5382 1.5401 0.0443
57078.4405 1.5593 0.0354
57191.4231 1.4016 0.0411
57460.4772 1.4259 0.0882
57195.4008 1.5008 0.0511
57166.3209 1.3638 0.0676
57123.5324 1.5601 0.0705
56741.5907 1.4485 0.0768
56772.5324 1.5840 0.0669
57105.5603 1.5435 0.0509
57134.4685 1.6273 0.0585
52816.3024 1.6935 0.0195
56721.5940 1.5703 0.1127
57104.4590 1.5923 0.0629
54620.3656 1.7461 0.0425
53770.6182 1.6273 0.0227
