56801.3749 4.3982 0.0301
56833.3547 4.2263 0.0459
56811.4574 4.1681 0.0433
56809.4820 4.1747 0.0492
52816.2938 4.1278 0.0106
56805.4347 4.3507 0.0471
56807.3136 4.4625 0.0438
57420.5822 4.4891 0.0448
56803.4932 4.2474 0.0735
56783.3709 4.5770 0.0791
57433.5514 4.3064 0.0475
56839.3391 4.2970 0.0713
56841.3445 4.2332 0.0701
57185.4913 3.8100 0.0591
57220.2902 3.7935 0.0508
57134.4965 3.5864 0.0573
57213.3132 3.8186 0.0476
56831.3414 4.1103 0.0585
56741.6355 4.1348 0.0932
57508.4332 3.8242 0.0503
56835.3446 4.1607 0.0598
56715.5762 4.0922 0.0583
57123.5770 3.5661 0.0802
57547.4172 3.3847 0.0476
56772.5638 4.4915 0.0764
57166.3562 4.1395 0.0599
57216.3038 3.7026 0.0514
56776.4846 4.4417 0.0619
56778.3220 4.4575 0.0678
57191.4577 4.1224 0.0535
56722.4745 3.9568 0.0634
56723.5148 4.2243 0.0635
56751.3686 4.5692 0.0654
57492.5714 3.9802 0.0535
56744.5410 4.2712 0.0685
57223.3887 3.6235 0.0523
56798.4488 4.4268 0.0693
57520.3387 3.7431 0.0559
56712.5048 3.8578 0.0615
56781.3742 4.4232 0.0713
56837.3468 4.3192 0.0640
57542.3838 3.5062 0.0455
56780.3326 4.6019 0.0690
57479.5717 3.9984 0.0573
57157.4705 4.0093 0.0577
57078.4947 3.2325 0.0845
57104.5235 3.4533 0.0749
57105.5754 3.1102 0.0824
57160.5116 4.1227 0.0657
