52730.5719 1.3319 0.0236
53911.3288 1.7729 0.0171
53851.4182 1.6935 0.0147
56801.3749 2.2744 0.0289
53462.4825 1.8255 0.0217
53586.2942 1.3526 0.0103
53524.3013 1.6104 0.0089
53853.4328 1.7115 0.0158
54186.5147 1.8255 0.0159
53847.5758 1.6676 0.0208
54531.5740 2.0329 0.0081
57420.5809 2.5285 0.0310
53466.6127 1.8724 0.0102
53583.3046 1.4277 0.0105
52710.6183 1.2511 0.0125
53799.4817 1.4189 0.0158
52817.2960 1.4259 0.0230
54624.3824 2.1647 0.0102
54262.4012 1.8710 0.0118
57191.4580 2.6188 0.0346
53505.3888 1.7133 0.0164
56833.3526 2.6385 0.0356
53769.6082 1.2742 0.0094
54561.4254 2.2089 0.0103
53146.4901 1.7499 0.0114
54151.6503 1.7843 0.0119
54153.5968 1.8001 0.0110
54117.6461 1.6446 0.0097
54524.5266 2.1455 0.0171
53553.4142 1.4314 0.0109
54144.5888 1.6263 0.0110
53578.3431 1.4126 0.0151
53411.6236 1.7855 0.0102
54511.5807 2.0206 0.0087
54213.5722 1.7810 0.0134
54614.3924 2.2164 0.0114
53936.3074 1.7412 0.0112
54255.3352 2.2007 0.0164
54600.4459 2.2115 0.0269
53446.5324 1.5900 0.0106
54621.4059 2.0328 0.0105
54266.2923 1.7911 0.0109
54557.5455 2.2561 0.0110
54234.4877 1.9670 0.0109
53859.3669 1.7093 0.0147
53200.2667 1.8994 0.0110
53473.5879 1.8330 0.0126
53121.5132 1.7986 0.0107
54591.3863 2.1293 0.0101
54179.5219 1.8622 0.0107
54563.4941 2.2185 0.0116
52813.3474 1.4254 0.0133
54209.4939 1.7888 0.0110
54588.5522 2.0519 0.0146
53175.3845 1.9008 0.0105
53883.3893 1.8471 0.0118
53109.5778 1.6692 0.0153
53551.3290 1.3473 0.0103
53939.3067 1.6823 0.0112
53875.3594 1.7451 0.0104
53772.6264 1.2775 0.0112
52792.4193 1.3189 0.0188
54535.5077 2.1971 0.0101
53943.3027 1.7296 0.0112
54259.3128 2.1240 0.0103
53138.4614 1.7654 0.0117
53469.5188 1.8423 0.0111
53178.3751 1.9609 0.0104
53149.3330 1.6576 0.0106
53906.3684 1.7251 0.0128
52722.5967 1.3030 0.0227
53390.6489 1.9214 0.0114
53531.3615 1.5957 0.0109
53527.3526 1.6128 0.0105
53916.3248 1.6432 0.0141
53117.4850 1.7527 0.0104
53766.6170 1.1373 0.0096
53495.4394 1.5244 0.0111
54176.5642 1.8661 0.0109
54124.6309 1.6641 0.0101
54205.4858 1.6046 0.0122
54594.4526 2.1415 0.0104
53165.4100 1.9316 0.0104
54618.4140 2.2383 0.0105
54570.4300 2.1111 0.0232
53122.4995 1.8692 0.0071
53195.3465 1.8748 0.0104
53743.6336 1.2184 0.0092
53083.6071 1.7812 0.0113
54229.4787 1.9220 0.0185
53518.4479 1.6848 0.0235
54538.5772 2.2057 0.0123
54113.6612 1.7136 0.0142
53855.4161 1.7073 0.0109
53502.3879 1.5450 0.0119
54597.4509 2.1612 0.0103
53892.3770 1.8541 0.0214
54120.6630 1.6891 0.0142
53879.3083 1.8250 0.0115
53888.4064 1.8294 0.0123
54528.5221 2.2020 0.0093
56712.5038 2.2561 0.0421
52791.4573 0.9703 0.0189
56751.3675 2.3495 0.0438
57433.5504 2.4937 0.0328
56744.5399 2.3981 0.0462
56837.3458 2.6314 0.0436
56772.5627 2.3376 0.0514
57220.2890 2.6304 0.0358
57542.3828 2.6752 0.0333
56776.4836 2.3722 0.0418
57520.3376 2.6408 0.0395
57216.3027 2.6947 0.0370
56715.5752 2.1326 0.0392
56839.3381 2.5364 0.0484
56811.4574 2.3257 0.0412
56741.6340 2.6316 0.0644
56783.3699 2.2783 0.0546
56723.5137 2.3808 0.0436
56798.4478 2.2824 0.0459
57547.4163 2.7536 0.0353
54183.5063 1.8069 0.0129
57213.3122 2.5746 0.0330
56805.4347 2.2769 0.0448
56831.3404 2.5238 0.0403
57134.4954 3.0953 0.0397
56778.3210 2.3658 0.0457
56807.3136 2.2024 0.0410
56780.3316 2.2826 0.0456
56841.3435 2.7051 0.0481
56781.3732 2.2771 0.0483
57123.5755 3.0413 0.0561
54201.4545 1.7858 0.0128
57479.5706 2.4027 0.0394
56722.4730 2.3375 0.0438
57508.4323 2.6580 0.0357
56809.4820 2.1454 0.0470
57492.5703 2.6071 0.0391
57223.3876 2.5814 0.0373
56835.3435 2.5648 0.0409
53463.5851 1.7862 0.0211
53500.3158 1.7693 0.0124
53523.4194 1.6034 0.0181
52790.3997 1.3932 0.0219
56803.4932 2.2341 0.0714
52721.6252 1.2910 0.0358
57157.4700 3.1001 0.0444
57166.3553 2.7873 0.0497
54620.3574 2.1570 0.0352
57160.5099 2.9966 0.0552
53563.3409 1.4246 0.0294
57078.4942 3.1577 0.0547
57185.4913 2.5242 0.0584
53890.4800 1.7132 0.0650
53198.3064 1.9718 0.0922
57105.5754 3.1655 0.0869
57104.5235 3.1818 0.0774
