57420.5752 2.4448 0.0240
56801.3671 2.2650 0.0329
56833.3463 2.2936 0.0307
56778.3160 2.2561 0.0346
56807.3086 2.2096 0.0325
56780.3265 2.3452 0.0351
57216.2961 2.2386 0.0272
57223.3821 2.2666 0.0279
57492.5649 2.4437 0.0287
56783.3648 2.3510 0.0412
56744.5348 2.1562 0.0343
56776.4785 2.2892 0.0324
57508.4274 2.4128 0.0272
56781.3681 2.2725 0.0380
56722.4674 2.1455 0.0311
57157.4639 2.1110 0.0301
57520.3322 2.5099 0.0312
56741.6263 2.1532 0.0467
57213.3068 2.2636 0.0249
56805.4296 2.3885 0.0333
56712.4987 2.1178 0.0318
56839.3331 2.2059 0.0348
57479.5652 2.5578 0.0310
56751.3624 2.2483 0.0333
56835.3385 2.1922 0.0302
57433.5449 2.4956 0.0252
56841.3382 2.1596 0.0356
57542.3781 2.7272 0.0257
56809.4761 2.1691 0.0363
57160.5043 2.0830 0.0295
56772.5574 2.2540 0.0390
56798.4412 2.2091 0.0318
56837.3407 2.2077 0.0320
57134.4895 1.9987 0.0301
56811.4523 2.2747 0.0308
56831.3353 2.2306 0.0298
57191.4505 2.3045 0.0288
57220.2834 2.2635 0.0280
56715.5701 2.1555 0.0292
57547.4116 2.5735 0.0263
56723.5087 2.2711 0.0336
56803.4877 2.2029 0.0471
57123.5698 2.0782 0.0531
57185.4829 2.3179 0.0468
57166.3501 2.1467 0.0387
57078.4881 1.8882 0.0329
57105.5725 2.0580 0.0431
53147.4621 1.6874 0.0115
57104.5165 1.9885 0.0434
54620.3618 2.4754 0.0425
