56801.3749 2.4059 0.0280
57420.5809 2.3022 0.0296
56833.3526 2.3614 0.0338
57191.4580 2.5950 0.0329
52816.2955 3.0225 0.0093
56712.5038 2.5655 0.0412
56778.3210 2.5984 0.0448
57492.5703 2.2708 0.0364
57479.5706 2.2073 0.0379
56807.3136 2.3395 0.0394
57216.3027 2.7030 0.0349
56780.3316 2.6503 0.0451
56811.4574 2.5583 0.0400
56741.6340 2.5078 0.0629
56809.4820 2.4073 0.0459
56783.3699 2.5376 0.0541
57433.5504 2.2009 0.0301
56715.5752 2.5343 0.0381
57508.4323 2.4110 0.0331
56841.3435 2.4436 0.0467
56744.5399 2.6520 0.0456
56723.5137 2.5272 0.0424
57134.4954 2.6112 0.0378
56751.3675 2.6423 0.0431
56781.3732 2.5195 0.0474
57123.5755 2.6325 0.0546
56798.4478 2.3766 0.0450
56772.5627 2.6734 0.0516
57223.3876 2.7522 0.0360
56835.3435 2.4085 0.0390
57547.4163 2.3326 0.0321
57220.2890 2.6903 0.0339
56805.4347 2.5530 0.0437
57542.3828 2.3576 0.0305
56776.4836 2.5935 0.0410
57213.3122 2.7369 0.0316
57520.3376 2.3698 0.0379
56831.3404 2.3680 0.0383
56837.3458 2.3367 0.0417
56839.3381 2.4041 0.0467
56722.4730 2.5431 0.0423
56803.4932 2.3236 0.0695
57157.4700 2.6628 0.0422
57166.3553 2.6064 0.0477
57185.4913 2.6383 0.0567
57160.5099 2.5176 0.0524
57078.4942 2.5942 0.0502
57104.5235 2.7691 0.0719
57105.5754 2.6710 0.0804
