57420.5648 1.8808 0.0283
53472.5316 2.8492 0.0096
57191.4456 2.2206 0.0335
56833.3407 2.4068 0.0368
57134.4846 2.3928 0.0371
56839.3248 2.3025 0.0434
56751.3553 2.4661 0.0443
56831.3281 2.3017 0.0378
56783.3558 2.3667 0.0557
57520.3246 2.2702 0.0381
56723.5016 2.5680 0.0429
56805.4223 2.3083 0.0426
57479.5576 1.9232 0.0372
57123.5575 2.4263 0.0535
57542.3711 2.3492 0.0307
57160.3779 2.2649 0.0309
57157.4560 2.2367 0.0374
56776.4714 2.5312 0.0410
56798.4341 2.3977 0.0384
56835.3306 2.4077 0.0385
56803.4771 2.3091 0.0502
56837.3334 2.2682 0.0406
57492.5572 2.0456 0.0356
56809.4686 2.3890 0.0432
56741.6140 2.4864 0.0597
57216.2878 2.3459 0.0343
56778.3088 2.4404 0.0430
56801.3570 2.3105 0.0419
56780.3187 2.5052 0.0448
56744.5276 2.5608 0.0439
57433.5379 1.9910 0.0296
57223.3746 2.1809 0.0346
56715.5630 2.6132 0.0391
56781.3610 2.4515 0.0483
57220.2754 2.2510 0.0349
56811.4451 2.3564 0.0387
56722.4603 2.6772 0.0410
57508.4204 2.2251 0.0332
56807.3013 2.1773 0.0382
56841.3295 2.3521 0.0468
57567.3072 2.3145 0.0357
56712.4916 2.6545 0.0424
57547.4049 2.2808 0.0317
56772.5497 2.3676 0.0487
57213.2988 2.2962 0.0376
57104.4873 2.4295 0.0431
53474.4540 2.8274 0.0129
57166.3406 2.3669 0.0635
57185.4755 2.4251 0.0420
57078.4806 2.2656 0.0481
57105.5696 2.4281 0.0778
53770.6220 2.9503 0.0267
54620.3581 2.7132 0.0455
