56801.3716 5.9697 0.0301
57420.5775 6.5773 0.0279
57191.4549 6.4248 0.0322
56833.3480 5.7859 0.0368
52730.5987 4.3114 0.0261
56809.4784 6.0146 0.0435
56722.4695 5.8735 0.0377
56798.4437 5.8843 0.0384
56839.3351 5.8398 0.0411
57433.5472 6.8251 0.0327
57542.3800 7.0000 0.0330
56805.4316 5.9892 0.0391
57223.3843 6.2334 0.0342
57520.3344 6.9288 0.0366
56715.5721 5.9285 0.0356
56712.5007 5.7988 0.0375
57508.4293 7.0815 0.0346
57220.2856 6.1991 0.0341
57216.2989 6.2822 0.0339
56744.5368 5.9498 0.0406
57479.5673 7.0388 0.0366
56837.3427 5.9008 0.0381
57547.4135 7.0546 0.0342
56803.4899 5.9370 0.0477
56835.3405 5.8409 0.0364
56781.3701 5.9280 0.0436
57492.5671 7.0553 0.0374
56841.3403 5.8140 0.0406
57134.4919 6.4608 0.0356
57123.5712 6.4164 0.0468
56807.3106 5.9717 0.0395
56780.3285 6.0665 0.0405
56811.4543 5.9635 0.0369
56741.6294 5.8650 0.0519
56778.3180 6.0404 0.0402
56783.3669 6.0850 0.0462
56776.4806 6.0921 0.0382
56723.5107 5.9525 0.0393
56772.5595 6.0374 0.0440
57213.3090 6.2944 0.0311
56831.3373 5.9556 0.0362
56751.3644 6.0366 0.0390
57160.5059 6.5440 0.0407
57157.4658 6.4968 0.0391
57166.3518 6.6200 0.0452
57078.4911 6.4106 0.0453
57185.4838 6.2518 0.0602
54620.3644 3.3984 0.0344
57105.5730 6.6246 0.0674
57104.5182 6.6259 0.0661
53941.3231 4.1596 0.0357
53122.5123 3.7683 0.0182
