57420.5540 3.4087 0.0319
56743.5233 3.8051 0.0401
56803.4428 3.5559 0.0479
56741.6039 3.6453 0.0634
57220.2624 3.7476 0.0414
56801.3447 3.5077 0.0461
57133.5964 3.0226 0.0463
56722.4472 3.8787 0.0443
53471.4483 3.6295 0.0105
57547.3932 3.1524 0.0350
56723.4894 3.7366 0.0467
57194.4085 3.5480 0.0374
57433.5265 3.3308 0.0342
56798.4214 3.4690 0.0420
57223.3617 3.6908 0.0386
56751.3430 3.7068 0.0500
56783.3403 3.5546 0.0575
56772.5360 3.7337 0.0533
57185.4684 3.3063 0.0490
57160.3650 3.0329 0.0341
56841.3171 3.3525 0.0520
57542.3595 3.1739 0.0345
57157.4427 3.0048 0.0400
56712.4795 3.6711 0.0461
57459.5467 3.2273 0.0395
57216.2749 3.7877 0.0380
57520.3112 3.1128 0.0427
56811.4327 3.4968 0.0422
57567.2949 3.1669 0.0389
56715.5507 3.7691 0.0434
56839.3125 3.3996 0.0488
56780.3062 3.6717 0.0528
57479.5453 3.1269 0.0464
56805.4093 3.5085 0.0458
56835.3184 3.4774 0.0421
56744.5528 3.7719 0.0488
57508.4085 3.1300 0.0352
56781.3489 3.6417 0.0520
56776.4591 3.7014 0.0444
56837.3204 3.3731 0.0443
57078.4502 3.2438 0.0481
57213.2865 3.6470 0.0347
56831.3158 3.5467 0.0426
56778.2967 3.6720 0.0480
56833.3247 3.4279 0.0420
56807.2890 3.4334 0.0452
57492.5435 3.2485 0.0409
56809.4559 3.4606 0.0518
57134.4710 3.0540 0.0474
53467.4858 3.6440 0.0099
57195.4028 3.5857 0.0605
53884.4341 3.2779 0.0129
53883.4566 3.1282 0.0123
57123.5397 2.9058 0.1333
57104.4634 3.0708 0.0724
57191.4276 3.5748 0.0680
57105.5621 3.1222 0.0815
53474.4301 3.6049 0.0178
57166.3288 3.0836 0.0880
