57420.5582 2.0614 0.0289
56743.5381 2.2643 0.0430
56741.6094 2.1429 0.0605
53472.4702 2.9810 0.0084
56780.3104 2.4131 0.0485
56833.3288 2.2106 0.0397
57479.5491 2.0670 0.0399
56712.4835 2.2236 0.0418
56778.3007 2.1996 0.0429
56837.3245 2.2889 0.0417
57220.2668 1.7899 0.0334
57567.2988 1.6965 0.0314
56776.4632 1.7562 0.0411
57191.4328 1.6977 0.0350
56831.3199 2.3119 0.0385
57216.2792 1.6612 0.0332
56715.5548 2.1606 0.0385
57223.3660 1.7499 0.0344
56841.3211 2.2097 0.0493
57194.4128 1.8307 0.0339
56722.4512 2.1507 0.0407
56744.5188 2.1796 0.0420
57542.3634 1.7290 0.0313
56723.4935 2.1113 0.0461
56805.4134 2.2106 0.0431
57508.4126 1.8381 0.0319
57185.4654 1.6661 0.0390
56781.3529 2.2292 0.0484
57433.5303 2.0444 0.0304
56839.3166 2.2524 0.0440
56835.3225 2.2930 0.0384
57520.3156 1.8793 0.0403
56772.5406 2.0947 0.0539
56809.4595 2.2334 0.0429
56803.4668 2.2617 0.0489
56798.4255 2.2351 0.0382
56783.3458 1.8172 0.0526
57492.5483 1.9464 0.0376
57160.3693 1.8124 0.0302
57547.3970 1.8312 0.0310
57213.2908 1.7149 0.0301
56751.3471 2.2443 0.0455
57157.4471 1.7071 0.0375
57123.5441 1.8201 0.0651
57104.4669 1.7744 0.0589
57133.6028 1.8673 0.0517
56807.2921 2.3892 0.0644
57459.5499 2.0769 0.0482
57134.4738 1.9491 0.0571
57166.3310 1.7697 0.0644
56801.3478 2.2805 0.0603
56811.4358 2.0845 0.0544
