57420.5540 8.9048 0.0360
56743.5233 7.6521 0.0429
56803.4428 8.0712 0.0507
56741.6039 7.4759 0.0635
57220.2624 7.4011 0.0451
56801.3447 7.8211 0.0506
57133.5964 7.1185 0.0495
56722.4472 7.8797 0.0487
57547.3932 8.1160 0.0429
56723.4894 7.1379 0.0499
57194.4085 7.3053 0.0416
57433.5265 9.3990 0.0436
56798.4214 7.7906 0.0468
57223.3617 7.5171 0.0430
56751.3430 7.7835 0.0534
56783.3403 7.6903 0.0594
56772.5360 7.6384 0.0549
57185.4684 7.3520 0.0529
57160.3650 7.3244 0.0395
56841.3171 7.4656 0.0546
57542.3595 8.1743 0.0425
57157.4427 6.5062 0.0435
56712.4795 7.7574 0.0502
57459.5467 8.9150 0.0480
57216.2749 7.3732 0.0426
57520.3112 7.7862 0.0472
56811.4327 7.6712 0.0471
57567.2949 7.7463 0.0467
56715.5507 7.9123 0.0481
56839.3125 7.6006 0.0530
56780.3062 7.5156 0.0555
57479.5453 8.6951 0.0534
56805.4093 7.8266 0.0505
56835.3184 7.5605 0.0471
56744.5528 7.7707 0.0523
57508.4085 7.4654 0.0421
56781.3489 7.9141 0.0554
56776.4591 7.9455 0.0489
56837.3204 7.6229 0.0489
57078.4502 7.3160 0.0523
57213.2865 7.2797 0.0391
56831.3158 7.6590 0.0475
56778.2967 7.7052 0.0520
56833.3247 7.6422 0.0469
56807.2890 7.7070 0.0506
57492.5435 8.5482 0.0487
56809.4559 7.6554 0.0570
57134.4710 7.2826 0.0526
53884.4341 9.2749 0.0160
53883.4566 8.8466 0.0156
57195.4028 7.1591 0.0666
57123.5397 7.4716 0.1361
57104.4634 7.3927 0.0839
57191.4276 7.3286 0.0748
53467.4922 11.1302 0.0243
57105.5621 7.4890 0.0923
57166.3288 7.4092 0.0939
