57420.5582 4.1847 0.0304
56743.5383 2.8468 0.0423
53472.4934 4.9305 0.0097
56780.3104 2.8005 0.0476
56833.3288 3.0728 0.0408
57479.5491 3.9881 0.0422
56778.3007 2.8367 0.0432
56837.3245 2.9641 0.0420
57220.2668 3.6869 0.0366
57567.2988 4.7200 0.0374
56776.4632 1.9955 0.0411
56831.3199 2.9518 0.0393
57216.2792 3.5635 0.0365
56839.3166 2.9001 0.0443
57223.3660 3.5609 0.0372
57542.3634 4.5808 0.0371
56805.4134 2.8966 0.0436
57508.4126 4.0735 0.0364
57185.4654 3.5051 0.0410
56781.3529 2.7705 0.0477
56801.3488 2.9893 0.0429
57520.3156 4.1304 0.0425
56803.4668 2.9867 0.0486
56811.4368 2.8826 0.0391
56772.5406 2.7697 0.0531
56809.4595 3.0191 0.0435
56783.3458 2.8198 0.0521
57160.3693 3.6710 0.0335
57547.3970 4.4494 0.0363
56835.3225 2.9124 0.0392
57213.2908 3.5823 0.0333
57133.6028 3.4577 0.0538
57123.5441 3.9589 0.0659
57104.4669 4.0885 0.0646
56741.6134 2.9388 0.0816
56751.3461 2.9422 0.0649
56712.4825 3.0042 0.0603
56744.5177 2.9515 0.0600
56715.5538 2.9767 0.0565
56798.4244 2.8424 0.0547
57157.4460 3.5909 0.0570
56722.4502 3.0997 0.0603
56841.3222 2.7223 0.0686
57459.5499 3.8945 0.0525
56723.4924 2.9666 0.0643
56807.2921 2.8951 0.0642
57134.4738 3.9071 0.0614
57194.4118 3.4186 0.0515
57191.4316 3.5035 0.0533
57433.5294 3.9521 0.0484
57166.3310 4.0069 0.0678
57492.5472 3.8739 0.0528
54620.3631 5.2301 0.0515
