57479.5240 4.7078 0.0240
56715.4984 4.8686 0.0353
57420.5453 4.7786 0.0321
56803.4112 4.6644 0.0367
56743.5101 4.6605 0.0359
56741.5899 4.6865 0.0516
57567.2896 4.5865 0.0308
56723.4803 4.7720 0.0379
56781.3397 4.5961 0.0463
56809.4460 4.7706 0.0382
56721.5901 4.7795 0.0422
56798.4117 4.7428 0.0342
56778.2875 4.5735 0.0403
56805.4000 4.8058 0.0357
56837.3096 4.9532 0.0363
57520.3008 4.8091 0.0435
57542.3509 4.7759 0.0286
56776.4499 4.6308 0.0370
57460.4734 4.8268 0.0316
56833.3155 4.9621 0.0351
57508.3994 4.7755 0.0303
53475.5639 6.9386 0.0101
56780.2967 4.6784 0.0432
56835.3093 4.9049 0.0346
56831.3066 4.8984 0.0349
56744.5344 4.6674 0.0375
56751.3336 4.6676 0.0434
56811.4234 4.8069 0.0344
56783.3308 4.7087 0.0472
56841.3074 4.9596 0.0427
57492.5332 4.7256 0.0336
56801.3352 4.7380 0.0393
56839.3033 4.9730 0.0385
57459.5373 4.7204 0.0318
56772.5257 4.6334 0.0447
56807.2799 4.8135 0.0382
56712.4708 4.7926 0.0416
57433.5183 4.9719 0.0312
57216.2664 5.6734 0.0377
57160.3564 5.6161 0.0352
56829.3208 4.9099 0.0504
56800.5027 4.5724 0.0707
57213.2777 5.6762 0.0346
57194.3999 5.8256 0.0378
57133.4106 5.1978 0.0349
57220.2508 5.7882 0.0881
57223.3531 5.6128 0.0379
57157.4336 5.4531 0.0385
56722.4392 4.8526 0.0489
57547.3854 4.6636 0.0316
57419.5251 5.0300 0.0639
57191.4184 5.7002 0.0490
57104.4484 5.0912 0.0504
57185.4502 5.6948 0.0613
53883.4566 6.6635 0.0140
57123.5278 5.0471 0.0904
57134.4666 5.1348 0.0614
56711.5225 4.8900 0.0843
57195.3988 5.6865 0.0598
57078.4234 4.9827 0.0556
57166.3176 5.5665 0.1000
57156.4557 5.1790 0.0461
57155.3065 6.2771 0.3919
57105.5577 5.0036 0.0808
53467.5113 6.9846 0.0205
53770.6182 7.0971 0.0309
