57420.5625 9.5180 0.0349
56833.3397 10.9539 0.0432
53472.4934 10.2861 0.0115
56712.4876 8.2876 0.0499
56783.3499 7.9532 0.0596
56715.5589 8.2799 0.0473
57157.4515 9.6505 0.0470
56722.4562 8.2992 0.0490
56809.4644 6.0746 0.0504
56839.3207 11.0268 0.0557
56841.3254 11.0283 0.0586
56781.3570 8.3626 0.0555
56835.3266 11.0073 0.0515
56811.4410 6.6032 0.0458
57492.5529 8.8741 0.0438
56751.3512 9.2872 0.0542
56837.3290 11.0121 0.0540
57133.6087 10.6513 0.0575
57213.2951 10.7840 0.0434
56780.3146 9.1899 0.0549
57160.3736 10.9944 0.0438
57123.5514 11.1989 0.0590
56772.5452 9.6608 0.0594
57191.4374 8.9918 0.0472
56805.4182 7.1310 0.0504
56744.5234 9.4057 0.0521
57547.4010 8.8583 0.0419
57220.2711 10.7592 0.0471
56803.4723 5.9551 0.0528
57508.4165 8.5538 0.0433
56831.3240 10.8387 0.0512
57134.4821 11.0459 0.0555
56807.2972 10.3080 0.0531
57433.5341 9.7811 0.0423
56778.3048 9.5273 0.0537
56798.4301 10.4230 0.0499
56801.3529 6.3428 0.0486
57567.3029 9.1399 0.0467
56776.4673 9.7917 0.0529
57542.3673 8.8465 0.0411
57216.2834 10.7793 0.0465
57479.5533 9.2493 0.0462
57520.3201 9.1022 0.0473
56723.4975 8.4347 0.0516
57223.3703 10.6865 0.0464
57078.4761 12.1806 0.0591
57166.3371 11.1472 0.0553
57185.4701 10.4506 0.0698
56741.6097 7.7173 0.0908
57104.4732 11.2819 0.0978
