57420.5495 2.8312 0.0313
57194.4042 2.5866 0.0353
57547.3894 2.6755 0.0333
57433.5227 3.0108 0.0328
57459.5423 2.8778 0.0366
57160.3607 2.8483 0.0334
57157.4382 2.7300 0.0398
57216.2706 2.6398 0.0351
57078.4375 2.8712 0.0435
57479.5414 2.7661 0.0385
57213.2820 2.8206 0.0325
57220.2575 2.4458 0.0410
57520.3067 2.8973 0.0406
57542.3556 2.7588 0.0334
57492.5382 2.7264 0.0478
57223.3584 2.5935 0.0508
57508.4055 2.7102 0.0502
57133.4165 2.7341 0.0510
57166.3209 2.6344 0.0718
57123.5324 2.9267 0.0738
57195.4008 2.4688 0.0556
57185.4571 2.6562 0.0553
57134.4685 3.4191 0.0652
57191.4241 2.7258 0.0827
57567.3162 2.8425 0.1013
57104.4590 2.8602 0.0699
57105.5608 3.0736 0.0808
