56801.3749 11.4710 0.0339
57420.5809 15.9543 0.0399
52730.5987 9.8107 0.0307
56833.3526 11.7955 0.0434
57191.4580 15.1351 0.0453
53122.4995 11.2399 0.0105
56712.5038 11.5705 0.0519
56778.3210 11.3522 0.0550
57492.5703 17.3719 0.0557
57479.5706 16.9501 0.0531
56807.3136 11.6134 0.0516
57216.3027 15.5443 0.0519
56780.3316 11.4211 0.0548
56811.4574 11.6175 0.0513
56741.6340 11.5180 0.0692
56809.4820 11.6125 0.0563
56783.3699 11.5684 0.0618
57433.5504 16.8105 0.0507
56715.5752 11.7574 0.0499
56841.3435 11.9278 0.0564
56744.5399 11.6203 0.0555
56723.5137 11.9193 0.0536
57134.4954 14.3593 0.0509
56751.3675 11.5975 0.0533
56781.3732 11.5206 0.0573
57123.5755 13.9517 0.0619
56798.4478 11.4963 0.0545
56772.5627 11.4924 0.0599
57223.3876 15.3152 0.0509
56835.3435 11.7547 0.0509
57547.4163 16.6909 0.0522
57220.2890 15.5230 0.0501
56805.4347 11.5348 0.0543
57542.3828 16.9244 0.0508
56776.4836 11.4179 0.0514
57213.3122 15.5450 0.0476
57520.3376 17.0964 0.0531
56831.3404 11.8662 0.0506
56837.3458 11.8787 0.0533
56839.3381 11.9782 0.0581
56722.4730 11.6681 0.0537
57508.4323 17.1309 0.0531
56803.4932 11.4443 0.0805
57157.4700 14.8279 0.0578
57166.3553 14.8233 0.0633
57185.4913 14.9903 0.0743
57160.5099 14.7097 0.0724
57078.4942 13.3008 0.0700
57104.5235 13.7308 0.1022
57105.5754 13.5194 0.1108
