56801.3749 6.6713 0.0322
53081.5383 7.7785 0.0069
57420.5809 8.7425 0.0358
56833.3526 6.1734 0.0393
57191.4580 7.9847 0.0399
52816.2955 8.3641 0.0110
56712.5038 5.5289 0.0465
56778.3210 6.5316 0.0516
57492.5703 7.7864 0.0452
57479.5706 8.2164 0.0456
56807.3136 6.6952 0.0473
57216.3027 7.9542 0.0440
56780.3316 6.5062 0.0515
56811.4574 6.6392 0.0472
56741.6340 6.1093 0.0684
56809.4820 6.3913 0.0524
56783.3699 6.5241 0.0600
57433.5504 8.6852 0.0412
56715.5752 5.5397 0.0437
57508.4323 7.3250 0.0414
56841.3435 6.0088 0.0523
56744.5399 6.2394 0.0516
56723.5137 5.7948 0.0482
57134.4954 7.0644 0.0443
56751.3675 6.3182 0.0493
56781.3732 6.4197 0.0540
57123.5755 6.9970 0.0596
56798.4478 6.5670 0.0516
56772.5627 6.7173 0.0578
57223.3876 7.7946 0.0439
56835.3435 6.1283 0.0457
57547.4163 7.0410 0.0404
57220.2890 7.9400 0.0425
56805.4347 6.6192 0.0506
57542.3828 7.0036 0.0388
56776.4836 6.4752 0.0475
57213.3122 7.9370 0.0401
57520.3376 7.0608 0.0441
56831.3404 6.2246 0.0452
56837.3458 6.1088 0.0483
56839.3381 5.9367 0.0530
56722.4730 5.7085 0.0481
56803.4932 6.4150 0.0778
57157.4700 7.2446 0.0502
57166.3553 7.4840 0.0563
57185.4913 7.9301 0.0669
57160.5099 7.1471 0.0625
57078.4942 7.1301 0.0611
57104.5235 6.9746 0.0870
57105.5754 7.0016 0.0961
