56743.5069 9.9508 0.0359
57420.5495 9.6682 0.0386
52816.2955 10.3701 0.0120
57508.4044 9.3094 0.0482
56776.4550 10.5267 0.0563
56780.3019 10.2317 0.0601
56803.4007 9.6500 0.0592
56831.3117 9.3013 0.0514
57567.2972 9.0245 0.0545
56778.2926 10.3355 0.0585
56835.3144 9.7419 0.0515
57542.3556 8.6289 0.0454
57547.3894 8.1187 0.0445
56723.4853 11.2755 0.0565
56741.5892 9.9528 0.0664
56805.4052 9.7211 0.0544
57433.5227 10.3128 0.0463
56839.3084 9.7493 0.0557
57459.5423 10.0148 0.0500
57160.3607 9.2550 0.0437
56712.4754 11.3877 0.0571
57133.4154 9.1783 0.0454
57194.4042 9.1413 0.0455
56715.5467 11.4962 0.0555
57157.4382 9.2460 0.0496
56744.5487 9.9888 0.0572
56781.3448 10.4802 0.0623
56841.3128 9.8785 0.0579
57216.2706 9.4479 0.0466
57223.3574 9.6717 0.0471
56751.3388 9.6254 0.0581
56837.3164 9.7328 0.0532
56833.3206 9.5314 0.0520
57479.5414 9.3308 0.0482
57213.2820 9.4816 0.0433
56722.4431 11.2440 0.0567
57078.4375 9.0047 0.0513
57220.2575 9.6871 0.0492
56772.5313 10.2156 0.0596
56801.3407 9.5679 0.0558
57520.3067 9.0729 0.0491
56809.4513 9.5601 0.0554
56783.3361 10.4058 0.0630
56798.4174 9.5362 0.0505
56807.2850 9.5413 0.0546
56811.4286 9.4486 0.0507
57185.4561 9.1762 0.0598
57492.5382 9.7944 0.0634
57191.4231 9.1275 0.0571
57460.4772 9.7226 0.1132
57195.4008 8.9126 0.0712
57166.3209 9.6710 0.0860
57123.5324 9.4496 0.0819
57419.5298 6.6465 0.1975
57105.5603 9.4213 0.0719
57134.4685 8.6670 0.0769
56721.5940 11.1048 0.1485
57104.4590 9.2777 0.0922
54620.3656 6.8703 0.0599
53770.6182 8.0942 0.0325
