57420.5540 1.4370 0.0282
56803.4505 0.9480 0.0406
53472.4612 1.5781 0.0078
56743.5240 1.0642 0.0352
56841.3171 0.9576 0.0463
56801.3447 0.9727 0.0393
56722.4472 1.0324 0.0369
57547.3932 1.9610 0.0300
56723.4894 1.0192 0.0394
57508.4085 2.0814 0.0308
56798.4214 1.0148 0.0354
57223.3617 0.8455 0.0317
56751.3430 1.0431 0.0433
56783.3403 1.0650 0.0519
56772.5360 1.1560 0.0475
57160.3650 0.8708 0.0282
57542.3595 1.8989 0.0295
57157.4427 0.8882 0.0345
56712.4795 1.0585 0.0391
56781.3489 1.1096 0.0457
57459.5467 1.5584 0.0335
57216.2749 0.8353 0.0303
57520.3112 2.0602 0.0390
56807.2890 0.9007 0.0372
56811.4327 1.0045 0.0350
57567.2949 1.8858 0.0335
56715.5507 1.0544 0.0361
56839.3125 0.9867 0.0419
56780.3062 1.0179 0.0463
57479.5453 1.8430 0.0417
56805.4093 0.9598 0.0386
56835.3184 1.0404 0.0351
56744.5528 1.1962 0.0421
56776.4591 1.0407 0.0374
57433.5265 1.5271 0.0283
56837.3204 1.0119 0.0377
57078.4502 1.2906 0.0421
57213.2865 0.8140 0.0277
56831.3158 1.0572 0.0351
56778.2967 1.0877 0.0410
56833.3247 0.9821 0.0350
57492.5435 1.9440 0.0360
57185.4601 0.8219 0.0445
56809.4559 0.9161 0.0434
57133.5962 0.9548 0.0398
57134.4710 0.8973 0.0410
57220.2629 0.8860 0.0353
57194.4084 0.8720 0.0340
56741.5962 1.0035 0.0483
57195.4028 0.7611 0.0496
57123.5397 1.1018 0.1232
57191.4276 0.7973 0.0572
57105.5621 0.9766 0.0687
57166.3288 0.8103 0.0784
57104.4634 1.0282 0.0601
