57420.5625 3.5665 0.0299
56833.3397 3.8785 0.0347
53472.4934 4.4852 0.0095
56783.3499 4.3558 0.0554
56715.5589 4.7263 0.0420
57157.4515 3.8967 0.0393
56722.4562 4.7962 0.0439
56809.4644 3.7566 0.0468
56839.3207 3.8582 0.0456
56841.3254 3.9998 0.0503
56781.3570 4.2664 0.0501
56835.3266 3.8632 0.0410
56811.4410 3.8151 0.0414
57492.5529 3.3844 0.0359
56751.3512 4.4112 0.0475
56837.3290 3.8430 0.0438
56712.4876 4.8075 0.0449
57213.2951 3.7323 0.0334
56780.3146 4.4239 0.0486
57160.3736 3.9281 0.0339
57123.5514 4.4486 0.0537
56772.5452 3.4159 0.0520
57191.4374 3.9372 0.0403
56805.4182 3.8907 0.0455
56744.5234 4.5661 0.0455
57223.3703 3.6052 0.0367
57547.4010 3.3274 0.0330
57220.2711 3.5802 0.0367
56741.6082 4.4318 0.0609
56803.4723 3.6959 0.0496
57508.4165 3.1882 0.0348
56831.3240 3.8384 0.0407
57134.4821 4.2255 0.0462
56807.2972 3.7873 0.0430
57433.5341 3.6450 0.0327
56778.3048 4.4280 0.0466
56798.4301 3.8771 0.0406
56801.3529 3.8295 0.0450
57567.3029 3.4466 0.0374
56776.4673 3.9582 0.0446
57542.3673 3.1819 0.0320
57216.2834 3.7172 0.0360
57479.5533 3.5942 0.0396
57520.3201 2.9790 0.0405
56723.4975 4.8448 0.0464
57133.6095 4.2411 0.0495
57078.4761 3.8035 0.0458
57166.3371 4.1861 0.0470
57185.4701 4.0485 0.0592
57104.4732 4.1836 0.0766
