56801.3744 1.8777 0.0364
52816.2955 2.0421 0.0087
57191.4582 2.2185 0.0423
57420.5797 1.7942 0.0418
57542.3819 1.9087 0.0429
56837.3448 2.1518 0.0593
56715.5742 2.0867 0.0536
56809.4807 1.6951 0.0663
57479.5695 1.9289 0.0535
56831.3394 2.0101 0.0545
56803.4925 1.8986 0.0798
56839.3371 2.0235 0.0656
56741.6324 2.0447 0.0893
56751.3665 2.0429 0.0603
57220.2879 2.3194 0.0478
57508.4313 1.9405 0.0460
56778.3200 1.9256 0.0622
57216.3016 2.3602 0.0497
56807.3126 1.8210 0.0563
57547.4153 1.8414 0.0447
57134.4943 1.9927 0.0507
56811.4564 1.7740 0.0555
56783.3689 2.0271 0.0773
56744.5389 2.0839 0.0636
56841.3424 1.9786 0.0659
57123.5741 2.3435 0.0768
56723.5127 2.0281 0.0601
56722.4715 2.0797 0.0598
56835.3425 2.1901 0.0554
56781.3722 1.7714 0.0657
56772.5617 1.8145 0.0723
56798.4468 1.9585 0.0626
56780.3305 1.8359 0.0617
56712.5028 2.0849 0.0580
57223.3865 2.3149 0.0514
57492.5692 1.8111 0.0530
56805.4337 1.7706 0.0606
56833.3486 1.9662 0.0548
56776.4826 2.0565 0.0574
57213.3111 2.2754 0.0442
57433.5495 1.9549 0.0429
57520.3365 1.9507 0.0537
57166.3534 2.1729 0.0880
57160.5081 2.0737 0.0844
57078.4937 2.1249 0.0590
57157.4689 2.1569 0.0635
