57420.5763 5.5290 0.0315
56801.3688 3.3715 0.0401
56833.3478 3.6045 0.0392
56741.6265 3.1474 0.0489
56744.5358 3.4846 0.0443
56776.4795 3.1575 0.0406
56772.5585 3.3092 0.0482
56723.5097 3.8863 0.0431
56781.3691 3.3623 0.0486
57123.5698 4.8548 0.0554
56831.3363 3.6038 0.0384
57213.3079 4.8672 0.0340
57223.3832 4.7454 0.0375
57134.4907 4.5968 0.0405
56798.4422 3.4555 0.0408
56722.4684 3.9181 0.0405
56839.3341 3.5133 0.0443
57160.5054 4.7055 0.0398
56751.3634 3.5116 0.0420
56805.4306 3.4162 0.0416
57520.3333 5.6461 0.0413
57542.3791 6.0069 0.0362
56809.4772 3.4336 0.0470
57479.5663 5.9156 0.0415
56803.4885 3.3604 0.0523
56837.3417 3.5002 0.0406
57433.5460 5.8793 0.0358
56835.3395 3.5721 0.0387
57547.4125 6.0290 0.0374
57492.5660 5.9468 0.0409
56715.5711 3.9069 0.0382
57191.4517 4.9019 0.0390
56712.4997 3.8966 0.0412
56778.3170 3.3955 0.0432
57220.2845 4.8164 0.0382
57157.4650 4.7269 0.0405
56807.3096 3.4099 0.0422
56780.3275 3.2568 0.0440
56811.4533 3.3229 0.0389
56841.3393 3.6404 0.0447
57508.4284 5.6244 0.0374
57216.2975 4.7745 0.0365
56783.3659 3.3021 0.0511
57185.4838 4.6244 0.0547
57166.3513 4.6788 0.0456
53147.4621 2.6518 0.0123
57078.4898 4.6576 0.0511
57105.5730 4.6029 0.0588
57104.5182 4.6969 0.0575
54620.3618 3.2758 0.0448
