57420.5625 6.4998 0.0319
56833.3397 4.5601 0.0345
53472.5316 3.9292 0.0100
56712.4876 4.9305 0.0437
56783.3499 4.4682 0.0537
56715.5589 4.8307 0.0408
57157.4515 4.9337 0.0400
56722.4562 4.7994 0.0426
56809.4644 4.4875 0.0462
56839.3207 4.4675 0.0448
56841.3254 4.4442 0.0488
56781.3570 4.4869 0.0488
56835.3266 4.4624 0.0405
56811.4410 4.5292 0.0414
57492.5529 6.9338 0.0405
56751.3512 4.6238 0.0461
57133.6087 4.4858 0.0488
57213.2951 4.9681 0.0345
56780.3146 4.5567 0.0473
57160.3736 4.8315 0.0344
57123.5514 4.3428 0.0525
56772.5452 4.5950 0.0521
57191.4374 4.7984 0.0405
56805.4182 4.4269 0.0448
56744.5234 4.7206 0.0440
57223.3703 4.8569 0.0376
57547.4010 6.4412 0.0377
57220.2711 4.8632 0.0378
56741.6082 4.7217 0.0590
56803.4723 4.5424 0.0491
57508.4165 6.6472 0.0398
56831.3240 4.5185 0.0405
57134.4821 4.5264 0.0456
56807.2972 4.3569 0.0425
57433.5341 7.1659 0.0379
56778.3048 4.4961 0.0450
56798.4301 4.5136 0.0403
56837.3290 4.5499 0.0434
56801.3529 4.4750 0.0443
57567.3029 6.3729 0.0417
56776.4673 4.5392 0.0440
57542.3673 6.5369 0.0371
57216.2834 4.9075 0.0370
57479.5533 7.1274 0.0431
57520.3201 6.4923 0.0439
56723.4975 4.9105 0.0450
57078.4761 3.3055 0.0438
57166.3371 4.7499 0.0466
53474.4540 3.9556 0.0137
57185.4701 4.9625 0.0595
57104.4732 4.0471 0.0739
