57479.5240 3.2129 0.0236
56715.4984 2.8351 0.0344
57420.5453 3.0041 0.0318
56803.4112 2.6209 0.0359
56743.5101 2.5629 0.0347
56741.5899 2.5590 0.0518
57567.2896 2.7502 0.0290
56723.4803 2.6494 0.0367
56781.3397 2.6012 0.0459
56809.4460 2.5086 0.0363
56721.5901 2.7180 0.0410
56798.4117 2.6736 0.0327
56778.2875 2.5232 0.0392
56780.2967 2.6946 0.0426
56805.4000 2.6289 0.0341
56783.3308 2.5741 0.0466
57520.3008 2.8991 0.0431
57542.3509 2.9293 0.0266
56776.4499 2.2135 0.0351
57460.4734 3.1629 0.0301
56833.3155 2.4338 0.0329
57508.3994 3.0362 0.0286
56835.3093 2.3666 0.0321
56831.3066 2.4952 0.0327
56744.5344 2.6088 0.0363
56751.3336 2.5559 0.0426
56811.4234 2.5571 0.0325
56841.3074 2.3681 0.0413
57492.5332 3.1003 0.0324
56837.3096 2.4542 0.0342
56801.3352 2.5916 0.0381
56839.3033 2.4296 0.0367
57459.5373 3.2173 0.0306
56772.5257 2.4613 0.0446
56807.2799 2.5375 0.0361
52814.3124 2.3954 0.0087
56712.4708 2.8288 0.0406
57433.5183 3.1142 0.0293
57216.2664 2.9860 0.0348
57160.3564 2.6407 0.0320
56829.3208 2.3943 0.0476
56800.5027 2.7833 0.0707
57213.2777 3.0260 0.0318
57194.3999 2.6521 0.0344
52815.2957 2.3674 0.0090
57133.4106 2.8681 0.0330
57220.2508 3.1067 0.0897
57223.3531 3.0851 0.0356
57157.4336 2.7503 0.0363
56722.4392 2.6521 0.0470
57547.3854 2.8014 0.0295
57419.5251 3.0120 0.0638
57191.4184 2.7050 0.0456
57104.4484 2.5358 0.0469
57123.5278 2.7723 0.0904
57134.4666 2.9174 0.0587
56711.5225 2.7671 0.0839
57155.3464 2.7931 0.2366
57195.3988 2.6269 0.0548
57185.4502 2.8381 0.0583
57078.4234 2.0396 0.0542
57166.3176 2.7519 0.0961
57156.4557 2.7112 0.0442
57105.5577 2.5623 0.0757
