57479.5299 2.5641 0.0197
57420.5477 2.8406 0.0419
57567.2929 2.8495 0.0221
57542.3559 2.7753 0.0206
57508.4047 2.6552 0.0214
57492.5392 2.6149 0.0243
57520.3068 2.7592 0.0301
56715.4984 2.7799 0.0339
57547.3912 2.8385 0.0220
57459.5405 2.5520 0.0251
56803.4112 2.7338 0.0358
56743.5101 3.0146 0.0352
57433.5243 2.3664 0.0207
56741.5899 3.0026 0.0516
56723.4803 2.9349 0.0367
56811.4234 2.7934 0.0325
56781.3397 2.7074 0.0451
56809.4460 2.7598 0.0364
57460.4734 2.5091 0.0287
56721.5901 2.8492 0.0410
56798.4117 2.7135 0.0325
56778.2875 2.6936 0.0391
56805.4000 2.6182 0.0337
56776.4499 2.7917 0.0355
56833.3155 2.7218 0.0330
56780.2967 2.6389 0.0417
56835.3093 2.7140 0.0324
56831.3066 2.8123 0.0330
56744.5344 3.0536 0.0366
56751.3336 2.9218 0.0422
56783.3308 2.6582 0.0460
56841.3074 2.7710 0.0413
56801.3352 2.7063 0.0381
56837.3096 2.7647 0.0344
56839.3033 2.6840 0.0368
56772.5257 2.7905 0.0442
56807.2799 2.6390 0.0359
56712.4708 2.8138 0.0401
57160.3593 2.8725 0.0527
53496.3516 3.0844 0.0081
57216.2693 2.4037 0.0562
57194.4024 3.3377 0.0586
57123.5363 3.2670 0.1242
57104.4580 15.7343 0.2112
56829.3208 2.7293 0.0483
56800.5027 2.6158 0.0698
57213.2777 2.5065 0.0307
57133.4106 2.4823 0.0322
57220.2508 2.1102 0.0871
57223.3531 2.2966 0.0341
57157.4336 2.5433 0.0356
56722.4392 2.7978 0.0468
57419.5251 2.3549 0.0615
57191.4184 2.4553 0.0448
52793.2667 2.8669 0.0286
53475.5629 2.8181 0.0113
57185.4546 4.1065 0.1569
57156.4565 2.4872 0.0602
57195.3988 2.6244 0.0548
57166.3249 4.5019 0.2113
57134.4666 2.6869 0.0581
56711.5225 2.8813 0.0833
57078.4234 2.4726 0.0532
57155.3863 2.6640 0.2585
53388.6169 2.5095 0.0194
54620.3631 2.6631 0.0441
57105.5577 2.4022 0.0748
53467.5113 2.8041 0.0169
