57420.5593 1.1226 0.0395
53472.4596 1.7099 0.0088
57547.3979 1.1996 0.0423
57508.4136 1.1384 0.0445
56772.5417 1.2948 0.0718
57223.3671 1.3475 0.0477
57542.3643 0.9524 0.0437
57220.2678 1.3088 0.0465
56722.4523 1.3384 0.0554
56807.2941 1.1567 0.0580
56811.4378 1.2328 0.0523
57520.3167 1.0564 0.0575
56839.3176 1.3578 0.0616
56781.3540 1.1372 0.0668
57133.6043 1.1880 0.0593
56798.4265 1.3011 0.0523
56751.3481 1.2910 0.0623
57160.3704 1.3139 0.0419
57567.2998 1.0082 0.0427
56712.4845 1.3310 0.0571
56837.3256 1.3579 0.0572
56801.3498 1.1558 0.0578
56776.4642 1.1511 0.0583
56741.6030 1.3227 0.0488
57185.4666 1.2569 0.0550
57194.4139 1.2847 0.0464
56841.3222 1.0848 0.0680
56783.3468 1.2321 0.0733
57433.5312 1.1181 0.0405
57191.4339 1.3943 0.0483
56715.5558 1.2672 0.0523
56809.4605 1.0762 0.0577
56744.5199 1.2840 0.0576
56835.3235 1.1947 0.0520
57213.2919 1.2613 0.0420
57216.2802 1.3034 0.0446
57479.5501 1.1870 0.0514
56778.3017 1.3680 0.0591
56805.4144 1.2787 0.0595
56831.3209 1.1328 0.0514
56780.3115 1.1895 0.0669
56833.3299 1.2236 0.0548
57157.4482 1.2775 0.0519
57134.4745 1.4049 0.0806
57104.4680 1.0233 0.1566
56723.4950 1.2550 0.0677
56803.4685 1.1407 0.0717
57492.5501 1.1326 0.0620
57166.3323 1.2575 0.0906
57123.5453 1.2839 0.1312
