57420.5625 6.2954 0.0325
56833.3397 6.5048 0.0382
53472.4934 6.0938 0.0099
56712.4876 7.8480 0.0497
56783.3499 6.9124 0.0590
56715.5589 7.9555 0.0473
57157.4515 5.8681 0.0422
56722.4562 7.9645 0.0489
56809.4644 6.5188 0.0513
56839.3207 6.4646 0.0495
56841.3254 6.6736 0.0540
56781.3570 7.0268 0.0542
56835.3266 6.5755 0.0455
56811.4410 6.5860 0.0461
57492.5529 6.4441 0.0405
56751.3512 7.8725 0.0526
56837.3290 6.6545 0.0483
57133.6087 6.2925 0.0528
57213.2951 5.4443 0.0363
56780.3146 7.0502 0.0525
57160.3736 5.7545 0.0368
57123.5514 6.3449 0.0561
56772.5452 7.0662 0.0571
57191.4374 5.4345 0.0427
56805.4182 6.6994 0.0500
56744.5234 7.6896 0.0501
57223.3703 5.4650 0.0397
57547.4010 6.6790 0.0385
57220.2711 5.3164 0.0396
56741.6082 7.5474 0.0650
56803.4723 6.7184 0.0540
57508.4165 6.7029 0.0404
56831.3240 6.5529 0.0452
57134.4821 6.2090 0.0494
56807.2972 6.6739 0.0481
57433.5341 6.2435 0.0371
56778.3048 6.9961 0.0505
56798.4301 6.8461 0.0452
56801.3529 6.8868 0.0497
57567.3029 7.2025 0.0437
56776.4673 6.6517 0.0489
57542.3673 6.6608 0.0378
57216.2834 5.4685 0.0390
57479.5533 6.5091 0.0432
57520.3201 6.8339 0.0450
56723.4975 7.8677 0.0512
57078.4761 6.1846 0.0501
57166.3371 5.6704 0.0493
57185.4701 5.3278 0.0622
57104.4732 6.0872 0.0829
