56801.3749 9.1559 0.0341
53081.5383 6.6013 0.0066
52698.6084 6.3250 0.0117
57420.5809 8.7961 0.0359
56833.3526 8.9114 0.0424
57191.4580 8.6465 0.0407
52816.2955 6.4963 0.0104
56712.5038 9.2686 0.0517
56778.3210 9.1701 0.0552
57492.5703 9.8195 0.0479
57479.5706 9.5569 0.0471
56807.3136 9.1144 0.0509
57216.3027 9.1328 0.0457
56780.3316 9.0919 0.0549
56811.4574 9.2413 0.0509
56741.6340 9.2364 0.0715
56809.4820 8.9045 0.0559
56783.3699 9.0591 0.0629
57433.5504 9.2263 0.0419
56715.5752 9.4108 0.0493
57508.4323 9.6702 0.0448
56841.3435 8.8202 0.0559
56744.5399 9.1744 0.0556
56723.5137 9.3988 0.0532
57134.4954 8.6145 0.0463
56751.3675 9.0889 0.0531
56781.3732 9.0543 0.0574
57123.5755 8.6350 0.0610
56798.4478 9.0745 0.0547
56772.5627 9.2016 0.0607
57223.3876 9.5013 0.0461
56835.3435 8.7834 0.0495
57547.4163 8.6290 0.0428
57220.2890 9.2518 0.0443
56805.4347 9.1300 0.0541
57542.3828 8.6780 0.0412
56776.4836 9.2689 0.0513
57213.3122 8.8948 0.0414
57520.3376 9.2410 0.0465
56831.3404 8.9267 0.0492
56837.3458 8.8965 0.0522
56839.3381 8.8734 0.0571
56722.4730 9.5263 0.0535
56803.4932 9.0027 0.0818
57157.4700 8.3924 0.0518
57166.3553 8.3035 0.0575
57185.4913 8.5700 0.0679
57160.5099 8.2524 0.0646
57078.4942 8.7683 0.0643
57104.5235 8.7004 0.0921
57105.5754 8.3884 0.1003
