57420.5718 4.8803 0.0322
56833.3442 5.6832 0.0417
53122.5385 5.2054 0.0092
52813.3181 7.6131 0.0104
56741.6247 4.9275 0.0640
56805.4265 5.3979 0.0480
56781.3651 5.1498 0.0520
57492.5616 5.7842 0.0394
56798.4382 5.3066 0.0443
57542.3753 5.3922 0.0366
56841.3344 5.7137 0.0519
57157.4605 4.9349 0.0417
57520.3289 5.5543 0.0427
56801.3611 5.4294 0.0490
57213.3036 4.6429 0.0355
56809.4728 5.5100 0.0502
56839.3294 5.9034 0.0497
56712.4957 5.1231 0.0459
57508.4244 5.7344 0.0389
57191.4470 4.9513 0.0390
56722.4643 5.1668 0.0452
57134.4858 5.0695 0.0406
56835.3351 5.7058 0.0445
56723.5056 5.2823 0.0477
56811.4492 5.4266 0.0442
57223.3789 4.4920 0.0387
57216.2922 4.5666 0.0388
56778.3129 5.0743 0.0490
56783.3617 5.2569 0.0577
57220.2801 4.5796 0.0393
57479.5619 5.7525 0.0422
56807.3055 5.5784 0.0463
56780.3231 5.1225 0.0491
56837.3376 5.7956 0.0469
56831.3322 5.5973 0.0434
57547.4087 5.3465 0.0369
56751.3593 5.2009 0.0480
56744.5318 5.1135 0.0480
56772.5541 5.0824 0.0546
56715.5670 5.0640 0.0425
56776.4755 5.0627 0.0456
57433.5416 5.0309 0.0355
56803.4819 5.6343 0.0676
57160.4616 4.7485 0.0463
57078.4859 5.3265 0.0432
57166.3455 4.6099 0.0525
57105.5711 5.1822 0.0609
56829.3180 5.6235 0.0580
57104.5060 5.1777 0.0508
57185.4795 4.7255 0.0690
57123.5621 5.2262 0.0819
56865.2991 5.7647 0.0616
57567.3097 5.2339 0.1009
