53472.4934 2.3215 0.0086
56809.4644 2.2432 0.0443
56807.2972 2.3851 0.0407
56811.4410 2.2515 0.0389
57420.5636 2.1754 0.0410
56833.3436 2.1891 0.0406
56805.4182 2.2477 0.0430
56798.4301 2.3871 0.0384
56803.4723 2.2572 0.0478
56801.3529 2.3659 0.0428
57157.4526 2.6908 0.0526
57508.4175 2.7821 0.0483
56751.3522 2.5336 0.0633
57542.3682 2.5022 0.0436
56841.3264 2.3785 0.0678
56741.6097 2.3286 0.0837
56778.3058 2.5085 0.0622
57492.5540 2.5860 0.0497
56776.4683 2.5961 0.0601
57160.3747 2.5941 0.0454
57133.6102 2.5967 0.0661
56712.4886 2.3765 0.0582
56715.5599 2.3020 0.0543
57213.2962 2.7727 0.0457
56783.3509 2.3989 0.0763
57223.3714 2.8333 0.0508
56839.3217 2.3537 0.0611
56781.3580 2.4825 0.0679
56772.5463 2.4934 0.0696
57078.4772 2.8986 0.0518
57220.2722 2.8012 0.0506
57433.5350 2.4899 0.0432
57191.4386 2.5178 0.0543
56837.3304 2.3086 0.0588
56780.3156 2.4823 0.0647
56831.3250 2.3627 0.0546
56723.4985 2.5235 0.0635
57479.5544 2.6879 0.0551
57547.4021 2.6584 0.0455
57520.3212 2.7433 0.0565
57216.2845 2.7319 0.0488
56835.3276 2.1874 0.0545
56744.5245 2.3559 0.0596
56722.4572 2.4304 0.0575
57123.5530 2.8762 0.0752
57567.3041 2.9587 0.0484
57166.3377 2.5862 0.0600
57185.4719 2.6848 0.0629
57104.4732 2.8299 0.0722
57134.4777 2.5508 0.0885
