56743.5231 6.5819 0.0416
57420.5540 3.7439 0.0303
56803.4428 6.4885 0.0484
53472.4612 4.1572 0.0089
56741.6039 6.6900 0.0625
57220.2624 5.6203 0.0420
56801.3447 5.3288 0.0462
57542.3595 4.2934 0.0354
57547.3932 2.9886 0.0336
57194.4085 4.2096 0.0369
57433.5265 4.2805 0.0347
56798.4214 6.1897 0.0437
57223.3617 3.3028 0.0363
56751.3430 6.6793 0.0512
56783.3403 7.1876 0.0580
56772.5360 6.5907 0.0532
57185.4684 4.9610 0.0492
57459.5467 4.8287 0.0405
57216.2749 5.6352 0.0395
57520.3112 4.5077 0.0420
56811.4327 5.9474 0.0436
56715.5507 4.7077 0.0427
56780.3062 6.7185 0.0537
57479.5453 3.0116 0.0441
56805.4093 6.5289 0.0477
56744.5528 6.7888 0.0507
57508.4085 4.7792 0.0368
56781.3489 6.6792 0.0531
56776.4591 6.6906 0.0466
57078.4502 5.4885 0.0489
57213.2865 5.6131 0.0363
56778.2967 6.7546 0.0500
56809.4559 6.4960 0.0537
57134.4710 3.7157 0.0468
57492.5435 4.5905 0.0414
56833.3237 6.7229 0.0640
56712.4784 6.8504 0.0690
53770.5980 3.7772 0.0185
56841.3161 6.7622 0.0748
56722.4462 6.7975 0.0656
56723.4884 6.5978 0.0703
56837.3194 6.5761 0.0654
57160.3639 5.0342 0.0508
56807.2880 6.4626 0.0651
56831.3148 6.6621 0.0639
57133.5949 4.9615 0.0607
57195.4028 4.7585 0.0609
56835.3174 6.4399 0.0632
57567.2939 4.6385 0.0586
56839.3115 6.5548 0.0715
57157.4415 5.0060 0.0567
54620.3644 6.7463 0.0553
57104.4634 5.2852 0.0775
57191.4276 4.9279 0.0684
57123.5397 4.2710 0.1282
57105.5621 5.1952 0.0850
