57420.5582 4.8448 0.0311
56743.5383 4.4932 0.0445
56833.3288 3.6891 0.0419
56712.4835 4.2579 0.0445
56803.4668 3.7677 0.0498
56831.3199 3.7268 0.0406
56839.3166 3.5835 0.0453
56841.3211 3.5768 0.0496
56744.5188 4.3532 0.0447
56807.2931 3.7077 0.0459
56723.4935 4.2167 0.0492
57433.5303 4.9975 0.0361
56801.3488 3.7745 0.0441
56809.4595 3.6460 0.0443
56715.5548 3.3783 0.0403
56722.4512 4.3287 0.0440
56751.3471 4.0878 0.0473
56741.6155 4.6270 0.0836
57104.4669 4.2580 0.0646
57547.3979 4.4144 0.0513
57508.4136 4.3253 0.0530
56772.5417 3.9284 0.0738
57223.3671 4.5883 0.0546
57542.3643 4.4001 0.0536
57220.2678 4.5077 0.0539
56811.4378 3.5707 0.0566
57520.3167 4.5144 0.0621
56835.3235 3.6276 0.0571
56781.3540 4.0204 0.0703
57133.6043 4.4454 0.0647
56780.3115 3.7707 0.0702
57160.3704 4.3808 0.0490
57567.2998 4.1452 0.0519
56837.3256 3.6358 0.0610
56776.4642 3.8808 0.0635
57185.4666 4.4687 0.0604
57194.4139 4.5260 0.0535
56798.4265 3.7795 0.0567
53472.5031 4.4264 0.0152
57191.4339 4.5262 0.0544
56783.3468 3.9073 0.0749
57213.2919 4.6572 0.0497
57216.2802 4.7122 0.0529
57479.5501 4.4512 0.0566
56778.3017 4.0223 0.0636
56805.4144 3.5162 0.0634
57157.4482 4.3851 0.0580
57492.5495 4.0538 0.0638
57134.4745 4.6787 0.0908
54620.3631 3.7170 0.0476
57166.3323 4.4242 0.0975
57123.5453 4.3184 0.1334
