57420.5763 2.0955 0.0295
52730.5987 2.4300 0.0240
56801.3688 2.4756 0.0404
53122.4995 2.6796 0.0075
56833.3478 3.0921 0.0399
56744.5358 2.0826 0.0435
56776.4795 2.4600 0.0409
56772.5585 2.4542 0.0489
56723.5097 1.7262 0.0410
56781.3691 2.4377 0.0487
56831.3363 3.0236 0.0387
57213.3079 2.6906 0.0318
57223.3832 2.4988 0.0355
57134.4907 2.1293 0.0381
56798.4422 2.5264 0.0409
56722.4684 1.7478 0.0383
56839.3341 3.0779 0.0453
57160.5054 2.5442 0.0379
56751.3634 2.1486 0.0413
56805.4306 2.5869 0.0417
57520.3333 2.6975 0.0390
57542.3791 2.6136 0.0315
56809.4772 2.5182 0.0474
57479.5663 2.4760 0.0387
56803.4885 2.4477 0.0528
56837.3417 3.0336 0.0414
57433.5460 2.0962 0.0305
56835.3395 3.0407 0.0393
57547.4125 2.6729 0.0328
57492.5660 2.6460 0.0372
56715.5711 1.8871 0.0361
57191.4517 2.6835 0.0371
56741.6278 2.0485 0.0594
56712.4997 1.8474 0.0392
56778.3170 2.5292 0.0433
57220.2845 2.4850 0.0358
57157.4650 2.4712 0.0384
56807.3096 2.5879 0.0426
57123.5698 2.1027 0.0544
56780.3275 2.3960 0.0443
56811.4533 2.5877 0.0390
56841.3393 2.9312 0.0455
57508.4284 2.5328 0.0337
57216.2975 2.5987 0.0343
56783.3659 2.5311 0.0519
57185.4838 2.6663 0.0534
57166.3513 2.6197 0.0440
57078.4898 1.9709 0.0468
57105.5730 2.1315 0.0543
57104.5182 2.2099 0.0523
