56801.3749 2.9628 0.0291
57420.5809 2.5127 0.0305
56833.3526 2.9183 0.0351
57191.4580 2.4641 0.0332
53081.5290 2.4032 0.0073
56712.5038 2.8438 0.0424
56778.3210 3.3151 0.0468
57492.5703 2.3124 0.0368
57479.5706 1.7409 0.0378
56807.3136 3.0412 0.0414
57216.3027 2.4255 0.0350
56780.3316 3.0417 0.0465
56811.4574 2.8768 0.0413
56741.6340 3.1660 0.0652
56809.4820 2.8127 0.0471
56783.3699 3.1902 0.0561
57433.5504 2.5639 0.0310
56715.5752 3.1195 0.0398
56841.3435 2.9122 0.0481
56744.5399 3.1879 0.0471
56723.5137 3.2940 0.0443
57134.4954 2.6058 0.0383
56751.3675 3.2857 0.0448
56781.3732 3.1511 0.0493
57123.5755 2.6479 0.0562
56798.4478 3.1213 0.0469
56772.5627 3.1678 0.0533
57223.3876 2.0295 0.0355
56835.3435 2.9903 0.0406
57220.2890 2.5290 0.0342
56805.4347 2.9147 0.0449
57542.3828 2.1987 0.0306
56776.4836 3.2035 0.0427
57213.3122 2.4355 0.0317
57520.3376 2.4723 0.0386
56831.3404 2.9912 0.0400
56837.3458 2.8960 0.0432
56839.3381 2.9917 0.0484
56722.4730 2.7765 0.0435
52816.2978 2.3488 0.0113
57508.4324 1.8471 0.0383
56803.4932 2.8021 0.0716
57157.4700 2.6280 0.0430
57166.3553 2.1413 0.0480
57547.4172 2.4124 0.0458
57185.4913 2.5182 0.0577
57160.5099 2.5934 0.0535
57078.4942 2.5810 0.0514
57104.5235 2.7088 0.0729
57105.5754 2.4826 0.0809
