57420.5540 6.3279 0.0334
56743.5230 5.0929 0.0420
56803.4428 5.1738 0.0485
56741.6039 5.4996 0.0642
57220.2624 6.2558 0.0436
56801.3447 5.2242 0.0474
57133.5964 6.2701 0.0490
56722.4472 5.3686 0.0454
53471.4483 3.7514 0.0106
57547.3932 5.7288 0.0378
56723.4894 5.4714 0.0480
57194.4085 6.7178 0.0409
57433.5265 6.7049 0.0382
57223.3617 6.2320 0.0413
56751.3430 5.5656 0.0515
56783.3403 5.0003 0.0583
56772.5360 5.3891 0.0539
57185.4684 6.6188 0.0522
57160.3650 6.3459 0.0382
56841.3171 5.1098 0.0532
57542.3595 5.8891 0.0375
57157.4427 6.3081 0.0435
56712.4795 5.1433 0.0470
57459.5467 6.6634 0.0431
57216.2749 6.4511 0.0411
57520.3112 6.0964 0.0446
56811.4327 5.1229 0.0434
57567.2949 5.6902 0.0413
56715.5507 5.2911 0.0444
56839.3125 5.1769 0.0501
56780.3062 5.1679 0.0536
57479.5453 6.1156 0.0487
56805.4093 5.1718 0.0470
56835.3184 5.1203 0.0435
56744.5528 5.4962 0.0501
57508.4085 6.1640 0.0386
56781.3489 5.2034 0.0531
56776.4591 5.2479 0.0456
56837.3204 5.0798 0.0457
57078.4502 6.0554 0.0500
57213.2865 6.5185 0.0380
56798.4214 5.1732 0.0434
56831.3158 5.0676 0.0435
56778.2967 5.2846 0.0492
56833.3247 5.1393 0.0433
56807.2890 5.1036 0.0464
57492.5435 6.1280 0.0438
56809.4559 5.0311 0.0529
57134.4710 6.3229 0.0515
53467.4858 5.4880 0.0109
57195.4028 6.6278 0.0655
53884.4341 4.2356 0.0134
53883.4566 4.0317 0.0128
57123.5397 6.4170 0.1367
57104.4634 6.5663 0.0814
57191.4276 6.6192 0.0742
57105.5621 6.3218 0.0890
53474.4301 3.2701 0.0175
57166.3288 6.5812 0.0935
