57420.5763 19.0757 0.0425
52730.5987 12.9453 0.0335
56801.3688 17.9248 0.0575
53122.4995 13.4210 0.0113
56833.3478 16.5514 0.0568
56744.5358 17.8768 0.0642
56776.4795 18.1712 0.0616
56772.5585 18.0291 0.0664
56723.5097 17.6993 0.0627
56781.3691 17.8652 0.0682
56831.3363 16.7286 0.0579
57213.3079 18.8444 0.0523
57223.3832 18.9756 0.0560
57134.4907 17.8760 0.0566
56798.4422 17.7961 0.0603
56722.4684 17.5914 0.0598
56839.3341 16.3578 0.0630
57160.5054 18.2101 0.0570
56751.3634 17.9082 0.0621
56805.4306 17.7113 0.0618
57520.3333 19.3941 0.0563
57542.3791 19.7200 0.0547
56809.4772 18.0173 0.0686
57479.5663 19.3276 0.0561
56803.4885 17.6727 0.0710
56837.3417 16.3343 0.0593
57433.5460 19.3724 0.0543
56835.3395 16.4676 0.0579
57547.4125 19.6970 0.0561
57492.5660 18.8495 0.0579
56715.5711 17.7492 0.0581
57191.4517 18.6890 0.0568
56741.6278 17.7462 0.0750
56712.4997 17.8007 0.0605
56778.3170 17.8236 0.0634
57220.2845 18.5233 0.0569
57157.4650 18.2446 0.0577
56807.3096 17.7880 0.0647
57123.5698 17.9279 0.0662
56780.3275 17.7649 0.0637
56811.4533 17.6792 0.0595
56841.3393 16.4266 0.0612
57508.4284 19.0733 0.0556
57216.2975 18.7750 0.0562
56783.3659 17.8063 0.0683
57185.4838 18.4070 0.0746
57166.3513 18.2446 0.0627
57078.4898 17.9414 0.0759
57105.5730 17.6720 0.0857
53147.4525 13.7988 0.0254
57104.5182 17.7073 0.0882
