57420.5540 5.0623 0.0314
56743.5233 4.4505 0.0394
56803.4428 3.9844 0.0455
56741.6039 4.2953 0.0603
57220.2624 4.7690 0.0407
56801.3447 4.0443 0.0445
57133.5964 3.9013 0.0452
56722.4472 4.3738 0.0434
57547.3932 6.3004 0.0393
56723.4894 4.4213 0.0458
57194.4085 4.4956 0.0372
57433.5265 5.2762 0.0362
56798.4214 4.1138 0.0410
57223.3617 4.9555 0.0390
56751.3430 4.3720 0.0482
56783.3403 4.2411 0.0546
56772.5360 4.2775 0.0508
57185.4684 4.5646 0.0485
57160.3650 4.3163 0.0347
56841.3171 4.4385 0.0501
57542.3595 6.1859 0.0384
57157.4427 4.2498 0.0399
56712.4795 4.3927 0.0450
53472.4596 3.1076 0.0096
57459.5467 5.7091 0.0418
57216.2749 4.8459 0.0379
57520.3112 6.2752 0.0443
56811.4327 4.2039 0.0412
57567.2949 6.6002 0.0433
56715.5507 4.2587 0.0425
56839.3125 4.4322 0.0476
56780.3062 4.1751 0.0503
57479.5453 5.8189 0.0479
56835.3184 4.4028 0.0417
56744.5528 4.4926 0.0478
57508.4085 6.1255 0.0389
56805.4093 4.1689 0.0443
56781.3489 4.1544 0.0497
56776.4591 4.1409 0.0432
56837.3204 4.4006 0.0435
57213.2865 4.8737 0.0351
56831.3158 4.5197 0.0421
56778.2967 4.1889 0.0461
56833.3247 4.4225 0.0415
56807.2890 4.2106 0.0438
57492.5435 5.8907 0.0436
56809.4559 4.1498 0.0501
57078.4542 4.4775 0.0614
57134.4710 4.0611 0.0470
57195.4028 4.6097 0.0604
57104.4634 3.7982 0.0730
57191.4276 4.4919 0.0671
57123.5397 3.8515 0.1261
54620.3644 3.5697 0.0472
57105.5621 3.9157 0.0814
57166.3288 4.3430 0.0852
