57420.5648 2.0735 0.0292
53472.5316 2.1683 0.0094
57191.4456 2.2556 0.0347
56833.3407 2.4175 0.0384
57134.4846 2.3211 0.0383
56839.3248 2.4543 0.0452
56751.3553 2.8072 0.0462
56831.3281 2.6627 0.0401
56783.3558 2.5157 0.0570
57520.3246 2.0576 0.0386
56723.5016 2.8369 0.0448
56805.4223 2.5897 0.0449
57479.5576 2.2327 0.0386
57123.5575 2.3779 0.0542
57542.3711 2.1819 0.0317
57160.3779 2.3999 0.0325
57157.4560 2.2481 0.0387
56776.4714 2.6622 0.0425
56798.4341 2.6147 0.0402
56835.3306 2.6637 0.0406
56803.4771 2.3078 0.0519
56837.3334 2.5020 0.0426
57492.5572 2.0917 0.0369
56809.4686 2.5312 0.0453
56741.6140 2.7007 0.0611
57216.2878 2.2918 0.0357
56778.3088 2.7107 0.0449
56801.3570 2.6007 0.0439
56780.3187 2.7712 0.0465
56744.5276 2.8611 0.0459
57433.5379 2.1387 0.0314
57223.3746 2.1829 0.0358
56715.5630 2.7278 0.0410
56781.3610 2.7440 0.0501
57220.2754 2.2908 0.0363
56811.4451 2.7337 0.0410
56722.4603 2.6657 0.0425
57508.4204 2.1670 0.0345
56807.3013 2.5913 0.0411
56841.3295 2.5960 0.0484
57567.3072 2.2128 0.0371
56712.4916 2.6414 0.0437
57547.4049 2.1055 0.0328
56772.5497 2.6155 0.0502
57213.2988 2.3673 0.0392
57104.4873 2.4311 0.0446
53474.4540 2.1488 0.0125
57166.3406 2.2702 0.0649
57185.4755 2.2832 0.0426
57078.4806 2.4453 0.0500
57105.5696 2.3260 0.0804
53770.6220 2.2842 0.0260
54620.3581 2.4656 0.0461
