57420.5776 7.8941 0.0477
53147.4461 6.2203 0.0118
56833.3500 8.1344 0.0612
56798.4432 8.3298 0.0681
57216.2995 7.2091 0.0585
56781.3701 8.2916 0.0806
56839.3351 8.1928 0.0725
57166.3518 7.6168 0.0638
57542.3800 8.6478 0.0582
57213.3090 7.4266 0.0538
57520.3344 8.3664 0.0639
56801.3664 8.1475 0.0713
56780.3285 8.1493 0.0720
56712.5008 8.4570 0.0675
57134.4919 7.6013 0.0609
56841.3403 8.2753 0.0701
56809.4782 8.3374 0.0809
56807.3106 8.6155 0.0704
56744.5368 8.3251 0.0726
57479.5673 8.0543 0.0624
56837.3427 8.2655 0.0676
57433.5476 8.3140 0.0565
57547.4135 8.4891 0.0587
56831.3373 8.2441 0.0648
57191.4528 7.2623 0.0600
56835.3405 8.3066 0.0660
56715.5721 8.3514 0.0637
57492.5671 8.2965 0.0643
57508.4294 8.2509 0.0599
56751.3644 8.1756 0.0687
56805.4316 8.4673 0.0703
57157.4661 7.7345 0.0636
56803.4898 8.0120 0.0848
57220.2856 7.3364 0.0599
56778.3180 8.1634 0.0709
56783.3669 8.2910 0.0805
56722.4695 8.2608 0.0672
56776.4806 8.1352 0.0681
56811.4543 8.3389 0.0661
56723.5107 8.2517 0.0704
56772.5596 8.2472 0.0772
57123.5713 7.7307 0.0819
57223.3843 7.2986 0.0589
56741.6293 8.0659 0.0899
57160.5065 7.7659 0.0613
57185.4850 7.2902 0.1247
57078.4915 7.4242 0.0697
57105.5735 7.7675 0.0939
