56801.3716 6.6017 0.0303
57191.4549 6.8730 0.0325
57420.5787 7.4823 0.0347
56833.3480 6.2959 0.0372
52730.5987 10.3003 0.0318
56809.4784 6.7104 0.0441
56839.3351 6.2519 0.0412
56715.5721 4.9590 0.0339
57508.4293 7.0548 0.0344
56841.3403 6.3771 0.0410
56807.3106 6.7965 0.0401
56744.5368 5.8316 0.0401
56803.4899 6.6867 0.0487
57123.5712 7.2667 0.0473
56837.3427 6.1609 0.0381
56835.3405 6.2145 0.0366
56781.3701 6.4430 0.0442
57134.4919 7.5920 0.0367
56805.4316 6.5476 0.0395
56780.3285 6.4415 0.0409
56811.4543 6.5202 0.0372
56741.6294 5.6916 0.0516
56778.3180 6.3829 0.0406
56783.3669 6.6425 0.0468
56776.4806 6.3265 0.0386
56772.5595 4.5394 0.0423
56831.3373 6.4255 0.0365
57520.3354 8.4592 0.0465
57433.5485 7.9941 0.0414
56798.4450 6.6082 0.0482
57479.5684 8.5779 0.0461
57220.2867 7.4519 0.0428
57216.3006 7.3684 0.0432
57213.3100 7.3903 0.0392
56723.5117 5.3438 0.0465
57547.4144 8.7410 0.0439
56722.4705 5.4070 0.0454
57542.3810 8.7235 0.0428
57492.5682 8.6012 0.0481
56751.3655 5.6910 0.0464
56712.5018 5.3066 0.0446
57223.3854 7.5603 0.0436
57166.3524 7.1250 0.0549
57078.4911 7.3525 0.0469
57157.4670 7.1704 0.0503
57185.4838 6.8132 0.0608
57160.5070 7.0895 0.0531
54620.3644 8.0861 0.0425
53122.5091 8.2681 0.0154
57105.5735 7.4171 0.0984
53941.3231 8.6100 0.0417
