57420.5718 9.4723 0.0366
56741.6247 6.9634 0.0669
57213.3036 6.6095 0.0390
56781.3651 6.1628 0.0542
57492.5616 10.1577 0.0464
56751.3593 6.8819 0.0516
57542.3753 10.8943 0.0460
57157.4605 5.5319 0.0433
57520.3289 11.1152 0.0496
57508.4244 11.0094 0.0477
57191.4470 5.8813 0.0410
57134.4858 5.7601 0.0423
57223.3789 6.7305 0.0427
57216.2922 6.5313 0.0428
56778.3129 6.3693 0.0518
56783.3617 6.1715 0.0594
57220.2801 6.5992 0.0433
57479.5619 9.9278 0.0479
56780.3231 6.2411 0.0515
57547.4087 10.5614 0.0460
56744.5318 6.9636 0.0519
56772.5541 6.4223 0.0570
56776.4755 6.4903 0.0488
57433.5416 9.9339 0.0441
56833.3454 5.9671 0.0574
57160.4616 5.6368 0.0485
57078.4859 6.1576 0.0453
52813.3250 8.7464 0.0140
57166.3455 5.7814 0.0551
56723.5046 6.9623 0.0731
56715.5660 7.0642 0.0662
57105.5711 5.9279 0.0642
56722.4633 6.8691 0.0701
56798.4371 5.9795 0.0652
56835.3337 5.9659 0.0650
56809.4716 5.8540 0.0742
56803.4806 6.0356 0.0789
57104.5060 6.0599 0.0539
57185.4795 5.6779 0.0711
56841.3325 5.9810 0.0758
56837.3365 6.0385 0.0684
56811.4481 5.9198 0.0651
56831.3311 5.9307 0.0635
56839.3278 5.9315 0.0717
56805.4253 5.9383 0.0710
57123.5621 5.8879 0.0843
56712.4947 7.0107 0.0708
56807.3044 6.1721 0.0697
56801.3600 6.0049 0.0716
56865.2996 6.0524 0.0892
57567.3097 10.2214 0.1217
56829.3185 6.1568 0.0850
