56743.5059 1.4137 0.0290
57420.5528 1.2264 0.0309
53467.4922 1.1784 0.0070
52816.2955 2.1034 0.0091
57508.4044 1.4570 0.0336
56776.4550 1.4288 0.0425
56780.3019 1.3509 0.0485
56803.4007 1.2984 0.0470
56831.3117 1.5217 0.0387
56778.2926 1.5378 0.0454
56835.3144 1.5642 0.0382
57542.3556 1.3480 0.0312
57547.3894 1.2197 0.0311
57567.2907 1.1289 0.0384
56805.4052 1.4457 0.0415
57433.5227 1.3014 0.0301
56839.3084 1.4136 0.0432
57459.5423 1.2379 0.0340
57160.3607 1.3924 0.0303
56712.4754 1.3301 0.0421
57133.4154 1.3156 0.0328
56715.5467 1.3117 0.0395
57157.4382 1.2544 0.0368
56744.5487 1.4639 0.0450
56781.3448 1.4269 0.0511
56841.3128 1.5329 0.0479
57216.2706 1.1511 0.0318
57223.3574 1.0622 0.0328
56751.3388 1.4790 0.0472
56837.3164 1.4565 0.0404
56833.3206 1.6065 0.0394
56807.2850 1.4390 0.0407
57479.5414 1.2757 0.0368
57213.2820 1.1324 0.0290
56722.4431 1.4682 0.0417
57220.2575 1.1086 0.0394
56772.5313 1.3936 0.0496
56801.3407 1.5214 0.0436
57520.3067 1.4424 0.0393
56809.4513 1.4370 0.0428
56783.3361 1.4644 0.0535
56723.4853 1.4957 0.0418
56798.4174 1.4583 0.0378
56811.4286 1.5240 0.0382
57194.4042 1.3493 0.0325
57185.4561 1.3132 0.0458
57492.5382 1.4202 0.0456
57078.4405 1.2756 0.0358
57191.4231 1.3097 0.0417
56741.5901 1.4400 0.0580
57460.4772 1.4737 0.0938
57166.3209 1.4291 0.0688
57123.5324 1.2167 0.0718
57195.4008 1.5379 0.0519
57105.5603 1.1931 0.0510
57134.4685 1.3057 0.0590
57104.4590 1.1346 0.0622
