57420.5648 6.3940 0.0318
57191.4456 5.4291 0.0368
56833.3407 4.7236 0.0398
57134.4846 5.2710 0.0398
56839.3248 4.6871 0.0464
56751.3553 4.2603 0.0457
56831.3281 4.6560 0.0412
56783.3558 4.2155 0.0567
57520.3246 6.2044 0.0421
56805.4223 4.7962 0.0461
56723.5016 4.2579 0.0442
57123.5575 5.1527 0.0546
57542.3711 6.0376 0.0363
57160.3779 5.2527 0.0351
57157.4560 5.3550 0.0413
57216.2878 5.7176 0.0390
56798.4341 4.4991 0.0414
56835.3306 4.6290 0.0417
56803.4771 4.6424 0.0528
56837.3334 4.6269 0.0438
57492.5572 6.0583 0.0414
56809.4686 4.6450 0.0464
56741.6140 4.1387 0.0596
56776.4714 4.2981 0.0427
56778.3088 4.2846 0.0452
57479.5576 6.3028 0.0421
56801.3570 4.4829 0.0446
56780.3187 4.3445 0.0467
56744.5276 4.1012 0.0449
57433.5379 6.2759 0.0365
57223.3746 5.5855 0.0388
56715.5630 4.3845 0.0409
56781.3610 4.2992 0.0501
57220.2754 5.5796 0.0393
56811.4451 4.6829 0.0422
56722.4603 4.3455 0.0425
57508.4204 5.9563 0.0388
56807.3013 4.7901 0.0424
56841.3295 4.6450 0.0491
57567.3072 5.8916 0.0411
56712.4916 4.5065 0.0439
57547.4049 5.9607 0.0372
56772.5497 4.1835 0.0499
57104.4873 5.3713 0.0478
57213.2988 5.6648 0.0431
57166.3406 5.4446 0.0680
57185.4755 5.2019 0.0455
57078.4806 4.9352 0.0527
56829.3175 4.7187 0.0801
57105.5696 5.0398 0.0845
56865.2985 4.7557 0.0824
53770.6220 10.1534 0.0359
54620.3581 7.8343 0.0576
