57420.5718 8.4856 0.0348
56833.3442 6.3364 0.0420
52813.3181 4.0748 0.0089
56741.6247 5.7927 0.0636
56805.4265 6.1561 0.0483
56781.3651 6.0250 0.0523
57492.5616 8.5319 0.0433
56798.4382 6.0123 0.0447
57542.3753 8.2273 0.0414
56841.3344 6.4072 0.0516
57157.4605 7.4412 0.0446
57520.3289 8.2799 0.0457
56801.3611 6.0013 0.0489
57213.3036 7.5459 0.0393
56809.4728 6.2102 0.0503
56839.3294 6.3258 0.0495
56712.4957 6.0299 0.0473
57508.4244 8.4034 0.0431
57191.4470 7.3958 0.0419
56722.4643 5.8692 0.0463
57134.4858 7.3924 0.0431
56835.3351 6.4796 0.0450
56723.5056 5.8440 0.0487
56811.4492 6.1427 0.0447
57223.3789 7.7195 0.0428
57216.2922 7.6519 0.0432
56778.3129 5.9086 0.0494
56783.3617 5.9967 0.0573
57220.2801 7.7022 0.0436
57479.5619 8.6487 0.0455
56807.3055 6.1800 0.0465
56780.3231 6.0764 0.0496
56837.3376 6.3472 0.0470
56831.3322 6.2757 0.0437
57547.4087 8.2128 0.0417
56751.3593 5.9553 0.0490
56744.5318 5.9446 0.0492
56772.5541 6.0339 0.0549
56715.5670 5.8297 0.0436
56776.4755 5.8919 0.0465
57433.5416 8.7630 0.0415
56803.4819 6.0270 0.0667
57160.4616 7.3488 0.0499
57078.4859 7.2067 0.0457
57166.3455 7.5312 0.0558
57105.5711 7.3476 0.0654
56829.3180 4.1718 0.0542
57104.5060 7.3534 0.0548
57185.4795 7.4421 0.0727
57123.5621 7.4099 0.0823
56865.2991 6.7770 0.0624
57567.3097 8.4906 0.1139
