56743.5059 2.1128 0.0287
57420.5495 2.0173 0.0313
57567.2958 1.6464 0.0376
52816.2955 1.5238 0.0089
57508.4044 1.5506 0.0347
56776.4550 2.5229 0.0430
56803.4007 2.1183 0.0469
56778.2926 1.8588 0.0446
56835.3144 2.4143 0.0386
57547.3894 1.5874 0.0325
56723.4853 2.0295 0.0415
56805.4052 2.1896 0.0415
57433.5227 1.8729 0.0320
56839.3084 2.3231 0.0435
57459.5423 1.6706 0.0359
57160.3607 2.1402 0.0320
56712.4754 1.9054 0.0418
57133.4154 2.1272 0.0342
56715.5467 2.0227 0.0396
57157.4382 2.1063 0.0384
56744.5487 2.0741 0.0444
56841.3128 2.2815 0.0475
57216.2706 1.6698 0.0331
57223.3574 1.3786 0.0336
56751.3388 2.2259 0.0468
56837.3164 2.3335 0.0406
56833.3206 2.2803 0.0394
56807.2850 2.1436 0.0410
57479.5414 1.7199 0.0380
57213.2820 1.3858 0.0298
56722.4431 2.1341 0.0416
57078.4375 1.9938 0.0426
57220.2575 1.7332 0.0400
56772.5313 2.3331 0.0488
56801.3407 2.2774 0.0436
57520.3067 1.6056 0.0398
56809.4513 2.2807 0.0428
57542.3556 1.6310 0.0325
56798.4174 2.3132 0.0382
56811.4286 2.2793 0.0383
57194.4042 1.6993 0.0333
57185.4561 1.7654 0.0468
57191.4231 1.6838 0.0428
56780.3024 1.7065 0.0512
56831.3122 2.4055 0.0427
57492.5382 1.7881 0.0473
56741.5901 1.9383 0.0561
57460.4772 1.8015 0.0920
57195.4008 1.6484 0.0528
57166.3209 1.9736 0.0701
57123.5324 2.1430 0.0722
56783.3371 0.8544 0.0704
57105.5603 2.1886 0.0539
56781.3459 1.3213 0.0687
57134.4685 1.7191 0.0601
57104.4590 2.4168 0.0679
54620.3656 1.6938 0.0452
53770.6182 1.7456 0.0235
