57420.5582 14.7184 0.0392
56743.5383 14.7641 0.0557
56741.6094 14.5791 0.0718
56744.5188 14.6599 0.0588
56780.3104 14.1165 0.0632
56833.3288 13.3163 0.0560
56807.2931 13.8606 0.0621
57479.5491 15.4442 0.0557
56712.4835 14.5017 0.0586
56778.3007 13.8342 0.0590
56837.3245 13.0104 0.0569
57220.2668 15.4524 0.0523
57567.2988 16.0554 0.0530
56776.4632 13.8902 0.0584
57191.4328 14.6465 0.0518
56831.3199 13.3358 0.0550
57216.2792 15.5657 0.0534
56839.3166 13.0541 0.0593
57223.3660 15.2819 0.0528
56841.3211 13.1961 0.0624
57194.4128 14.7403 0.0514
56722.4512 15.5191 0.0594
57542.3634 15.7226 0.0526
56723.4935 15.8023 0.0652
56805.4134 13.7897 0.0597
57508.4126 15.6529 0.0521
57185.4654 14.5515 0.0544
56781.3529 14.1524 0.0632
57433.5303 15.5692 0.0503
56801.3488 13.9130 0.0587
57492.5483 15.7549 0.0568
57520.3156 14.8736 0.0541
56811.4368 13.6667 0.0550
56772.5406 14.1539 0.0677
56809.4595 13.3679 0.0592
56803.4668 13.7437 0.0638
56798.4255 14.1320 0.0548
56783.3458 13.9300 0.0661
56715.5548 14.3508 0.0561
57160.3693 14.5080 0.0479
57547.3970 15.2606 0.0512
57213.2908 15.6175 0.0492
56835.3225 13.1098 0.0545
56751.3471 14.1405 0.0612
57157.4471 14.5429 0.0542
57123.5441 14.8243 0.0781
53472.4977 15.9408 0.0166
57104.4669 14.2300 0.0793
57133.6028 14.8663 0.0705
57459.5499 14.6632 0.0732
57134.4738 15.7958 0.0842
57166.3310 14.6631 0.0873
