56801.3751 1.4790 0.0280
57420.5809 1.6164 0.0292
56833.3526 1.4186 0.0330
57191.4580 1.7341 0.0321
52816.2955 1.4401 0.0084
56712.5038 1.9322 0.0407
56778.3210 1.4130 0.0429
57479.5706 1.6499 0.0377
56807.3136 1.3755 0.0384
56780.3316 1.4479 0.0435
56811.4574 1.4189 0.0387
56809.4820 1.4056 0.0448
56783.3699 1.4369 0.0527
57433.5504 1.7147 0.0295
56751.3675 1.5338 0.0416
56715.5752 1.9328 0.0378
56722.4730 1.7781 0.0416
56841.3435 1.3554 0.0456
56744.5399 1.6281 0.0442
56723.5137 1.7760 0.0416
57134.4954 1.8611 0.0369
56781.3732 1.4508 0.0459
57123.5755 1.7242 0.0541
56798.4478 1.3917 0.0441
56772.5627 1.3991 0.0500
56835.3435 1.4034 0.0378
56805.4347 1.4898 0.0425
57492.5703 1.5628 0.0358
56776.4836 1.4671 0.0393
56831.3404 1.4424 0.0373
56837.3458 1.3686 0.0407
56839.3381 1.4262 0.0458
57508.4323 1.5618 0.0318
56741.6338 1.6198 0.0633
57157.4700 1.7898 0.0411
57520.3370 1.2044 0.0447
57223.3865 1.7201 0.0500
57542.3819 1.5369 0.0418
57185.4913 1.7018 0.0554
57547.4153 1.7287 0.0444
57220.2879 1.7612 0.0463
57160.5099 1.7700 0.0513
56803.4939 1.5348 0.0767
57216.3016 1.7815 0.0480
57078.4942 1.9184 0.0501
57213.3111 1.7003 0.0427
57166.3534 1.9264 0.0872
57104.5235 1.2825 0.0672
57105.5754 1.6460 0.0773
