57420.5763 6.0350 0.0323
56801.3688 5.9831 0.0437
56833.3478 6.0738 0.0432
56744.5358 5.7067 0.0480
56776.4795 6.0517 0.0454
56772.5585 6.0425 0.0521
56723.5097 5.6544 0.0462
56781.3691 5.9937 0.0525
57123.5698 6.8251 0.0574
56831.3363 6.0701 0.0426
57213.3079 7.1600 0.0377
57223.3832 6.9912 0.0413
57134.4907 6.7612 0.0437
56798.4422 6.0484 0.0451
56722.4684 5.8229 0.0438
56839.3341 5.9675 0.0483
56751.3634 5.7668 0.0459
56805.4306 6.0204 0.0459
57520.3333 6.1558 0.0423
53147.4525 5.1263 0.0096
57542.3791 6.2610 0.0368
56809.4772 6.0595 0.0515
57479.5663 6.0607 0.0421
56803.4885 5.9800 0.0562
56837.3417 5.9775 0.0449
57433.5460 6.1358 0.0364
56835.3395 5.9518 0.0428
57547.4125 6.1756 0.0379
57492.5660 6.2003 0.0415
56715.5711 5.7468 0.0415
57191.4517 7.2186 0.0428
56741.6278 5.7109 0.0620
56712.4997 5.6841 0.0442
56778.3170 6.0597 0.0475
57220.2845 7.1609 0.0421
57157.4650 6.8864 0.0438
56807.3096 5.9490 0.0469
57160.5054 6.9945 0.0434
56780.3275 5.8569 0.0481
56811.4533 6.0801 0.0434
56841.3393 6.0304 0.0483
57508.4284 6.1633 0.0386
57216.2975 7.0968 0.0406
56783.3659 5.9574 0.0548
57185.4838 7.1165 0.0590
57166.3513 6.9968 0.0492
57078.4898 5.8467 0.0535
57105.5730 6.8159 0.0642
57104.5182 6.8815 0.0636
