57420.5540 3.6517 0.0310
56743.5233 4.6681 0.0400
56803.4428 3.7397 0.0469
56741.6039 4.5368 0.0632
57220.2624 4.6927 0.0415
56801.3447 3.7042 0.0451
57133.5964 4.8532 0.0471
56722.4472 4.4940 0.0441
53471.4483 3.7236 0.0106
57547.3932 4.9090 0.0364
56723.4894 4.5315 0.0464
57194.4085 4.9743 0.0384
57433.5265 3.9870 0.0338
56798.4214 3.6803 0.0410
57223.3617 4.5978 0.0389
56751.3430 4.5618 0.0500
56783.3403 3.7406 0.0568
56772.5360 4.0841 0.0522
57185.4684 5.3410 0.0505
57160.3650 4.9989 0.0361
56841.3171 4.3714 0.0522
57542.3595 4.9054 0.0359
57157.4427 4.8564 0.0415
56712.4795 4.3397 0.0457
57459.5467 4.1745 0.0392
57216.2749 4.7800 0.0385
57520.3112 4.6942 0.0430
56811.4327 3.6094 0.0410
57567.2949 5.2256 0.0405
56715.5507 4.5057 0.0432
56839.3125 4.0743 0.0484
56780.3062 3.9304 0.0520
57479.5453 4.3518 0.0463
56805.4093 3.7274 0.0447
56835.3184 4.0112 0.0417
56744.5528 4.7428 0.0490
57508.4085 4.4722 0.0359
56781.3489 3.8857 0.0512
56776.4591 4.1147 0.0439
56837.3204 4.1057 0.0442
57078.4502 4.6721 0.0482
57213.2865 4.7584 0.0354
56831.3158 3.9530 0.0417
56778.2967 4.0996 0.0474
56833.3247 3.9583 0.0414
56807.2890 3.6407 0.0439
57492.5435 4.1950 0.0408
56809.4559 3.7574 0.0506
57134.4710 4.9509 0.0493
57195.4028 4.8123 0.0614
53884.4341 1.6429 0.0120
53883.4566 1.5571 0.0115
57123.5397 4.9389 0.1335
57104.4634 5.0955 0.0766
57191.4276 5.1126 0.0704
57105.5621 5.0666 0.0850
53474.4301 3.7048 0.0179
57166.3288 5.0560 0.0903
