57420.5763 6.0596 0.0332
52730.5987 4.0306 0.0257
56801.3688 6.2536 0.0453
53122.4995 4.2109 0.0081
56833.3478 6.7230 0.0455
56744.5358 5.4768 0.0489
56776.4795 5.7248 0.0462
56772.5585 5.7084 0.0533
56723.5097 5.2527 0.0470
56781.3691 5.7450 0.0538
56831.3363 6.6762 0.0450
57213.3079 6.3200 0.0376
57223.3832 6.0771 0.0411
57134.4907 6.9042 0.0448
56798.4422 6.0741 0.0464
56722.4684 5.0983 0.0439
56839.3341 6.7154 0.0510
57160.5054 6.5847 0.0439
56751.3634 5.5187 0.0468
56805.4306 6.3175 0.0478
57520.3333 4.0569 0.0408
57542.3791 5.2021 0.0362
56809.4772 6.2793 0.0536
57479.5663 5.4511 0.0425
56803.4885 6.1960 0.0581
56837.3417 6.8019 0.0475
57433.5460 6.1055 0.0377
56835.3395 6.7905 0.0456
57547.4125 5.2904 0.0375
57492.5660 5.2870 0.0415
56715.5711 5.1828 0.0419
57191.4517 6.5037 0.0428
56741.6278 5.3749 0.0633
56712.4997 5.1975 0.0448
56778.3170 5.7608 0.0485
57220.2845 6.0831 0.0417
57157.4650 6.6152 0.0445
56807.3096 6.3216 0.0493
57123.5698 6.9989 0.0585
56780.3275 5.7469 0.0495
56811.4533 6.3227 0.0452
56841.3393 6.8755 0.0509
57508.4284 5.0847 0.0381
57216.2975 6.2728 0.0406
56783.3659 5.8472 0.0561
57185.4838 6.4542 0.0596
57166.3513 6.6060 0.0498
57078.4898 6.6749 0.0572
57105.5730 6.5278 0.0651
57104.5182 6.7556 0.0650
