56801.3749 8.4263 0.0315
52730.5987 8.1491 0.0297
56833.3526 8.9510 0.0402
57191.4580 8.4360 0.0388
57420.5880 8.4573 0.0392
53122.4995 9.5709 0.0099
56712.5038 7.7790 0.0468
56778.3210 8.0259 0.0503
57492.5703 8.8280 0.0455
57479.5706 8.7298 0.0449
56807.3136 8.4694 0.0471
57216.3027 8.0782 0.0423
56780.3316 8.1593 0.0505
56811.4574 8.4942 0.0470
56741.6340 7.5855 0.0650
56809.4820 8.7208 0.0525
56783.3699 8.3245 0.0580
57433.5504 8.8732 0.0406
56715.5752 8.1333 0.0448
56841.3435 9.1536 0.0529
57223.3876 8.1152 0.0425
56723.5137 7.9000 0.0481
57134.4954 8.6029 0.0444
56751.3675 8.0446 0.0485
56781.3732 8.2639 0.0530
57123.5755 8.9022 0.0582
56798.4478 8.2219 0.0504
56772.5627 8.1427 0.0558
56837.3458 9.1389 0.0496
57547.4163 8.6451 0.0420
57220.2890 8.0989 0.0411
56805.4347 8.6397 0.0504
57542.3828 8.5731 0.0403
56776.4836 7.9471 0.0467
57213.3122 8.2297 0.0389
57520.3376 8.1979 0.0441
56835.3435 8.9733 0.0470
56831.3404 8.8984 0.0464
56839.3381 9.0881 0.0540
56722.4730 7.5726 0.0480
57508.4323 8.3244 0.0420
56803.4932 8.6131 0.0758
57157.4700 8.4970 0.0498
57166.3553 8.0655 0.0545
57185.4913 8.6883 0.0652
57160.5099 8.1899 0.0617
56744.5389 7.5748 0.0704
57078.4942 8.6611 0.0619
57104.5235 8.4148 0.0880
57105.5754 8.2282 0.0962
