57420.5540 1.5172 0.0283
56803.4428 2.3292 0.0443
57220.2624 1.5533 0.0358
56801.3447 2.4488 0.0419
57133.5964 2.0592 0.0428
56837.3204 2.0243 0.0396
56722.4472 1.9206 0.0387
53471.4483 1.5114 0.0097
57547.3932 1.7036 0.0297
56723.4894 1.9363 0.0412
57194.4085 1.7433 0.0324
57433.5265 1.7397 0.0290
56798.4214 2.4164 0.0379
57223.3617 1.8046 0.0335
56783.3403 2.7540 0.0541
56772.5360 2.7540 0.0497
57185.4684 1.9489 0.0445
56841.3171 2.0602 0.0480
57542.3595 1.7258 0.0294
56811.4327 2.2523 0.0375
56831.3158 2.1856 0.0375
57459.5467 1.5818 0.0338
57216.2749 1.6340 0.0320
57520.3112 1.9206 0.0390
57567.2949 1.7778 0.0336
56715.5507 2.0164 0.0380
56839.3125 2.0027 0.0439
56780.3062 2.6865 0.0489
56805.4093 2.3174 0.0411
56835.3184 2.1693 0.0374
57508.4085 1.4497 0.0298
56712.4795 2.0861 0.0411
56781.3489 2.8841 0.0485
56776.4591 2.6766 0.0405
53472.4580 1.5207 0.0086
57213.2865 1.4873 0.0291
56743.5259 2.0510 0.0431
56778.2967 2.7632 0.0441
56833.3247 2.1118 0.0373
56807.2890 2.1828 0.0399
56809.4559 2.3222 0.0464
53474.4365 1.5436 0.0092
57134.4710 2.1218 0.0434
57157.4438 1.8894 0.0522
56741.5967 2.0710 0.0813
56744.5538 2.0332 0.0616
56751.3440 2.0730 0.0637
57160.3661 1.7944 0.0421
57195.4028 1.7329 0.0525
57078.4520 1.9388 0.0536
57479.5463 1.5242 0.0583
57492.5456 1.5611 0.0517
57104.4634 1.8989 0.0636
57191.4276 1.7821 0.0603
57123.5397 1.8536 0.1248
57105.5621 2.0879 0.0736
57166.3288 1.6459 0.0804
