57420.5582 3.9646 0.0309
56743.5383 3.2945 0.0429
56741.6094 3.1676 0.0609
53472.4612 4.1982 0.0090
56744.5188 3.2698 0.0437
56780.3104 3.3865 0.0495
56833.3288 3.1083 0.0412
56807.2931 3.4436 0.0461
57479.5491 3.9273 0.0427
56712.4835 3.1727 0.0431
56778.3007 3.3550 0.0447
56837.3245 3.1153 0.0430
57220.2668 3.4978 0.0367
57567.2988 5.7819 0.0396
56776.4632 3.4115 0.0439
57191.4328 3.4138 0.0378
56831.3199 3.2411 0.0402
57216.2792 3.4191 0.0369
56839.3166 3.0933 0.0454
57223.3660 3.5282 0.0377
56841.3211 3.0344 0.0503
57194.4128 3.6043 0.0371
56722.4512 3.2651 0.0424
57542.3634 6.2546 0.0401
56723.4935 3.1868 0.0479
56805.4134 3.4855 0.0452
57508.4126 4.4659 0.0371
57185.4654 3.5023 0.0416
56781.3529 3.3742 0.0497
57433.5303 4.0619 0.0346
56801.3488 3.5210 0.0444
57492.5483 3.8688 0.0415
57520.3156 5.0041 0.0445
56811.4368 3.4714 0.0404
56772.5406 3.3097 0.0550
56809.4595 3.3813 0.0449
56803.4668 3.3796 0.0501
56798.4255 3.4334 0.0400
56783.3458 3.4079 0.0544
56715.5548 3.2536 0.0403
57160.3693 3.5232 0.0336
57547.3970 6.2150 0.0395
57213.2908 3.4779 0.0336
56835.3225 3.1488 0.0400
56751.3471 3.5541 0.0474
57157.4471 3.4210 0.0403
57123.5441 3.4855 0.0671
57104.4669 3.1706 0.0628
57133.6028 3.3795 0.0544
57459.5499 4.1514 0.0533
57134.4738 3.5515 0.0612
57166.3310 3.5760 0.0686
