56801.3699 2.7188 0.0509
57420.5750 2.9822 0.0419
53147.4540 1.6164 0.0079
56833.3445 2.5429 0.0565
56807.3085 2.6032 0.0595
56781.3681 3.0469 0.0660
56841.3382 2.7201 0.0631
57433.5445 3.1978 0.0445
56778.3160 3.0194 0.0606
56783.3648 3.0266 0.0724
56744.5348 2.7633 0.0614
56776.4785 2.8898 0.0572
57185.4833 2.5134 0.0546
56723.5087 2.8175 0.0590
57508.4274 3.1613 0.0472
57220.2834 2.3411 0.0488
57223.3821 2.4161 0.0485
57520.3322 3.2705 0.0542
56741.6263 2.6878 0.0834
56772.5574 3.0117 0.0678
57492.5650 3.3766 0.0517
56751.3624 2.7077 0.0586
56798.4412 2.8354 0.0560
57213.3068 2.4347 0.0432
56712.4987 2.7946 0.0563
57157.4639 2.3723 0.0527
56839.3331 2.4832 0.0606
57479.5652 3.0918 0.0547
56722.4674 2.8218 0.0544
56805.4296 2.5650 0.0564
56811.4523 2.6212 0.0533
57542.3781 3.2750 0.0446
57160.5043 2.5001 0.0537
56809.4762 2.6129 0.0612
57216.2954 2.3734 0.0456
57123.5684 2.6263 0.0761
56780.3265 3.1115 0.0622
57134.4895 2.5549 0.0557
56803.4873 2.6923 0.0702
56831.3353 2.4865 0.0517
57191.4505 2.5252 0.0514
56837.3407 2.3605 0.0554
56835.3385 2.5001 0.0521
56715.5701 2.7278 0.0517
57547.4116 3.0511 0.0463
57105.5725 2.2838 0.0752
57104.5182 2.4339 0.0516
57078.4880 2.3336 0.0738
57166.3502 2.4285 0.0665
