57420.5763 7.6132 0.0336
57508.4274 7.0375 0.0336
57216.2961 8.0901 0.0350
57492.5649 7.0582 0.0348
56801.3688 9.1940 0.0469
56744.5348 9.0096 0.0425
57157.4639 8.6850 0.0377
57520.3322 6.8850 0.0356
56741.6263 9.2862 0.0528
57213.3068 8.2665 0.0323
57479.5652 7.1929 0.0358
56751.3624 9.0694 0.0416
57160.5043 8.7231 0.0372
57134.4895 8.2651 0.0370
57223.3821 7.6262 0.0340
57220.2834 8.3514 0.0359
57191.4511 6.9132 0.0365
56833.3478 9.0069 0.0471
56776.4795 9.2955 0.0497
56772.5585 9.4957 0.0558
56723.5097 9.3445 0.0512
56805.4306 9.1472 0.0501
56781.3691 9.3132 0.0567
57123.5698 8.7024 0.0584
56831.3363 9.1241 0.0472
56798.4422 9.1786 0.0487
56722.4684 9.4585 0.0486
56839.3341 8.8968 0.0523
56837.3417 8.8734 0.0488
57542.3791 7.0327 0.0384
57166.3501 8.7153 0.0471
57078.4881 8.6971 0.0432
56809.4772 9.0752 0.0559
56803.4885 9.1348 0.0596
57433.5460 7.6013 0.0389
57547.4125 7.0304 0.0395
56835.3395 8.9778 0.0474
56715.5711 9.3102 0.0465
56712.4997 9.1838 0.0489
56807.3096 9.1808 0.0518
56780.3275 9.3369 0.0525
56811.4533 9.1905 0.0479
56841.3393 8.8223 0.0514
56778.3170 9.4686 0.0521
56783.3659 9.2937 0.0581
57185.4838 8.4832 0.0608
57105.5730 8.5833 0.0679
53147.4653 7.4662 0.0216
57104.5182 8.6687 0.0677
54620.3618 5.5246 0.0507
