57420.5718 26.2221 0.0468
56833.3442 27.4285 0.0644
53147.4525 27.4370 0.0150
56805.4265 28.0807 0.0735
56781.3651 28.1427 0.0763
57492.5616 26.4917 0.0617
56798.4382 27.9801 0.0691
57542.3753 26.1681 0.0612
56841.3344 27.4663 0.0735
57157.4605 26.3081 0.0642
57520.3289 26.2294 0.0615
56801.3611 28.1275 0.0736
56776.4755 28.6317 0.0716
56809.4728 27.9204 0.0761
56839.3294 27.7802 0.0741
57508.4244 26.2603 0.0625
57191.4470 26.0334 0.0605
56722.4643 28.5341 0.0713
57134.4858 26.6040 0.0618
56835.3351 27.4862 0.0693
56811.4492 28.0842 0.0702
57223.3789 25.8207 0.0621
57216.2922 25.8758 0.0640
56778.3129 28.4083 0.0748
56783.3617 28.1025 0.0780
57220.2801 25.8058 0.0640
56772.5541 28.5713 0.0772
56807.3055 28.0420 0.0732
56780.3231 28.2903 0.0737
56723.5056 28.5732 0.0737
56837.3376 27.3220 0.0709
56831.3322 27.5080 0.0686
57547.4087 25.9861 0.0613
56751.3593 28.3778 0.0732
56744.5318 28.4990 0.0734
56712.4957 28.6971 0.0720
57479.5619 26.2313 0.0612
56715.5670 28.8232 0.0692
57213.3036 25.8591 0.0590
57433.5416 26.1444 0.0606
56803.4819 27.8716 0.0954
57160.4616 26.3321 0.0734
56741.6257 28.5765 0.1123
57078.4859 27.6506 0.0695
57166.3455 26.2699 0.0775
57105.5711 27.3221 0.0977
57104.5060 27.3585 0.0841
57185.4795 26.3146 0.1003
57123.5621 26.7834 0.1014
57567.3097 26.0653 0.1597
