57420.5763 2.8810 0.0299
52730.5987 2.3996 0.0239
56801.3688 2.8328 0.0405
53122.4995 1.8599 0.0071
56833.3478 2.7247 0.0385
56744.5358 2.9418 0.0443
56776.4795 3.0157 0.0412
56772.5585 3.0574 0.0490
56723.5097 2.9891 0.0426
56781.3691 3.1658 0.0491
56831.3363 2.7073 0.0376
57213.3079 3.0857 0.0320
57223.3832 3.2969 0.0363
57134.4907 2.9961 0.0391
56798.4422 2.9309 0.0410
56722.4684 2.9691 0.0398
56839.3341 2.6328 0.0438
57160.5054 3.0322 0.0383
56751.3634 3.0537 0.0423
56805.4306 2.8749 0.0415
57520.3333 2.8471 0.0388
57542.3791 2.8131 0.0314
56809.4772 2.9393 0.0472
57479.5663 2.7853 0.0386
56803.4885 2.8355 0.0525
56837.3417 2.6641 0.0402
57433.5460 3.0577 0.0317
56835.3395 2.6379 0.0378
57547.4125 3.0018 0.0329
57492.5660 2.8975 0.0369
56715.5711 3.0673 0.0377
57191.4517 3.2113 0.0376
56741.6278 2.8980 0.0596
56712.4997 3.0653 0.0407
56778.3170 3.1593 0.0437
57220.2845 3.1227 0.0364
57157.4650 3.0596 0.0389
56807.3096 2.7833 0.0422
57123.5698 2.9621 0.0547
56780.3275 3.0896 0.0447
56811.4533 2.8807 0.0388
56841.3393 2.6278 0.0444
57508.4284 2.8232 0.0337
57216.2975 3.1730 0.0347
56783.3659 3.0556 0.0519
57185.4838 3.0033 0.0532
57166.3513 2.9097 0.0437
53147.4493 2.2230 0.0113
57078.4898 2.9598 0.0487
57105.5730 3.0630 0.0561
57104.5182 2.9401 0.0546
