57420.5582 2.2763 0.0288
56743.5381 2.0396 0.0421
56741.6094 2.0408 0.0599
53472.4934 2.0995 0.0082
56780.3104 2.0474 0.0474
56833.3288 2.2662 0.0395
56807.2931 1.9434 0.0428
57479.5491 2.4030 0.0400
56712.4835 2.0786 0.0411
56778.3007 2.0269 0.0423
56837.3245 2.1826 0.0411
57220.2668 2.2794 0.0341
57567.2988 2.3275 0.0324
56776.4632 1.9680 0.0411
57191.4328 2.4873 0.0360
56831.3199 2.1441 0.0379
57216.2792 2.4067 0.0343
56839.3166 2.1262 0.0435
57223.3660 2.3046 0.0352
56841.3211 2.1301 0.0489
57194.4128 2.5405 0.0349
56722.4512 2.0235 0.0402
56744.5188 2.0676 0.0414
57542.3634 2.4401 0.0326
56723.4935 1.9614 0.0455
56805.4134 1.9960 0.0424
57508.4126 2.3971 0.0328
57185.4654 2.3823 0.0397
56781.3529 2.0652 0.0476
57433.5303 2.2943 0.0306
56801.3488 1.9088 0.0418
57492.5483 2.2665 0.0379
57520.3156 2.3955 0.0405
56811.4368 1.9651 0.0376
56772.5406 2.0303 0.0537
56809.4595 2.0179 0.0422
56803.4668 1.9314 0.0481
56798.4255 1.9298 0.0375
56783.3458 1.9981 0.0524
56715.5548 2.0115 0.0380
57160.3693 2.4851 0.0312
57547.3970 2.4171 0.0319
57213.2908 2.3123 0.0310
56835.3225 2.1423 0.0379
56751.3471 2.1135 0.0447
57157.4471 2.5316 0.0385
57133.6028 2.5845 0.0527
57123.5441 2.4410 0.0651
57104.4669 2.5682 0.0604
57459.5499 2.3843 0.0481
57134.4738 2.5823 0.0583
57166.3310 2.4532 0.0653
