57420.5625 7.3984 0.0340
56833.3397 6.7706 0.0392
56712.4876 6.5263 0.0484
56783.3499 6.1497 0.0583
56715.5589 6.4455 0.0456
57157.4515 5.6375 0.0428
56722.4562 6.7434 0.0478
56809.4644 6.5354 0.0520
56839.3207 6.4147 0.0503
56841.3254 6.5739 0.0542
56781.3570 6.1834 0.0537
56835.3266 6.6523 0.0464
56811.4410 6.6560 0.0467
57492.5529 7.0019 0.0426
56751.3512 7.4405 0.0528
56837.3290 6.5012 0.0487
57133.6087 5.2397 0.0523
57213.2951 7.5633 0.0402
56780.3146 6.3548 0.0520
57160.3736 5.6819 0.0376
57123.5514 5.3313 0.0554
56772.5452 6.5153 0.0568
57191.4374 6.4783 0.0451
56805.4182 6.5764 0.0506
56744.5234 6.9903 0.0498
57223.3703 7.2435 0.0431
57479.5533 7.9272 0.0456
57220.2711 7.3867 0.0436
56741.6082 6.5293 0.0640
56803.4723 6.3561 0.0542
57508.4165 7.1622 0.0424
56831.3240 6.7880 0.0465
57134.4821 5.3634 0.0488
56807.2972 6.5902 0.0486
57433.5341 7.7997 0.0407
56778.3048 6.4781 0.0506
56798.4301 6.3778 0.0452
56801.3529 6.3662 0.0495
57567.3029 8.3293 0.0470
56776.4673 6.5635 0.0494
57542.3673 8.1637 0.0414
57216.2834 7.3108 0.0430
57547.4010 8.2318 0.0423
57520.3201 7.9541 0.0471
56723.4975 6.8616 0.0504
57078.4761 5.2972 0.0496
57166.3371 5.5347 0.0497
57185.4701 6.2750 0.0646
57104.4732 4.9804 0.0817
