56743.5069 3.3207 0.0307
57508.4044 2.4576 0.0349
56831.3117 3.5091 0.0428
56805.4052 3.6039 0.0459
56712.4754 3.4178 0.0462
57567.2907 2.5946 0.0413
56811.4286 3.6872 0.0428
57133.4154 2.6926 0.0349
56715.5467 3.4084 0.0440
56751.3388 3.4375 0.0505
56841.3128 3.4454 0.0509
56744.5487 3.4269 0.0489
56837.3164 3.4392 0.0442
56833.3206 3.6288 0.0433
56807.2850 3.5922 0.0454
56835.3144 3.5876 0.0424
56722.4431 3.3566 0.0456
57078.4375 3.0182 0.0431
56839.3084 3.6551 0.0484
56801.3407 3.6167 0.0475
56803.4007 3.6241 0.0513
56809.4513 3.6991 0.0476
56723.4853 3.4040 0.0457
56798.4174 3.6713 0.0419
57420.5506 1.7297 0.0420
57185.4561 2.0993 0.0470
57492.5382 1.4123 0.0444
57191.4231 2.1829 0.0433
57213.2831 2.1433 0.0434
57220.2589 2.0019 0.0540
56783.3371 3.6827 0.0791
57433.5237 1.7843 0.0421
57160.3618 2.2130 0.0449
57194.4053 2.0679 0.0473
56781.3459 3.5968 0.0782
56776.4560 3.6682 0.0649
56780.3029 3.7213 0.0730
57479.5424 2.0598 0.0520
57157.4393 2.0753 0.0548
57542.3566 2.3869 0.0471
57520.3078 2.3498 0.0553
56741.5907 3.3080 0.0844
56772.5324 3.6354 0.0738
57105.5603 2.8797 0.0550
57223.3584 2.1669 0.0487
57216.2717 2.1025 0.0465
57459.5435 1.7801 0.0465
57547.3904 2.4143 0.0457
56778.2936 3.5244 0.0694
56721.5940 3.2576 0.1227
57134.4690 2.1941 0.0825
57104.4590 2.7894 0.0678
57195.4013 2.0476 0.0746
57166.3221 2.1561 0.1045
