57420.5648 2.3409 0.0283
57191.4456 2.2153 0.0325
56833.3407 2.0249 0.0348
57134.4846 2.0679 0.0355
56831.3281 1.9726 0.0356
57433.5379 2.3281 0.0297
56805.4223 1.8993 0.0402
56751.3553 2.0124 0.0411
57542.3711 2.2197 0.0299
56723.5016 1.9345 0.0391
57160.3779 1.9813 0.0297
57157.4560 2.1015 0.0362
56839.3248 2.0350 0.0410
56798.4341 2.0198 0.0362
56835.3306 2.0956 0.0365
56803.4771 2.1509 0.0478
56837.3334 1.9302 0.0383
57492.5572 2.0451 0.0349
56809.4686 1.9928 0.0409
56741.6140 1.9554 0.0559
57216.2878 1.8568 0.0323
57479.5576 2.1078 0.0368
56801.3570 2.0219 0.0396
57223.3746 1.9968 0.0333
56715.5630 1.9933 0.0357
57220.2754 2.0198 0.0336
56811.4451 1.8812 0.0364
56722.4603 2.0115 0.0374
56807.3013 1.9402 0.0362
56841.3295 2.0130 0.0443
57567.3072 2.2103 0.0348
56712.4916 1.9034 0.0385
57547.4049 2.2358 0.0309
57104.4873 1.9301 0.0406
57213.2988 2.0381 0.0362
56781.3600 2.3314 0.0654
57520.3235 2.0732 0.0524
56778.3078 2.3264 0.0576
56783.3531 2.2965 0.0731
57123.5559 1.9465 0.0725
56744.5265 2.0406 0.0567
57166.3406 2.1901 0.0614
56776.4704 2.2670 0.0544
52813.3216 2.4655 0.0129
57185.4755 2.0771 0.0405
56780.3177 2.2783 0.0604
57508.4194 2.2163 0.0452
56772.5486 2.3498 0.0659
57078.4801 1.9117 0.0543
57105.5696 1.6972 0.0725
56865.2996 2.4041 0.0824
53770.6220 1.5593 0.0241
56829.3185 2.1365 0.0774
54620.3581 1.6429 0.0410
