53472.4741 41.3226 0.0137
57420.5582 30.1229 0.0493
56811.4368 36.1964 0.0790
57216.2792 37.1847 0.0756
56833.3288 38.4636 0.0825
56807.2931 35.7015 0.0876
56712.4835 31.5787 0.0771
56837.3245 39.3828 0.0844
57220.2668 36.8225 0.0732
57567.2988 34.6897 0.0728
57191.4328 37.7185 0.0734
56741.6019 31.0066 0.0873
56831.3199 38.3594 0.0816
56839.3166 39.4299 0.0869
57223.3660 37.2304 0.0740
57194.4128 37.5069 0.0733
56722.4512 32.0798 0.0775
57542.3634 35.4741 0.0734
56723.4935 31.9077 0.0832
56805.4134 35.3673 0.0830
57508.4126 35.4988 0.0725
57185.4654 37.5999 0.0752
57433.5303 36.7031 0.0720
57520.3156 35.4756 0.0717
56809.4595 35.9033 0.0839
56803.4668 34.7522 0.0853
56798.4255 35.1268 0.0763
56801.3488 35.1959 0.0808
56715.5548 31.9249 0.0752
57547.3970 35.6574 0.0726
56835.3225 38.9497 0.0817
57213.2908 36.6382 0.0693
57104.4669 37.5345 0.1076
56743.5324 6.5801 0.0620
57133.6028 37.6368 0.0960
57123.5441 38.6834 0.0993
56772.5417 32.4958 0.1154
56781.3540 33.8759 0.1169
56751.3481 31.6132 0.1118
56780.3115 33.6290 0.1181
57160.3704 38.1624 0.0991
56776.4642 33.0646 0.1126
56841.3222 39.9069 0.1228
57459.5499 38.5724 0.1080
56783.3468 33.6507 0.1182
56744.5199 31.4751 0.1080
57134.4738 38.4531 0.1170
57479.5501 37.2285 0.0993
56778.3017 33.9936 0.1128
57157.4482 37.3798 0.1062
57492.5495 35.7876 0.1150
57166.3323 38.4257 0.1684
