57420.5625 8.6024 0.0345
56833.3397 9.9482 0.0422
53472.4934 9.6651 0.0112
56712.4876 9.5268 0.0520
56772.5452 10.1015 0.0605
56715.5589 9.5494 0.0495
57157.4515 8.8018 0.0460
56722.4562 9.5041 0.0511
56809.4644 9.5346 0.0556
56839.3207 9.6989 0.0540
56835.3266 9.7251 0.0500
56811.4410 9.5250 0.0503
56751.3512 9.7149 0.0551
56837.3290 9.8032 0.0527
57133.6087 8.5386 0.0554
57213.2951 9.6405 0.0420
57492.5529 9.9501 0.0451
57160.3736 8.9436 0.0412
57123.5514 8.3898 0.0577
57191.4374 9.4164 0.0481
56805.4182 9.5424 0.0540
56744.5234 9.5219 0.0525
57223.3703 9.5994 0.0452
57547.4010 10.0949 0.0435
57220.2711 9.4833 0.0455
56741.6082 9.5695 0.0672
56803.4723 9.1815 0.0571
57508.4165 10.2088 0.0454
56831.3240 9.9249 0.0501
57134.4821 8.6784 0.0527
56807.2972 9.5003 0.0524
57433.5341 8.8971 0.0410
57542.3673 10.2628 0.0429
56798.4301 9.5792 0.0491
56801.3529 9.5574 0.0532
57567.3029 10.1233 0.0480
56776.4673 9.7201 0.0531
57216.2834 9.5409 0.0450
57479.5533 9.4115 0.0464
57520.3201 10.2393 0.0485
56723.4975 9.4505 0.0534
56841.3254 9.7946 0.0576
57078.4761 3.8740 0.0470
57166.3371 9.0252 0.0533
56778.3038 9.8358 0.0769
56783.3488 9.6116 0.0872
56781.3560 9.8963 0.0820
57185.4701 9.4245 0.0691
56780.3135 9.5975 0.0797
57104.4732 8.0796 0.0890
