57420.5729 6.8490 0.0278
56801.3657 6.8751 0.0333
56715.5691 6.6706 0.0308
56723.5077 6.6941 0.0342
56809.4750 6.9435 0.0370
56722.4664 6.4960 0.0321
56811.4513 7.0236 0.0323
56807.3075 6.9276 0.0342
56712.4977 6.5172 0.0325
56805.4285 6.9427 0.0343
56803.4857 6.8324 0.0437
56741.6252 6.8675 0.0518
56833.3443 6.6550 0.0360
56783.3628 6.8861 0.0465
57547.4097 6.7410 0.0329
57542.3762 6.9023 0.0325
57220.2812 6.0495 0.0339
57157.4616 5.5764 0.0346
56776.4765 7.0326 0.0388
57216.2933 5.8922 0.0329
56831.3332 6.6353 0.0362
57508.4254 6.4200 0.0334
56837.3386 6.5844 0.0384
56841.3356 6.5357 0.0417
57479.5630 6.6771 0.0359
56839.3306 6.5644 0.0407
56835.3362 6.5512 0.0366
56772.5552 6.7999 0.0443
57223.3800 5.8656 0.0330
57492.5628 6.6048 0.0342
57520.3300 6.7915 0.0362
57213.3047 6.0394 0.0305
56744.5328 6.9075 0.0405
57134.4871 5.9866 0.0346
57433.5426 7.2394 0.0326
56780.3242 6.9819 0.0411
56798.4392 6.8863 0.0374
56781.3661 6.9357 0.0433
57191.4482 5.6270 0.0327
56751.3604 6.8621 0.0400
56778.3139 6.9555 0.0411
57160.4787 5.6708 0.0374
57166.3467 5.7085 0.0445
57123.5653 6.1231 0.0566
57185.4814 5.6262 0.0461
57078.4864 6.7872 0.0410
57104.5101 6.5176 0.0414
57105.5716 6.4237 0.0519
54620.3606 5.3031 0.0398
57567.3097 6.3068 0.1118
53147.4461 8.6211 0.0221
