56801.3749 2.5357 0.0287
53081.5413 3.3628 0.0060
57420.5809 2.7534 0.0307
56833.3526 2.4976 0.0345
57191.4580 2.4926 0.0333
56712.5038 2.7813 0.0423
56778.3210 2.5679 0.0455
57492.5703 2.8288 0.0378
57479.5706 2.6724 0.0391
56807.3136 2.5507 0.0405
57216.3027 2.4414 0.0350
56780.3316 2.5735 0.0459
56811.4574 2.5873 0.0408
56741.6340 2.5917 0.0646
56809.4820 2.4381 0.0466
56783.3699 2.5505 0.0553
57433.5504 2.7278 0.0314
56715.5752 2.7509 0.0392
57508.4323 2.7635 0.0340
56841.3435 2.4271 0.0474
56744.5399 2.6176 0.0463
56723.5137 2.7303 0.0434
57134.4954 2.5481 0.0383
56751.3675 2.6919 0.0439
56781.3732 2.6579 0.0485
57123.5755 2.6311 0.0561
56798.4478 2.5551 0.0461
56772.5627 2.4383 0.0522
57223.3876 2.5836 0.0364
56835.3435 2.5502 0.0399
57547.4163 2.8769 0.0334
57220.2890 2.4683 0.0341
56805.4347 2.4948 0.0443
57542.3828 2.8039 0.0318
56776.4836 2.6183 0.0417
57213.3122 2.4497 0.0317
57520.3376 2.8102 0.0390
56831.3404 2.5378 0.0392
56837.3458 2.5022 0.0426
56839.3381 2.5348 0.0477
56722.4730 2.7949 0.0436
52816.2956 2.5225 0.0097
56803.4932 2.6479 0.0716
57157.4700 2.4003 0.0427
57166.3553 2.4492 0.0486
57185.4913 2.4392 0.0575
57160.5099 2.4631 0.0533
57078.4942 2.3948 0.0509
57104.5235 2.5737 0.0724
57105.5754 2.4179 0.0808
