57479.5299 3.4074 0.0203
57420.5480 2.9681 0.0359
57567.2929 3.1525 0.0224
57542.3559 3.4773 0.0214
57508.4047 3.3142 0.0221
57492.5392 3.3488 0.0251
57520.3068 3.2835 0.0305
56715.4984 3.6168 0.0349
57547.3912 3.4543 0.0227
57459.5405 3.3650 0.0262
56803.4112 3.5565 0.0368
56743.5101 3.4400 0.0357
57433.5243 3.3081 0.0219
57160.3622 2.5322 0.0618
56741.5899 3.2650 0.0518
56723.4803 3.4393 0.0374
56811.4234 3.4593 0.0334
56781.3397 3.5534 0.0461
56809.4460 3.4420 0.0374
57460.4734 3.3664 0.0301
56721.5901 3.5416 0.0419
56798.4117 3.5353 0.0337
56778.2875 3.5554 0.0402
56805.4000 3.4737 0.0350
56776.4499 3.5933 0.0366
56833.3155 3.3014 0.0339
56780.2967 3.5481 0.0429
56835.3093 3.2913 0.0333
56831.3066 3.2587 0.0336
56744.5344 3.1998 0.0368
56751.3336 3.5656 0.0430
56783.3308 3.5503 0.0469
56841.3074 3.1387 0.0417
56801.3352 3.5305 0.0392
56837.3096 3.2545 0.0351
56839.3033 3.1415 0.0373
56772.5257 3.5411 0.0451
56807.2799 3.4613 0.0372
56712.4708 3.6740 0.0414
53496.3516 2.6668 0.0080
57191.4244 2.2882 0.0700
57213.2806 2.3033 0.0539
57216.2664 2.2787 0.0333
57104.4580 8.3440 0.1983
56829.3208 3.2507 0.0493
56800.5027 3.5625 0.0714
57194.3999 2.3514 0.0338
57133.4106 2.8632 0.0329
57220.2508 2.3036 0.0873
57223.3531 2.2864 0.0341
57157.4336 2.6357 0.0357
57123.5357 7.1804 0.1334
56722.4392 3.4835 0.0481
57419.5251 3.0120 0.0623
52793.2667 3.6886 0.0295
53475.5629 2.3898 0.0111
57185.4551 2.3970 0.0607
57156.4565 2.5323 0.0604
57195.3988 2.4608 0.0544
57166.3249 2.3496 0.2077
57134.4666 2.8198 0.0583
56711.5225 3.5929 0.0847
57078.4234 3.4065 0.0545
57155.3863 2.7027 0.2587
53388.6169 2.6473 0.0196
54620.3631 3.4170 0.0462
57105.5577 3.0168 0.0770
53467.5113 2.2692 0.0164
