52730.5987 3.6156 0.0249
53122.4995 2.5663 0.0075
56798.4422 1.7873 0.0397
57160.5054 2.1461 0.0373
56751.3634 1.5490 0.0403
57520.3333 1.7215 0.0377
57420.5776 1.8680 0.0413
57479.5663 1.7384 0.0376
56744.5358 1.4740 0.0424
57492.5660 1.5947 0.0353
57157.4650 2.1223 0.0379
57508.4284 1.6075 0.0320
56833.3500 1.9433 0.0508
57166.3513 1.9879 0.0430
57216.2995 2.0012 0.0475
56781.3701 2.0188 0.0703
57433.5476 1.8923 0.0425
57078.4898 2.1020 0.0470
56839.3351 2.1402 0.0617
56741.6289 1.1174 0.0497
57542.3800 1.7955 0.0426
57213.3090 2.0520 0.0433
56801.3664 1.7557 0.0605
56780.3285 1.9189 0.0616
56712.5008 1.7896 0.0551
57134.4919 2.3824 0.0526
56841.3403 1.9032 0.0608
56809.4782 1.8059 0.0687
56807.3106 1.8965 0.0567
57123.5713 2.5286 0.0776
56837.3427 1.8719 0.0556
56722.4695 1.8522 0.0553
57547.4135 1.6199 0.0432
56831.3373 1.9489 0.0520
57191.4528 2.0752 0.0506
56835.3405 1.9878 0.0531
56715.5721 1.6865 0.0505
56805.4316 1.8453 0.0579
56803.4898 1.9577 0.0766
57220.2856 1.9332 0.0491
56778.3180 1.8110 0.0593
56783.3669 1.9776 0.0722
56776.4806 1.9407 0.0568
56811.4543 1.9387 0.0535
56723.5107 1.6646 0.0579
56772.5596 1.8803 0.0684
57223.3843 1.9803 0.0490
57185.4850 2.4737 0.1136
57105.5735 2.1301 0.0772
