56801.3749 3.2048 0.0291
57420.5809 3.0816 0.0307
56833.3526 3.5545 0.0360
57191.4580 3.4250 0.0345
52816.2955 3.4007 0.0092
56712.5038 3.5857 0.0435
56778.3210 3.3781 0.0464
57492.5703 2.6734 0.0378
57479.5706 2.8109 0.0393
56807.3136 3.3505 0.0421
57216.3027 3.7230 0.0373
56780.3316 3.2768 0.0465
56811.4574 3.4218 0.0424
56741.6340 3.4203 0.0650
56809.4820 3.1514 0.0477
56783.3699 3.1917 0.0551
57433.5504 3.0606 0.0322
56715.5752 3.5178 0.0406
57508.4323 2.6264 0.0339
56841.3435 3.6356 0.0491
56744.5399 3.5060 0.0474
56723.5137 3.5740 0.0448
57134.4954 3.5276 0.0394
56751.3675 3.4347 0.0449
56781.3732 3.3158 0.0490
57123.5755 3.3374 0.0556
56798.4478 3.2238 0.0470
56772.5627 3.1734 0.0526
57223.3876 3.7891 0.0382
56835.3435 3.6092 0.0419
57547.4163 2.3079 0.0324
57220.2890 3.8100 0.0364
56805.4347 3.1713 0.0454
57542.3828 2.3737 0.0310
56776.4836 3.3166 0.0425
57213.3122 3.7739 0.0340
57520.3376 2.3736 0.0384
56831.3404 3.5394 0.0412
56837.3458 3.6987 0.0447
56839.3381 3.5031 0.0493
56722.4730 3.5794 0.0448
56803.4932 3.0766 0.0718
57157.4700 3.3131 0.0438
57166.3553 3.1942 0.0494
57185.4913 3.4369 0.0590
57160.5099 3.2587 0.0546
57078.4942 3.6667 0.0542
57104.5235 3.5874 0.0762
57105.5754 3.4868 0.0844
