56743.5063 2.4770 0.0468
57420.5495 3.3551 0.0328
57547.3894 3.9046 0.0371
57433.5227 3.6109 0.0352
57157.4382 3.2157 0.0418
56841.3128 3.1156 0.0554
57216.2706 3.2338 0.0376
57223.3574 3.3559 0.0384
57479.5414 3.5501 0.0408
57213.2820 3.2610 0.0346
57220.2575 3.3309 0.0430
56801.3407 3.5497 0.0536
56803.4007 3.7228 0.0581
57542.3556 3.9253 0.0370
56807.2844 3.2429 0.0641
57160.3613 3.3400 0.0387
57492.5382 3.6190 0.0523
56839.3078 3.3883 0.0657
56805.4047 3.4947 0.0646
56715.5461 2.4282 0.0611
57078.4410 2.4200 0.0546
56835.3138 3.1660 0.0592
57567.2988 3.5408 0.0557
56778.2920 2.6900 0.0672
56811.4281 3.2405 0.0606
56837.3159 3.1926 0.0615
56776.4545 2.9667 0.0661
56772.5306 2.5337 0.0713
56780.3013 2.6339 0.0711
56831.3112 3.2016 0.0604
56712.4749 2.3732 0.0631
56722.4425 2.4429 0.0626
56809.4508 3.5421 0.0673
56723.4848 2.4947 0.0636
56798.4168 3.4069 0.0580
56744.5482 2.5621 0.0668
56751.3382 2.5650 0.0690
56833.3201 3.2273 0.0600
57460.4772 3.4951 0.1055
56783.3350 2.6973 0.0928
56741.5882 2.7536 0.1232
57191.4226 2.8824 0.0579
57520.3056 3.6371 0.0622
57508.4033 3.4630 0.0560
57459.5411 3.6867 0.0604
57194.4031 2.9624 0.0542
57166.3209 3.5268 0.0753
57133.4143 3.0070 0.0541
57123.5324 2.7150 0.0761
56781.3438 2.7809 0.0929
57185.4541 2.8915 0.1027
57105.5598 2.3826 0.0826
56721.5940 2.2162 0.1550
57195.4003 2.8262 0.0854
57104.4590 2.5357 0.0688
57134.4680 2.7904 0.0986
