57420.5752 6.8284 0.0273
56741.6261 6.5731 0.0446
57157.4628 7.1117 0.0314
57520.3311 6.9366 0.0313
56778.3149 6.1732 0.0343
56783.3638 5.8450 0.0388
57492.5638 6.9109 0.0301
57223.3811 6.8810 0.0294
56744.5338 6.6331 0.0347
56781.3671 6.0011 0.0367
57220.2823 7.0352 0.0302
57216.2948 6.8692 0.0294
56798.4402 6.7991 0.0324
56780.3253 6.1321 0.0343
56801.3671 6.6720 0.0376
56772.5563 6.2539 0.0376
57134.4883 6.8627 0.0305
57213.3058 6.9657 0.0271
57547.4106 6.9147 0.0284
57479.5641 6.9063 0.0310
56751.3614 6.6320 0.0340
57191.4493 6.7653 0.0295
56776.4775 6.4166 0.0328
57542.3772 6.8958 0.0279
57508.4264 6.9103 0.0292
57160.4866 7.0870 0.0328
56833.3463 6.6046 0.0364
57166.3484 7.1529 0.0373
56807.3086 6.7836 0.0391
56805.4296 6.8348 0.0390
56811.4523 6.8323 0.0369
56839.3331 6.6945 0.0405
56723.5087 6.6132 0.0391
56712.4987 6.6263 0.0376
57433.5449 6.9882 0.0316
56841.3382 6.8342 0.0408
56809.4761 6.6937 0.0424
56835.3385 6.6537 0.0363
57123.5673 7.0628 0.0468
56837.3407 6.6645 0.0379
56831.3353 6.7441 0.0360
56715.5701 6.6341 0.0352
56722.4674 6.7777 0.0371
57185.4821 6.6523 0.0453
57078.4874 7.2958 0.0361
56803.4877 6.7318 0.0527
57105.5720 6.9904 0.0458
57104.5101 6.7998 0.0418
53147.4525 8.6846 0.0222
57567.3097 5.4330 0.1069
54620.3618 7.9412 0.0564
