57191.4456 1.1623 0.0312
56833.3407 0.9773 0.0338
56831.3281 1.0616 0.0349
56744.5276 0.9569 0.0399
56805.4223 1.0259 0.0398
56723.5016 1.0998 0.0389
57542.3711 0.9099 0.0270
57160.3779 1.2353 0.0285
57157.4560 1.2764 0.0352
56776.4714 0.8715 0.0370
56798.4341 0.9186 0.0353
56835.3306 0.8917 0.0351
56803.4771 0.9889 0.0476
56837.3334 0.9817 0.0376
56809.4686 1.1006 0.0403
56839.3248 0.8807 0.0402
57216.2878 0.9564 0.0308
56778.3088 0.9163 0.0399
57134.4855 1.1664 0.0349
52813.3164 0.8363 0.0084
56801.3570 1.0257 0.0392
56780.3187 0.9518 0.0417
57433.5379 0.8076 0.0265
57223.3746 0.9338 0.0316
56715.5630 1.0832 0.0350
56781.3610 0.8933 0.0451
57220.2754 0.9870 0.0318
56811.4451 1.0358 0.0358
56722.4603 1.0315 0.0369
56751.3553 0.8506 0.0402
56807.3013 1.0887 0.0356
56841.3295 0.9074 0.0440
56712.4916 1.0963 0.0383
57547.4049 0.8451 0.0279
57104.4873 0.9387 0.0385
57213.2988 0.9637 0.0340
56772.5503 0.9897 0.0497
57567.3070 0.9152 0.0356
57508.4203 0.7138 0.0328
57520.3252 0.6984 0.0401
56783.3564 0.8966 0.0593
56741.6149 0.9430 0.0500
56829.3180 0.9766 0.0475
57123.5585 1.0754 0.0444
57166.3406 1.2647 0.0600
57185.4755 1.1280 0.0393
57078.4806 0.8089 0.0438
56865.2991 0.8924 0.0486
57479.5593 0.7399 0.0579
57105.5696 1.0064 0.0704
57492.5568 0.7924 0.0513
53770.6220 1.2455 0.0240
54620.3581 1.7742 0.0421
