57420.5763 3.2890 0.0298
53147.4525 3.7512 0.0082
56833.3478 2.3742 0.0374
56776.4795 2.8197 0.0399
56772.5585 2.9609 0.0475
56723.5097 2.9052 0.0415
56744.5358 3.0854 0.0434
56805.4306 1.8641 0.0389
56781.3691 2.7691 0.0474
56831.3363 2.2539 0.0360
57213.3079 3.3658 0.0320
57223.3832 3.3181 0.0357
57157.4650 3.0431 0.0382
57134.4907 3.0567 0.0385
56798.4422 2.9137 0.0397
56722.4684 2.9934 0.0389
56839.3341 1.9481 0.0414
57520.3333 3.7001 0.0392
57542.3791 3.4395 0.0325
56809.4772 1.8308 0.0444
56803.4885 2.7931 0.0511
56837.3417 1.8815 0.0378
57433.5460 3.5299 0.0322
56835.3395 1.8545 0.0358
57547.4125 3.3809 0.0334
57492.5660 2.5306 0.0360
56715.5711 2.4717 0.0356
56741.6278 3.0239 0.0586
56712.4997 2.8485 0.0394
56778.3170 3.0517 0.0425
57220.2845 3.5296 0.0366
56807.3096 2.7392 0.0411
57160.5054 3.1143 0.0377
56780.3275 2.8743 0.0433
56811.4533 2.8170 0.0380
57508.4284 3.7932 0.0350
57216.2975 3.3322 0.0345
56783.3659 2.9312 0.0505
56751.3639 2.2014 0.0440
57191.4518 2.5250 0.0430
57166.3513 3.1700 0.0437
56801.3664 3.0073 0.0609
56841.3403 2.8934 0.0602
57479.5673 3.8829 0.0554
57078.4898 3.0114 0.0483
57123.5713 3.0259 0.0763
57105.5730 3.1114 0.0555
57185.4850 3.3667 0.1127
57104.5182 3.1558 0.0535
