56743.5069 13.0543 0.0373
57420.5495 10.2092 0.0382
57567.2958 11.9675 0.0523
52816.2955 10.7214 0.0119
57508.4044 12.1333 0.0505
57194.4042 14.2373 0.0503
56803.4007 14.0982 0.0632
56831.3117 14.5641 0.0566
57547.3894 12.3668 0.0489
56741.5892 13.1186 0.0689
56805.4052 14.1269 0.0583
57433.5227 10.9802 0.0456
57459.5423 11.3175 0.0502
57160.3607 13.7155 0.0478
56712.4754 12.8571 0.0571
57133.4154 13.3774 0.0491
56835.3144 14.7612 0.0562
56715.5467 13.4816 0.0561
57157.4382 13.4568 0.0534
56744.5487 13.2910 0.0597
56841.3128 14.9853 0.0624
57216.2706 13.4405 0.0502
57223.3574 13.5110 0.0504
56751.3388 12.5171 0.0600
56837.3164 14.9747 0.0582
56833.3206 14.7032 0.0568
57479.5414 12.5350 0.0505
57213.2820 13.6588 0.0469
56722.4431 12.1111 0.0559
57078.4375 14.0678 0.0554
57220.2575 13.4260 0.0519
56839.3084 14.7185 0.0603
56801.3407 14.1608 0.0599
57520.3067 10.8284 0.0499
56809.4513 14.3887 0.0601
57542.3556 12.3478 0.0489
56723.4853 13.2492 0.0573
56798.4174 14.2195 0.0546
56807.2850 14.1944 0.0592
56811.4286 14.5671 0.0557
57185.4561 13.6653 0.0646
57492.5382 12.9560 0.0661
57191.4231 13.9281 0.0626
57460.4772 11.1125 0.1131
57195.4008 14.2812 0.0792
56772.5301 7.6605 0.0797
56783.3350 13.9292 0.0938
56780.3008 13.8314 0.0902
56778.2915 13.7067 0.0869
57166.3209 13.7148 0.0912
57123.5324 13.1421 0.0856
56776.4540 6.1979 0.0705
57105.5603 13.1804 0.0770
56781.3438 13.9737 0.0920
57134.4685 13.0938 0.0832
56721.5940 13.1314 0.1504
57419.5304 10.1226 0.1255
57104.4590 13.4782 0.1004
54620.3656 11.7498 0.0710
