57420.5718 4.2480 0.0318
56833.3442 3.7715 0.0388
56741.6247 2.9896 0.0606
56805.4265 3.5917 0.0450
57492.5616 4.6432 0.0383
56811.4492 3.6624 0.0414
57542.3753 4.2131 0.0353
56841.3344 3.8265 0.0490
57157.4605 3.5235 0.0395
57520.3289 4.1968 0.0416
53147.4509 3.9417 0.0091
56801.3611 3.4729 0.0458
57213.3036 3.8840 0.0342
56809.4728 3.5741 0.0465
56839.3294 3.7873 0.0463
57508.4244 4.2956 0.0373
57191.4470 4.1294 0.0376
56722.4643 3.1281 0.0419
57134.4858 3.7619 0.0386
56835.3351 3.8368 0.0414
56751.3593 3.3424 0.0448
57223.3789 3.7366 0.0374
57216.2922 3.7356 0.0374
56778.3129 3.3426 0.0461
56783.3617 3.9707 0.0553
57220.2801 3.7320 0.0378
56807.3055 3.7776 0.0432
56780.3231 3.5457 0.0462
56723.5056 3.1295 0.0441
56837.3376 3.7194 0.0436
56831.3322 3.7271 0.0402
57547.4087 3.9242 0.0351
56744.5318 3.2148 0.0448
56712.4957 2.9652 0.0422
57479.5619 4.4780 0.0412
56715.5670 3.0063 0.0388
57433.5416 4.5936 0.0354
56803.4819 3.6582 0.0632
57160.4616 3.7191 0.0445
57166.3455 4.0465 0.0515
56781.3646 2.7385 0.0580
56776.4745 3.4585 0.0609
57105.5711 3.8466 0.0576
56798.4371 3.2615 0.0575
57104.5060 3.9017 0.0478
57185.4795 4.0180 0.0668
56772.5530 3.7176 0.0736
57123.5621 3.8173 0.0793
57078.4849 3.8880 0.0641
57567.3097 4.7653 0.1008
