57420.5540 2.9865 0.0300
53467.4922 3.6647 0.0079
56741.6039 2.3655 0.0591
57220.2624 3.0396 0.0385
56722.4472 3.1393 0.0413
53471.4483 3.7114 0.0107
56723.4894 3.3639 0.0440
57433.5265 3.0792 0.0322
57223.3617 3.0810 0.0361
56751.3430 2.8912 0.0468
56783.3403 2.5471 0.0542
56772.5360 2.0349 0.0487
56803.4325 2.6594 0.0568
57160.3650 2.5127 0.0317
57542.3595 2.9848 0.0325
57157.4427 2.7428 0.0379
57459.5467 2.9316 0.0371
57216.2749 3.0765 0.0351
57520.3112 2.9463 0.0406
56811.4327 2.9231 0.0393
57567.2949 2.8403 0.0363
56715.5507 3.2852 0.0406
56780.3062 2.5459 0.0491
57479.5453 2.9785 0.0440
57508.4085 2.8779 0.0332
56712.4795 3.1965 0.0433
56781.3489 2.5374 0.0484
56776.4591 1.8168 0.0394
57078.4502 2.9213 0.0450
57213.2865 3.0213 0.0322
56778.2967 2.4472 0.0440
57547.3932 2.8576 0.0327
56831.3152 2.0022 0.0451
53474.4365 3.7878 0.0105
57134.4710 2.8968 0.0453
57492.5435 3.0734 0.0386
56807.2885 1.9727 0.0474
56833.3237 2.6714 0.0547
56744.5518 2.8943 0.0627
57133.5949 2.6273 0.0555
56835.3174 2.7770 0.0547
56743.5180 2.9738 0.0653
56841.3161 2.5069 0.0673
56805.4083 2.6299 0.0587
56837.3194 2.5047 0.0565
56801.3437 2.4989 0.0594
53883.4566 3.7919 0.0127
57194.4074 2.7206 0.0477
56798.4204 2.5051 0.0536
56839.3115 2.4832 0.0623
57185.4596 2.7735 0.0562
57104.4634 2.6569 0.0681
57191.4276 2.9641 0.0626
57195.4023 2.8906 0.0782
57105.5621 2.8059 0.0756
57166.3288 2.5301 0.0844
56809.4549 2.6322 0.0724
