53467.4922 3.8413 0.0080
57420.5551 3.2307 0.0437
53471.4483 3.9545 0.0108
56743.5259 3.0628 0.0460
53474.4365 4.0329 0.0106
56715.5518 2.8986 0.0573
57223.3628 2.9724 0.0514
56835.3194 3.0323 0.0564
57542.3605 3.3683 0.0485
56776.4601 3.1974 0.0602
56839.3135 2.8978 0.0662
57185.4773 2.7167 0.0732
57157.4438 2.6925 0.0553
57134.4715 2.9216 0.0538
57547.3942 3.2529 0.0474
56778.2977 3.3869 0.0651
57160.3661 2.7165 0.0457
57459.5477 3.6507 0.0555
56811.4337 3.2327 0.0575
57213.2876 2.8136 0.0454
57133.5978 3.0052 0.0684
56723.4904 2.9457 0.0606
57567.2959 3.1725 0.0502
56807.2900 3.1799 0.0628
56809.4564 3.3449 0.0641
56803.4635 3.3035 0.0696
56780.3072 3.2120 0.0731
57520.3123 3.4035 0.0589
56741.5967 3.0475 0.0850
57508.4095 3.2824 0.0487
56744.5538 2.9617 0.0656
56751.3440 3.1203 0.0679
56798.4224 3.2497 0.0571
56781.3499 3.2189 0.0708
56772.5372 3.1021 0.0719
53883.4566 2.7062 0.0120
56831.3168 3.0188 0.0566
56833.3258 3.0677 0.0558
56837.3214 3.1034 0.0608
57078.4520 2.8428 0.0567
56712.4805 3.0299 0.0615
56841.3181 2.9986 0.0713
56801.3458 3.2549 0.0625
56722.4482 3.0946 0.0595
57433.5275 3.5208 0.0468
57479.5463 3.4948 0.0637
56805.4104 3.1444 0.0620
53884.4341 2.8863 0.0127
57216.2759 2.7973 0.0495
57194.4096 2.7737 0.0497
56783.3413 3.2334 0.0794
57220.2635 2.8004 0.0520
57166.3288 2.6387 0.0846
57492.5456 3.3688 0.0575
57195.4033 2.7733 0.0799
57104.4634 2.8129 0.0687
57123.5397 2.8142 0.1288
