57420.5582 2.7900 0.0297
56743.5383 4.4451 0.0445
56741.6094 4.3197 0.0621
56744.5188 4.4272 0.0456
56780.3104 4.1813 0.0508
56833.3288 4.0095 0.0428
56807.2931 4.0686 0.0473
57479.5491 2.7085 0.0409
56712.4835 4.1152 0.0446
56778.3007 4.1427 0.0461
56837.3245 4.0035 0.0445
57220.2668 3.1145 0.0360
57567.2988 2.8417 0.0341
56776.4632 4.1387 0.0452
57191.4328 3.1773 0.0374
56831.3199 3.9639 0.0415
57216.2792 3.0902 0.0363
56839.3166 3.9204 0.0468
57223.3660 3.1066 0.0370
56841.3211 3.9100 0.0515
57194.4128 3.1785 0.0364
56722.4512 4.1683 0.0440
57542.3634 2.7328 0.0337
56723.4935 4.1924 0.0497
56805.4134 4.0053 0.0461
57508.4126 2.8192 0.0341
57185.4654 3.3034 0.0414
56781.3529 4.1588 0.0509
57433.5303 2.6757 0.0320
56801.3488 4.0893 0.0453
57492.5483 2.8395 0.0398
57520.3156 2.7696 0.0417
56811.4368 3.9719 0.0413
56772.5406 4.0013 0.0560
56809.4595 3.9571 0.0459
56803.4668 4.1514 0.0513
56798.4255 4.0249 0.0410
56783.3458 4.0517 0.0553
56715.5548 4.1993 0.0419
53472.4580 4.6103 0.0102
57160.3693 3.6585 0.0339
57547.3970 2.7623 0.0332
57213.2908 3.0710 0.0329
56835.3225 3.9370 0.0415
56751.3471 4.3840 0.0488
57157.4471 3.6436 0.0406
57123.5441 3.3808 0.0669
57104.4669 3.2064 0.0626
57133.6028 3.2462 0.0541
57459.5499 2.6726 0.0497
57134.4738 3.3118 0.0606
57166.3310 3.4871 0.0683
