57420.5540 3.5543 0.0301
56743.5230 5.2963 0.0414
56803.4428 5.2512 0.0474
53472.4612 3.2481 0.0085
56741.6039 5.0382 0.0621
57220.2624 4.5944 0.0402
56801.3447 5.2555 0.0460
57133.5964 4.3862 0.0459
56722.4472 5.1609 0.0438
57547.3932 3.7590 0.0333
56723.4894 5.2405 0.0462
57194.4085 4.5181 0.0367
57433.5265 3.6465 0.0322
57223.3617 4.6128 0.0378
56751.3430 5.1463 0.0494
56783.3403 5.3408 0.0570
56772.5360 5.5437 0.0528
57185.4684 4.5165 0.0481
57160.3650 4.6831 0.0346
56841.3171 5.5887 0.0523
57542.3595 3.7346 0.0329
57157.4427 4.6382 0.0401
56712.4795 5.1741 0.0457
57459.5467 3.5666 0.0371
57216.2749 4.6185 0.0369
57520.3112 3.6951 0.0409
56811.4327 5.3251 0.0424
57567.2949 3.7151 0.0368
56715.5507 5.1577 0.0430
56839.3125 5.4019 0.0490
56780.3062 5.6255 0.0527
57479.5453 3.5756 0.0443
56805.4093 5.3294 0.0458
57508.4085 3.8899 0.0340
56835.3184 5.5284 0.0428
56744.5528 5.1683 0.0483
56781.3489 5.5352 0.0519
56776.4591 5.3197 0.0443
56837.3204 5.4399 0.0449
57078.4502 4.9064 0.0474
57213.2865 4.6470 0.0341
56798.4214 5.3485 0.0423
56831.3158 5.5550 0.0430
56778.2967 5.5595 0.0481
56833.3247 5.4821 0.0426
56807.2890 5.2060 0.0450
57492.5435 3.5637 0.0388
56809.4559 5.2278 0.0516
57134.4710 4.3893 0.0472
53471.4520 3.3075 0.0125
57195.4028 4.4542 0.0589
53474.4333 3.3622 0.0128
57104.4634 4.7880 0.0737
57191.4276 4.6826 0.0677
57123.5397 4.2374 0.1300
57105.5621 4.7410 0.0819
57166.3288 4.6855 0.0873
