57420.5718 4.1385 0.0318
56833.3442 4.2733 0.0396
56741.6247 3.9521 0.0619
56805.4265 4.0509 0.0458
56841.3344 4.2018 0.0496
57492.5616 4.9306 0.0387
56798.4382 3.9690 0.0422
57542.3753 4.8561 0.0364
57157.4605 5.1855 0.0420
56781.3651 3.8139 0.0498
57520.3289 4.8647 0.0425
56801.3611 3.8583 0.0464
56776.4755 3.8179 0.0435
56809.4728 4.0187 0.0477
56839.3294 4.2583 0.0470
57508.4244 4.9534 0.0384
57191.4470 4.9281 0.0387
56722.4643 3.8094 0.0430
57134.4858 5.3361 0.0407
56835.3351 4.2277 0.0420
56811.4492 3.9822 0.0420
57223.3789 4.8572 0.0391
57216.2922 4.7760 0.0392
56778.3129 3.9256 0.0471
56783.3617 3.7962 0.0555
57220.2801 4.7934 0.0396
56772.5541 3.9255 0.0529
56807.3055 4.0135 0.0436
56780.3231 3.8425 0.0470
56723.5056 3.8570 0.0453
56837.3376 4.0928 0.0442
56831.3322 4.2505 0.0411
57547.4087 4.8116 0.0366
56751.3593 3.9545 0.0457
56744.5318 3.9402 0.0459
56712.4957 3.9120 0.0438
57479.5619 4.6594 0.0415
56715.5670 3.9471 0.0404
57213.3036 4.7736 0.0357
57433.5416 4.3797 0.0350
56803.4819 4.1115 0.0646
53147.4589 3.3857 0.0104
57160.4616 5.2148 0.0470
57078.4859 5.3943 0.0435
57166.3455 5.2789 0.0534
57105.5711 5.7037 0.0620
57104.5060 5.6635 0.0517
57185.4795 4.9808 0.0688
57123.5621 5.2392 0.0807
57567.3097 5.0818 0.1021
