53147.4525 10.3221 0.0103
56781.3691 5.2600 0.0517
57420.5776 9.1942 0.0491
56803.4885 9.0621 0.0602
56780.3275 9.5050 0.0530
56778.3170 9.5974 0.0525
56833.3500 8.8444 0.0624
56798.4432 9.2666 0.0707
57216.2995 9.0554 0.0623
57433.5476 9.5220 0.0586
57078.4898 9.1929 0.0603
56839.3351 8.8343 0.0741
57166.3518 8.7541 0.0658
57542.3800 9.7860 0.0598
57213.3090 9.1954 0.0571
57520.3344 9.3396 0.0655
56801.3664 9.0557 0.0736
56741.6293 9.4066 0.0925
56712.5008 9.7801 0.0705
57191.4528 9.2984 0.0639
56841.3403 8.9140 0.0717
56809.4782 9.1848 0.0829
56807.3106 8.8900 0.0711
56744.5368 9.4525 0.0754
57479.5673 10.1649 0.0658
56837.3427 8.8878 0.0693
57547.4135 9.7161 0.0608
56831.3373 9.0475 0.0665
57134.4919 9.0950 0.0635
56835.3405 8.8476 0.0671
56715.5721 9.6456 0.0666
57492.5671 9.9554 0.0669
57508.4294 9.5774 0.0622
56751.3644 9.5194 0.0719
56805.4316 9.0311 0.0716
57157.4661 8.6952 0.0655
57220.2856 9.0647 0.0629
56783.3669 9.2879 0.0828
56722.4695 9.5647 0.0702
56776.4806 9.3073 0.0709
56811.4543 9.1136 0.0676
56723.5107 9.6302 0.0735
56772.5596 9.2824 0.0796
57123.5713 8.9212 0.0837
57223.3843 9.2411 0.0627
57160.5065 8.7751 0.0632
57185.4850 9.1604 0.1305
57105.5735 9.5232 0.0993
