56801.3749 4.9302 0.0294
57420.5809 3.6254 0.0304
56833.3526 4.8786 0.0360
57191.4580 4.3319 0.0340
52816.2955 3.2180 0.0090
56712.5038 4.9959 0.0437
56778.3210 4.7744 0.0466
57492.5703 3.7921 0.0380
57479.5706 3.7845 0.0393
56807.3136 4.9761 0.0427
57216.3027 4.2645 0.0364
56780.3316 4.8989 0.0472
56811.4574 4.9805 0.0427
56741.6340 4.8449 0.0640
56809.4820 4.9104 0.0482
56783.3699 4.6764 0.0554
57433.5504 3.7348 0.0323
56715.5752 5.0920 0.0412
57508.4323 3.6612 0.0346
56841.3435 4.8985 0.0488
56744.5399 5.0538 0.0476
56723.5137 4.9548 0.0448
57134.4954 4.6678 0.0394
56751.3675 5.0079 0.0451
56781.3732 4.7933 0.0494
57123.5755 4.6310 0.0553
56798.4478 4.8021 0.0473
56772.5627 4.8512 0.0531
57223.3876 4.3565 0.0374
56835.3435 4.8869 0.0419
57547.4163 3.6322 0.0338
57220.2890 4.2810 0.0355
56805.4347 4.9254 0.0460
57542.3828 3.6893 0.0324
56776.4836 4.8056 0.0431
57213.3122 4.2663 0.0331
57520.3376 3.7376 0.0390
56831.3404 4.7764 0.0411
56837.3458 4.9100 0.0444
56839.3381 4.8312 0.0490
56722.4730 5.0991 0.0450
56803.4932 4.9094 0.0720
57157.4700 4.4658 0.0439
57166.3553 4.4084 0.0494
57185.4913 4.3535 0.0580
57160.5099 4.5260 0.0548
57078.4942 4.6602 0.0537
57104.5235 4.8789 0.0771
57105.5754 4.8727 0.0855
