56805.4265 0.9736 0.0401
56833.3454 0.9195 0.0355
56835.3351 0.9099 0.0357
56723.5056 1.0047 0.0400
56715.5670 1.0449 0.0349
56807.3055 0.7974 0.0374
53147.4567 0.9091 0.0089
56712.4962 1.0444 0.0422
56722.4648 1.1216 0.0412
56811.4494 0.9562 0.0437
56783.3628 0.7333 0.0714
57508.4254 1.5690 0.0462
57078.4864 1.3497 0.0462
57134.4872 1.3147 0.0505
56839.3300 0.8672 0.0502
56831.3311 1.0578 0.0498
57520.3300 2.1223 0.0542
56744.5328 0.8104 0.0556
56798.4392 0.6870 0.0524
56841.3349 0.8869 0.0532
56751.3603 0.7034 0.0560
56837.3365 1.0310 0.0545
56780.3250 0.9142 0.0730
57104.5148 1.7611 0.0688
56801.3627 0.8116 0.0728
