57420.5540 4.1171 0.0307
56803.4428 3.5624 0.0448
53467.4922 5.0451 0.0085
56743.5226 2.6280 0.0419
56741.6039 3.2589 0.0590
57220.2624 5.2503 0.0413
56801.3447 3.6688 0.0437
57133.5964 4.6607 0.0455
56722.4472 3.4091 0.0410
56723.4894 3.4570 0.0435
57194.4085 5.2748 0.0380
56798.4214 3.5173 0.0396
57223.3617 5.2910 0.0391
56751.3430 3.1662 0.0462
56783.3403 3.2380 0.0538
56772.5360 3.3583 0.0494
57185.4684 5.4834 0.0494
57160.3650 5.3088 0.0359
56841.3171 3.0820 0.0484
57542.3595 4.3945 0.0350
57157.4427 5.3629 0.0412
56712.4795 3.7173 0.0434
57459.5467 4.8151 0.0402
57216.2749 5.1794 0.0383
57520.3112 4.8883 0.0427
56811.4327 4.0294 0.0406
57567.2949 4.2020 0.0388
56715.5507 3.7211 0.0407
56839.3125 3.3053 0.0456
56780.3062 3.1309 0.0490
57479.5453 4.9003 0.0465
56805.4093 3.8142 0.0436
56835.3184 3.4796 0.0398
56744.5528 3.0655 0.0448
57508.4085 4.9611 0.0367
56781.3489 3.3455 0.0486
56776.4591 3.2342 0.0411
57433.5265 4.8782 0.0353
56837.3204 3.4953 0.0419
57078.4502 4.3565 0.0467
57213.2865 5.3194 0.0356
56831.3158 3.7899 0.0404
56778.2967 3.1364 0.0444
56833.3247 3.8557 0.0403
57547.3932 4.1491 0.0350
56807.2890 3.2906 0.0421
57492.5435 4.6221 0.0410
56809.4559 3.8072 0.0491
57134.4710 5.3222 0.0486
53884.4341 3.6694 0.0131
53883.4566 3.4983 0.0125
57195.4028 5.3338 0.0613
57123.5397 5.6462 0.1306
57104.4634 5.5415 0.0767
57191.4276 5.3625 0.0689
57105.5621 5.2997 0.0840
57166.3288 5.2960 0.0880
