56801.3749 3.0357 0.0286
57420.5809 2.4714 0.0297
56833.3526 2.6815 0.0343
57191.4584 1.6851 0.0358
56712.5038 2.4828 0.0411
56778.3210 2.9850 0.0454
57492.5703 3.1501 0.0379
57479.5706 3.0990 0.0390
56807.3136 2.8458 0.0403
57216.3027 2.4268 0.0344
56780.3316 2.8875 0.0454
56811.4574 3.1099 0.0409
56741.6340 3.3080 0.0639
57433.5504 2.6674 0.0310
56841.3435 2.6805 0.0470
56744.5399 2.8302 0.0459
56723.5137 2.4544 0.0423
57134.4954 2.4107 0.0375
56751.3675 2.7444 0.0432
56781.3732 3.0320 0.0483
56783.3699 2.9677 0.0546
56772.5627 2.9195 0.0520
57223.3876 2.2968 0.0353
56835.3435 2.6893 0.0395
57547.4163 3.6782 0.0346
57220.2890 2.3128 0.0333
56839.3381 2.6334 0.0471
57542.3828 3.8265 0.0332
56776.4836 2.9003 0.0415
52816.2973 1.8303 0.0095
57213.3122 2.6842 0.0316
57520.3376 3.5195 0.0394
56715.5752 2.3978 0.0379
56831.3404 2.8507 0.0392
56837.3458 2.7291 0.0424
56722.4730 2.5294 0.0423
57508.4323 3.4272 0.0349
57157.4700 2.1430 0.0413
57166.3553 2.2428 0.0472
57185.4913 2.4958 0.0563
56809.4832 2.6148 0.0628
57123.5770 2.2384 0.0774
57160.5099 2.3294 0.0521
56798.4488 2.7944 0.0654
57078.4942 2.5451 0.0501
56805.4358 2.7017 0.0621
56803.4944 2.7040 0.1358
57104.5235 2.4069 0.0706
57105.5754 2.8219 0.0809
