57420.5540 4.4048 0.0326
56743.5233 4.5089 0.0398
56803.4428 4.3650 0.0471
53467.4922 3.3838 0.0078
56741.6039 4.4172 0.0606
57220.2624 3.7285 0.0404
56801.3447 4.4093 0.0463
57133.5964 3.3712 0.0449
56722.4472 4.5947 0.0446
56723.4894 4.4970 0.0467
57194.4085 3.6778 0.0369
57433.5265 4.4479 0.0371
56798.4214 4.5347 0.0429
57223.3617 3.6471 0.0379
56751.3430 4.5248 0.0497
56783.3403 4.4033 0.0560
56772.5360 4.5297 0.0516
57185.4684 3.7081 0.0479
57160.3650 3.3725 0.0342
56841.3171 3.8608 0.0502
57542.3595 4.2862 0.0372
57157.4427 3.3884 0.0396
56712.4795 4.3628 0.0458
57459.5467 4.3522 0.0421
57216.2749 3.5899 0.0372
57520.3112 4.6048 0.0442
56811.4327 4.1319 0.0424
57567.2949 4.2769 0.0419
56715.5507 4.3400 0.0434
56839.3125 3.6894 0.0477
56780.3062 4.3654 0.0520
57479.5453 4.4289 0.0483
56805.4093 4.2090 0.0457
56835.3184 3.6892 0.0417
56744.5528 4.6503 0.0487
57508.4085 4.5312 0.0384
56781.3489 4.4866 0.0514
56776.4591 4.3816 0.0445
56837.3204 3.7198 0.0437
57078.4502 3.5640 0.0476
57213.2865 3.5978 0.0343
56831.3158 3.8240 0.0420
56778.2967 4.3288 0.0477
56833.3247 3.7291 0.0415
57547.3932 4.1736 0.0376
56807.2890 4.1346 0.0456
57492.5435 4.4880 0.0436
56809.4559 4.1423 0.0515
57134.4710 3.3385 0.0466
53884.4341 4.0605 0.0130
57195.4028 3.8814 0.0602
57123.5397 3.2560 0.1271
57104.4634 3.4996 0.0727
57191.4276 3.6647 0.0664
57105.5621 3.4214 0.0805
57166.3288 3.3309 0.0850
