52730.5987 3.5043 0.0247
53122.5011 3.4769 0.0089
57520.3333 2.3253 0.0380
57542.3791 3.0334 0.0319
57420.5776 2.7242 0.0425
57479.5663 3.1520 0.0390
56803.4885 2.0310 0.0522
57547.4125 2.8999 0.0327
57492.5660 3.0081 0.0373
57508.4284 3.1429 0.0342
56833.3500 1.6430 0.0500
57191.4522 2.4898 0.0830
57157.4655 2.7536 0.0823
57134.4913 2.5909 0.0855
57166.3513 2.8397 0.0872
56798.4432 2.1852 0.0581
57216.2995 2.3987 0.0487
56781.3701 2.1129 0.0705
57433.5476 2.8051 0.0450
57078.4898 2.8029 0.0490
56839.3351 1.7760 0.0608
57213.3090 2.3743 0.0441
56801.3664 1.9574 0.0612
56780.3285 1.9402 0.0616
56712.5008 2.1806 0.0561
56841.3403 1.7526 0.0605
56809.4782 2.1075 0.0694
56807.3106 2.0344 0.0570
56744.5368 2.0392 0.0615
57123.5713 2.5693 0.0777
56837.3427 1.7478 0.0553
56722.4695 2.0071 0.0556
56831.3373 1.7075 0.0512
56835.3405 1.7644 0.0525
56715.5721 2.0456 0.0513
56751.3644 2.2178 0.0581
56805.4316 1.8975 0.0580
57220.2856 2.2544 0.0499
56778.3180 2.0119 0.0598
56783.3669 2.0106 0.0724
56776.4806 1.9315 0.0567
56811.4543 1.9166 0.0534
56723.5107 2.1672 0.0591
56772.5596 2.1375 0.0690
57223.3843 2.3275 0.0498
56741.6293 2.1223 0.0838
57160.5065 2.5428 0.0523
57185.4850 2.5333 0.1137
57105.5735 2.4227 0.0783
57104.5182 2.8789 0.1959
