56801.3749 2.1316 0.0269
57420.5809 2.6087 0.0294
56833.3526 2.2569 0.0325
57191.4580 2.2700 0.0314
56712.5038 2.0199 0.0390
56778.3210 2.3745 0.0429
56807.3136 2.1084 0.0378
57216.3027 2.3135 0.0331
56780.3316 2.4459 0.0436
56811.4574 2.0367 0.0380
56809.4820 2.0950 0.0439
56783.3699 2.2664 0.0526
57433.5504 2.6927 0.0304
56715.5752 2.1618 0.0363
56841.3435 2.2047 0.0451
52816.2938 2.8930 0.0101
56723.5137 2.0125 0.0402
57134.4954 2.2215 0.0360
56751.3675 1.5834 0.0399
56781.3732 2.1911 0.0456
57123.5755 2.3653 0.0535
56798.4478 2.1286 0.0436
56772.5627 2.5049 0.0500
57223.3876 2.3468 0.0344
56835.3435 2.1339 0.0372
57547.4163 2.2313 0.0312
57220.2890 2.3078 0.0323
56805.4347 2.2291 0.0417
57542.3828 2.2517 0.0298
56776.4836 2.3236 0.0393
57213.3122 2.2842 0.0299
57520.3376 2.3213 0.0372
56744.5399 1.5727 0.0423
56831.3404 2.2491 0.0369
56837.3458 2.1720 0.0400
56839.3381 2.1268 0.0447
56722.4730 2.0447 0.0401
57508.4323 2.3628 0.0323
56803.4932 1.9905 0.0669
57185.4913 2.1306 0.0540
57479.5695 2.3726 0.0529
56741.6324 2.1236 0.0864
57492.5692 2.4096 0.0522
57166.3534 2.4055 0.0853
57160.5081 2.1694 0.0810
57078.4937 2.3946 0.0572
57104.5235 2.3211 0.0685
57105.5754 2.3335 0.0768
57157.4689 2.1821 0.0614
