57420.5763 8.5746 0.0358
52730.5987 7.4422 0.0293
56801.3688 10.6056 0.0505
56833.3478 10.1594 0.0503
56744.5358 10.3047 0.0556
56776.4795 10.9809 0.0535
56772.5585 10.9282 0.0589
56723.5097 10.3640 0.0544
56781.3691 10.6515 0.0603
57123.5698 10.4456 0.0611
56831.3363 10.1293 0.0503
57213.3079 9.5027 0.0422
57223.3832 9.2345 0.0456
57134.4907 10.2604 0.0489
56798.4422 10.8406 0.0528
56839.3341 10.2390 0.0561
56751.3634 10.4174 0.0536
56805.4306 10.6733 0.0540
57520.3333 9.1208 0.0473
57542.3791 8.6155 0.0425
56809.4772 10.6088 0.0602
57479.5663 9.7471 0.0479
56803.4885 10.5122 0.0636
56837.3417 10.3307 0.0526
57433.5460 9.1427 0.0433
56835.3395 10.2972 0.0509
57547.4125 8.5697 0.0437
57492.5660 9.5036 0.0485
56715.5711 10.4100 0.0498
56722.4684 10.4272 0.0518
57191.4517 9.6349 0.0471
56741.6278 10.1750 0.0679
56712.4997 10.4555 0.0523
57216.2975 9.3649 0.0455
57220.2845 9.2581 0.0465
57157.4650 9.7182 0.0489
56807.3096 10.4971 0.0560
57160.5054 9.7461 0.0483
56780.3275 10.6369 0.0558
56811.4533 10.4398 0.0513
56841.3393 10.3905 0.0551
57508.4284 9.3502 0.0455
56778.3170 11.0591 0.0559
56783.3659 10.7063 0.0612
57185.4838 9.4142 0.0641
57166.3513 9.5228 0.0539
57078.4898 11.0496 0.0659
57105.5730 10.8786 0.0745
54620.3669 12.8277 0.0707
57104.5182 10.7424 0.0740
53941.3231 8.3614 0.0414
