57420.5718 5.8455 0.0326
56833.3442 9.5027 0.0462
52813.3181 6.1317 0.0097
56741.6247 9.0339 0.0666
56805.4265 10.1975 0.0540
56781.3651 10.3769 0.0580
57492.5616 5.6011 0.0392
56798.4382 10.4572 0.0507
57542.3753 6.1625 0.0382
56841.3344 9.9532 0.0560
57157.4605 7.4814 0.0447
57520.3289 6.0048 0.0432
56801.3611 10.4463 0.0549
57213.3036 6.7122 0.0381
56809.4728 10.0405 0.0558
56839.3294 9.7487 0.0543
56712.4957 8.7734 0.0511
57508.4244 5.7787 0.0392
57191.4470 6.4378 0.0406
56722.4643 8.6388 0.0503
57134.4858 8.3387 0.0443
56835.3351 9.5967 0.0495
56723.5056 8.6264 0.0525
56811.4492 10.0541 0.0503
57223.3789 6.5651 0.0412
57216.2922 6.7441 0.0419
56778.3129 10.2633 0.0554
56783.3617 10.2576 0.0619
57220.2801 6.6133 0.0421
57479.5619 5.8050 0.0422
56807.3055 10.1751 0.0525
56780.3231 10.1912 0.0550
56837.3376 9.6876 0.0517
56831.3322 9.4985 0.0484
57547.4087 6.0903 0.0385
56751.3593 9.4606 0.0537
56744.5318 9.3542 0.0539
56772.5541 9.7696 0.0593
56715.5670 8.6132 0.0477
56776.4755 10.2394 0.0525
57433.5416 6.1548 0.0375
56803.4819 10.3618 0.0735
57160.4616 7.3678 0.0499
57078.4859 8.1397 0.0471
57166.3455 7.3053 0.0555
57105.5711 8.0872 0.0670
56829.3180 9.3659 0.0645
57104.5060 8.2611 0.0566
57185.4795 6.6424 0.0713
57123.5621 8.3216 0.0834
56865.2991 9.8024 0.0685
57567.3097 6.2731 0.1060
