57420.5540 4.5097 0.0310
56743.5233 4.1402 0.0386
56803.4428 4.0366 0.0462
53472.4612 4.1704 0.0086
56741.6039 3.9763 0.0611
57220.2624 3.4730 0.0386
56801.3447 4.1636 0.0447
57133.5964 3.4441 0.0447
56722.4472 4.2789 0.0426
57547.3932 4.6241 0.0356
56723.4894 4.2609 0.0451
57194.4085 3.5147 0.0354
57433.5265 4.7484 0.0348
56798.4214 4.2574 0.0409
57223.3617 3.4496 0.0362
56751.3430 4.0840 0.0480
56783.3403 4.1274 0.0556
56772.5360 4.1349 0.0514
57185.4684 3.4369 0.0466
57160.3650 3.3409 0.0327
56841.3171 4.0591 0.0505
57542.3595 4.6712 0.0351
57157.4427 3.3596 0.0383
56712.4795 4.1113 0.0443
57459.5467 4.6168 0.0394
57216.2749 3.5591 0.0356
57520.3112 4.8306 0.0424
56811.4327 4.0212 0.0406
57567.2949 4.6206 0.0391
56715.5507 4.0555 0.0416
56839.3125 4.1352 0.0474
56780.3062 4.1551 0.0508
57479.5453 4.5309 0.0459
56805.4093 4.1606 0.0443
56835.3184 4.1930 0.0411
56744.5528 4.1392 0.0470
57508.4085 4.7540 0.0360
56781.3489 4.0469 0.0501
56776.4591 4.1236 0.0428
56837.3204 4.1336 0.0431
57078.4502 3.5019 0.0452
57213.2865 3.5346 0.0326
56831.3158 4.0917 0.0409
56778.2967 4.1195 0.0463
56833.3247 4.2035 0.0408
56807.2890 4.0870 0.0437
57492.5435 4.7003 0.0411
56809.4559 4.0051 0.0497
57134.4710 3.3821 0.0457
57195.4028 3.3898 0.0566
57104.4634 3.4970 0.0699
57191.4276 3.5923 0.0650
57123.5397 3.4383 0.1273
57105.5621 3.2672 0.0774
57166.3288 3.2971 0.0841
