53081.5383 2.6871 0.0055
56801.3754 1.6002 0.0277
57420.5809 1.1037 0.0292
56833.3526 1.7859 0.0339
57191.4580 1.7685 0.0319
56712.5038 1.7690 0.0403
56778.3210 1.3836 0.0431
57492.5703 1.1348 0.0353
57479.5706 1.0129 0.0370
56807.3136 1.5704 0.0386
57216.3027 1.7962 0.0342
56780.3316 1.4077 0.0433
56809.4820 1.5392 0.0447
56783.3699 1.5488 0.0529
57433.5504 1.1153 0.0290
56715.5752 1.6369 0.0371
56722.4730 1.5033 0.0411
56841.3435 1.6973 0.0459
56744.5399 1.5121 0.0438
56723.5137 1.6601 0.0413
57134.4954 2.2072 0.0377
56751.3675 1.5139 0.0414
56781.3732 1.3957 0.0459
57123.5755 2.2180 0.0550
56798.4478 1.3653 0.0437
56772.5627 1.5482 0.0499
57223.3876 1.7283 0.0351
56835.3435 1.6385 0.0381
57547.4163 1.4236 0.0315
57220.2890 1.8026 0.0333
56805.4347 1.4514 0.0423
57542.3828 1.4558 0.0298
56776.4836 1.5003 0.0394
57213.3122 1.7043 0.0306
57520.3376 1.2662 0.0372
56831.3404 1.8012 0.0377
56837.3458 1.8018 0.0411
56839.3381 1.7691 0.0461
56811.4574 1.5571 0.0388
57508.4323 1.2335 0.0320
57157.4700 2.8221 0.0435
57166.3553 2.1033 0.0480
57185.4913 1.7527 0.0570
56741.6351 1.3406 0.0493
56803.4925 1.5687 0.0768
57160.5099 2.3280 0.0522
53122.4963 3.3484 0.0122
57078.4942 2.1915 0.0519
57104.5235 2.3676 0.0748
57105.5754 2.3345 0.0841
