57420.5582 6.1196 0.0322
56743.5381 5.3279 0.0459
56741.6094 5.3066 0.0614
53472.4934 5.5300 0.0097
56780.3104 5.2936 0.0511
56833.3288 5.1737 0.0440
56807.2931 5.1215 0.0483
57479.5491 6.3967 0.0454
56712.4835 5.4023 0.0461
56778.3007 5.2438 0.0468
56837.3245 5.2061 0.0454
57220.2668 5.6932 0.0396
57567.2988 6.7661 0.0408
56776.4632 5.1388 0.0459
57191.4328 5.5603 0.0404
56831.3199 5.1031 0.0427
57216.2792 5.6437 0.0400
56839.3166 5.2469 0.0479
57223.3660 5.6127 0.0402
56841.3211 5.2672 0.0517
57194.4128 5.5433 0.0395
56722.4512 5.4378 0.0455
56744.5188 5.5175 0.0464
57542.3634 6.7966 0.0407
56723.4935 5.2508 0.0504
56805.4134 5.1355 0.0470
57508.4126 6.7360 0.0405
57185.4654 5.5259 0.0437
56781.3529 5.1628 0.0511
57433.5303 6.1325 0.0380
56801.3488 5.0588 0.0460
57492.5483 6.5819 0.0454
57520.3156 6.7358 0.0455
56811.4368 5.1430 0.0425
56772.5406 5.2011 0.0560
56809.4595 5.2643 0.0469
56803.4668 5.1081 0.0516
56798.4255 5.1464 0.0420
56783.3458 5.3613 0.0552
56715.5548 5.4281 0.0433
57160.3693 5.6437 0.0365
57547.3970 6.8020 0.0400
57213.2908 5.7498 0.0367
56835.3225 5.2216 0.0428
56751.3471 5.3429 0.0491
57157.4471 5.6845 0.0431
57133.6028 5.8916 0.0578
57123.5441 6.0492 0.0682
57104.4669 6.2049 0.0679
57459.5499 6.2826 0.0581
57134.4738 6.0799 0.0662
57166.3310 5.5918 0.0711
