57420.5648 52.7081 0.0579
57191.4456 66.8234 0.0836
53496.3516 57.2572 0.0204
56833.3407 57.2313 0.0871
56831.3281 56.5995 0.0923
56783.3558 58.6625 0.1003
57520.3246 67.9975 0.0868
56805.4223 58.0970 0.0977
56723.5016 59.9201 0.0971
57479.5576 62.3828 0.0844
57123.5575 56.4609 0.0859
57542.3711 64.5111 0.0887
57160.3779 68.1460 0.0879
57157.4560 66.3632 0.0921
56776.4714 57.5083 0.0933
56798.4341 58.4906 0.0918
57134.4857 59.8107 0.0954
56835.3306 57.2490 0.0931
56803.4771 58.5238 0.1030
56837.3334 57.7457 0.0949
57492.5572 63.5025 0.0923
56809.4686 57.0896 0.0987
56741.6140 59.4061 0.1038
57216.2878 58.9858 0.0887
56778.3088 58.2502 0.0967
56801.3570 58.4143 0.0950
56780.3187 58.9551 0.0970
56744.5276 59.1195 0.0971
57433.5379 54.9013 0.0823
57223.3746 57.2262 0.0846
56715.5630 60.0437 0.0942
56781.3610 59.0664 0.1008
57220.2754 58.0068 0.0875
56811.4451 56.6013 0.0926
56722.4603 60.4435 0.0955
57508.4204 63.0029 0.0906
56751.3553 57.2009 0.0960
56807.3013 57.9591 0.0960
56841.3295 56.9639 0.0954
57567.3072 62.1676 0.0949
56712.4916 59.9971 0.0962
57547.4049 64.8451 0.0905
56772.5497 57.8128 0.0963
57213.2988 60.0532 0.0998
52793.2667 71.2497 0.0709
57104.4873 51.9746 0.0984
56839.3246 57.8190 0.1085
57166.3406 68.3029 0.1431
57185.4755 69.9172 0.1009
57078.4806 49.3650 0.1098
57105.5696 55.0074 0.1839
53770.6220 57.6242 0.0701
54620.3581 62.3700 0.1309
