57420.5648 2.0773 0.0290
57123.5582 3.7983 0.0873
57157.4570 4.7823 0.0662
57191.4456 2.2866 0.0337
57223.3756 2.5409 0.0560
56833.3407 2.4258 0.0373
57134.4846 2.2628 0.0371
56839.3248 2.5253 0.0443
56831.3281 2.4395 0.0385
56783.3558 2.6143 0.0571
57520.3246 2.2668 0.0387
56805.4223 2.5247 0.0436
56723.5016 2.3797 0.0421
56751.3553 2.4831 0.0441
57542.3711 2.3779 0.0310
57160.3779 2.3094 0.0314
57479.5576 2.2670 0.0383
56776.4714 2.6984 0.0413
56798.4341 2.6177 0.0394
56835.3306 2.4945 0.0392
52814.3088 4.6850 0.0108
56803.4771 2.6081 0.0515
56837.3334 2.4697 0.0416
57492.5572 2.2606 0.0364
56809.4686 2.5347 0.0442
56741.6140 2.4646 0.0597
57216.2878 2.2775 0.0344
56778.3088 2.6255 0.0438
56801.3570 2.5815 0.0429
56780.3187 2.4485 0.0452
56744.5276 2.3862 0.0434
57433.5379 2.3338 0.0308
56715.5630 2.2948 0.0382
56781.3610 2.5967 0.0491
57220.2754 2.1839 0.0349
56722.4603 2.3103 0.0402
56811.4451 2.6287 0.0398
57508.4204 2.2862 0.0337
56807.3013 2.6129 0.0397
56841.3295 2.3949 0.0476
57567.3072 2.2955 0.0358
56712.4916 2.3266 0.0414
57547.4049 2.3665 0.0320
56772.5497 2.6184 0.0499
57104.4873 2.1798 0.0424
57213.2988 2.1842 0.0377
57166.3423 3.4467 0.0757
57105.5701 3.5939 0.1250
57185.4755 2.3450 0.0423
57078.4806 2.2029 0.0486
53770.6220 2.1550 0.0256
54620.3581 2.1476 0.0441
