57420.5582 11.2764 0.0366
56743.5383 14.1791 0.0536
56741.6094 14.8952 0.0708
53496.3516 7.6831 0.0099
56744.5188 15.0480 0.0584
56780.3104 13.0106 0.0608
56833.3288 12.2720 0.0538
56807.2931 11.5179 0.0579
57479.5491 11.0730 0.0511
56712.4835 14.8952 0.0583
56778.3007 13.1245 0.0573
56837.3245 11.7329 0.0544
57220.2668 15.1478 0.0515
57567.2988 11.5104 0.0470
56776.4632 13.5027 0.0571
57191.4328 14.2847 0.0507
56831.3199 12.4287 0.0529
57216.2792 14.7421 0.0518
56839.3166 11.4995 0.0564
57223.3660 15.2546 0.0522
56841.3211 11.3610 0.0592
57194.4128 13.9975 0.0500
56722.4512 14.5981 0.0576
57542.3634 13.6261 0.0496
56723.4935 14.8318 0.0634
56805.4134 11.2222 0.0555
57508.4126 12.0617 0.0473
57185.4654 14.4934 0.0540
56781.3529 12.8355 0.0608
57433.5303 11.7466 0.0454
56801.3488 11.4567 0.0546
57492.5483 11.8597 0.0518
57520.3156 13.1705 0.0526
56811.4368 10.9792 0.0507
56772.5406 14.1978 0.0664
56809.4595 11.1100 0.0552
56803.4668 11.2744 0.0596
56798.4255 11.9690 0.0512
56783.3458 12.4320 0.0636
56715.5548 14.9217 0.0559
57160.3693 11.2143 0.0436
57547.3970 13.3007 0.0485
57213.2908 13.9502 0.0469
56835.3225 12.1224 0.0523
56751.3471 15.1740 0.0617
57157.4471 11.5744 0.0504
57123.5441 9.2387 0.0726
57104.4669 9.6303 0.0723
52793.2667 8.9491 0.0348
57133.6028 10.5913 0.0642
53388.6201 10.7740 0.0203
57459.5499 10.7482 0.0659
57134.4738 10.5776 0.0744
57166.3310 11.5339 0.0818
54620.3631 12.3644 0.0674
