57420.5641 10.7942 0.0496
57191.4456 8.4506 0.0421
56783.3558 11.7397 0.0667
57157.4560 9.9989 0.0485
57123.5575 9.9304 0.0605
57542.3711 9.6955 0.0424
57160.3779 8.2652 0.0404
57479.5576 10.6741 0.0478
56776.4714 11.1868 0.0536
53496.3516 11.2386 0.0122
57492.5572 10.3273 0.0478
57216.2878 11.3565 0.0481
56778.3088 11.0571 0.0559
56780.3187 11.2752 0.0573
57223.3746 11.0121 0.0472
56781.3610 11.5916 0.0612
57220.2754 11.6447 0.0488
56772.5497 11.2293 0.0602
57547.4049 10.3850 0.0445
57508.4204 9.5643 0.0449
57567.3072 10.4486 0.0486
57213.2988 10.9533 0.0528
56833.3438 10.4571 0.0635
57134.4881 10.1088 0.0619
56798.4351 10.1611 0.0711
56723.5026 11.1752 0.0790
56837.3344 9.5963 0.0735
56809.4696 10.4193 0.0794
56803.4782 10.1800 0.0887
56835.3316 10.0529 0.0718
57078.4806 10.7576 0.0654
56741.6154 11.6260 0.0974
56744.5287 12.1852 0.0820
57520.3257 10.2361 0.0671
56839.3258 10.0543 0.0781
56715.5640 11.8746 0.0744
56801.3580 10.2394 0.0750
56807.3023 10.2940 0.0744
56841.3305 9.8540 0.0809
56811.4461 10.3933 0.0726
56712.4926 11.3857 0.0770
57166.3406 8.6384 0.0762
56751.3563 12.0342 0.0811
56722.4613 11.2288 0.0748
57433.5388 11.0885 0.0625
57185.4755 8.0861 0.0508
56831.3291 10.4657 0.0716
53472.5286 10.1194 0.0198
56805.4233 10.6006 0.0777
53474.4508 10.5660 0.0244
57105.5696 9.9693 0.1018
53388.6169 11.4123 0.0273
52793.2708 12.2933 0.0773
53770.6220 10.8777 0.0371
57104.4950 10.4055 0.0729
54620.3581 8.9798 0.0615
