57479.5339 2.4001 0.0196
53462.4914 2.7231 0.0271
53911.3288 2.2364 0.0170
53847.5755 2.2201 0.0233
53851.4182 2.2405 0.0145
57420.5656 2.4199 0.0449
52730.5552 2.6649 0.0389
53853.4352 2.2400 0.0147
53586.2942 2.4250 0.0106
57508.4110 2.4669 0.0215
57520.3138 2.4254 0.0299
57492.5463 2.3657 0.0238
53524.3013 2.7006 0.0092
57542.3621 2.7747 0.0204
54186.5147 2.2684 0.0160
56715.4984 1.9167 0.0325
54531.5740 2.2828 0.0082
57547.3989 2.8252 0.0222
53466.6127 2.6989 0.0105
56803.4112 1.8508 0.0341
56743.5101 1.8848 0.0327
52710.6200 2.6747 0.0127
53583.3046 2.3856 0.0109
56811.4234 1.8913 0.0308
54570.4284 2.1210 0.0217
53799.4817 2.4881 0.0163
56723.4803 1.9462 0.0349
52817.2960 2.7202 0.0254
57433.5363 2.4029 0.0240
54262.4012 2.4056 0.0119
56801.3352 1.9021 0.0363
57459.5373 2.5541 0.0297
56744.5344 1.8525 0.0342
54209.4929 2.2700 0.0101
54624.3824 2.4391 0.0103
56776.4499 1.7198 0.0333
56772.5257 2.1396 0.0423
53505.3888 2.7100 0.0167
57460.4734 2.5125 0.0289
56809.4460 1.8540 0.0347
56798.4117 1.9225 0.0307
56805.4000 1.8393 0.0321
56751.3336 1.8101 0.0402
53769.6082 2.5439 0.0102
54561.4254 2.2427 0.0103
56807.2799 1.8251 0.0344
53146.4901 2.4872 0.0118
54535.5077 2.2892 0.0101
54151.6503 2.2430 0.0120
54153.5968 2.2256 0.0112
54117.6461 2.3414 0.0101
53390.6489 2.5732 0.0116
54524.5266 2.3801 0.0171
53553.4142 2.6269 0.0116
54144.5888 2.2192 0.0112
53578.3431 2.4276 0.0154
53411.6236 2.9364 0.0110
54511.5807 2.6932 0.0091
54213.5722 2.2754 0.0135
54614.3924 2.3354 0.0115
53936.3074 2.1764 0.0113
54255.3352 2.4643 0.0164
53892.3770 2.2431 0.0215
53200.2667 2.7427 0.0115
54621.4059 2.4478 0.0108
54266.2923 2.4271 0.0112
54557.5455 2.0999 0.0110
54234.4877 2.4351 0.0110
53859.3669 2.2721 0.0150
54113.6612 2.2281 0.0144
53473.5879 2.7691 0.0130
53121.5132 2.5809 0.0110
54591.3863 2.0678 0.0101
54179.5219 2.2524 0.0108
54563.4941 2.1629 0.0116
52813.3474 2.6706 0.0141
54588.5522 2.0855 0.0148
53175.3845 2.6065 0.0110
53883.3893 2.1128 0.0118
53109.5778 2.7689 0.0159
54183.5063 2.2922 0.0116
53551.3290 2.6704 0.0111
53939.3067 2.2158 0.0114
53875.3594 2.1460 0.0105
53772.6264 2.5582 0.0121
52792.4193 2.6769 0.0194
54600.4459 2.1580 0.0272
54201.4537 2.2888 0.0115
53446.5324 2.6894 0.0112
53943.3027 2.2285 0.0115
54259.3128 2.4324 0.0103
53138.4614 2.5136 0.0120
53469.5188 2.7197 0.0116
53178.3751 2.6512 0.0108
53149.3330 2.5301 0.0111
53906.3684 2.2955 0.0130
52722.5967 2.6959 0.0235
53531.3615 2.6303 0.0115
53916.3248 2.2150 0.0143
53117.4850 2.6542 0.0109
53766.6170 2.4800 0.0106
57160.3861 2.2155 0.0421
53495.4394 2.7135 0.0118
52815.2953 2.7129 0.0081
54176.5642 2.1981 0.0110
54124.6309 2.1875 0.0103
53879.3083 2.1388 0.0115
54205.4858 2.2681 0.0124
54594.4526 2.0730 0.0103
53165.4100 2.6038 0.0107
54618.4140 2.4568 0.0107
53527.3526 2.6921 0.0111
56741.5816 1.8492 0.0524
53195.3465 2.6822 0.0109
53743.6336 2.5029 0.0101
54229.4787 2.3249 0.0187
57157.4402 2.2776 0.0429
53518.4479 2.5913 0.0242
54538.5772 2.2390 0.0122
53083.6071 2.4144 0.0117
53855.4161 2.2532 0.0111
53502.3879 2.6942 0.0124
54597.4509 2.1030 0.0103
54120.6630 2.1939 0.0144
53500.3158 2.6592 0.0115
53888.4064 2.1544 0.0124
57567.2904 2.6546 0.0362
54528.5221 2.3659 0.0094
52791.4573 2.6594 0.0198
52721.6238 2.6575 0.0319
56778.2865 1.7804 0.0469
56780.2957 1.7919 0.0506
56831.3056 1.8573 0.0389
57134.4790 2.1127 0.0612
56712.4706 2.6015 0.1033
56781.3387 1.8955 0.0550
56841.3064 1.9556 0.0500
52790.4020 2.7518 0.0382
56829.3208 1.9029 0.0456
56800.5027 1.9511 0.0672
56721.5890 2.1351 0.0494
56839.3023 1.8482 0.0441
57133.4106 2.2335 0.0313
57123.5493 2.3214 0.0724
56837.3086 1.8841 0.0407
56783.3298 1.8513 0.0561
53463.5851 2.6231 0.0215
57216.2817 1.9661 0.0613
56833.3145 1.9209 0.0394
56835.3083 1.9185 0.0385
56722.4392 2.1003 0.0448
53523.4194 2.6391 0.0185
57185.4618 4.3914 0.1235
57213.2872 2.0558 0.0676
54620.3589 2.4565 0.0273
57223.3626 2.6819 0.0870
53563.3393 2.5692 0.0238
57194.3988 2.0087 0.0470
57105.5656 2.3414 0.1102
57166.3350 2.2939 0.0957
57156.4565 2.0664 0.0594
56711.5225 2.1884 0.0800
57191.4179 1.9533 0.0511
57419.5240 2.5587 0.0800
53890.4800 2.0284 0.0624
53198.3064 2.7141 0.0919
57078.4234 2.2742 0.0523
54619.3119 2.5381 0.0615
52814.3122 2.7183 0.0198
57195.3983 1.9150 0.0741
57104.4411 2.3645 0.0788
