57420.5718 152.2235 0.0967
56833.3442 146.9868 0.1352
53147.4525 167.9847 0.0345
52814.3124 167.2251 0.0361
56741.6247 142.1278 0.1431
56805.4265 146.0324 0.1501
56781.3651 145.2273 0.1513
57492.5616 156.0666 0.1364
56798.4382 146.2691 0.1423
57542.3753 157.4749 0.1406
56841.3344 147.2064 0.1463
57157.4605 139.6908 0.1314
57520.3289 156.2607 0.1296
56801.3611 146.8135 0.1491
56776.4755 146.2611 0.1458
56809.4728 146.4684 0.1557
56839.3294 147.1261 0.1516
57508.4244 155.9952 0.1411
57191.4470 138.6491 0.1250
56722.4643 144.4727 0.1452
57134.4858 140.6526 0.1258
56835.3351 146.6864 0.1458
56723.5056 144.3714 0.1486
56811.4492 146.7795 0.1457
57223.3789 138.4659 0.1297
57216.2922 137.9453 0.1351
56778.3129 146.4088 0.1513
56783.3617 145.5021 0.1466
57220.2801 137.3899 0.1342
56772.5541 145.5993 0.1488
56807.3055 147.0524 0.1530
56780.3231 145.4055 0.1474
56837.3376 146.9923 0.1478
56831.3322 146.9111 0.1451
57547.4087 157.6738 0.1412
56751.3593 144.2735 0.1473
56744.5318 144.3641 0.1477
56712.4957 144.8424 0.1457
57479.5619 156.6376 0.1297
56715.5670 144.9964 0.1426
57213.3036 138.8999 0.1256
57433.5416 156.8788 0.1389
56803.4819 146.4113 0.1879
57160.4616 139.8094 0.1521
57078.4859 140.9633 0.1435
57166.3455 140.6986 0.1544
57105.5711 141.0939 0.2023
57104.5060 141.6258 0.1765
57185.4795 137.5734 0.1963
57123.5621 140.8668 0.1757
57567.3097 159.2692 0.3584
