57420.5648 15.8088 0.0397
52813.3181 19.5294 0.0140
57191.4456 19.3484 0.0531
56833.3407 17.1291 0.0565
57134.4846 17.1592 0.0538
56839.3248 16.9206 0.0640
56751.3553 15.4197 0.0617
56831.3281 17.2673 0.0598
56783.3558 14.7774 0.0693
57520.3246 19.0878 0.0558
56805.4223 13.5755 0.0600
56723.5016 13.3380 0.0584
57123.5575 21.4121 0.0679
57542.3711 15.6675 0.0505
57160.3779 18.5480 0.0526
57157.4560 20.8374 0.0602
56776.4714 15.6142 0.0592
56798.4341 15.5419 0.0572
56835.3306 16.9894 0.0599
56803.4771 14.3464 0.0670
56837.3334 17.2833 0.0620
57492.5572 21.9033 0.0616
56809.4686 14.8745 0.0623
56741.6140 14.4520 0.0722
57216.2878 17.9449 0.0568
56778.3088 14.8881 0.0607
57479.5576 21.7464 0.0582
56801.3570 10.2344 0.0545
56780.3187 14.4904 0.0614
56744.5276 15.4538 0.0614
57433.5379 19.9005 0.0549
57223.3746 18.3490 0.0556
56715.5630 10.8274 0.0521
56781.3610 14.9847 0.0653
57220.2754 17.9848 0.0563
56811.4451 15.7497 0.0586
56722.4603 12.3585 0.0553
57508.4204 21.0464 0.0588
56807.3013 16.3133 0.0604
56841.3295 16.3145 0.0642
57567.3072 17.4667 0.0583
56712.4916 10.0919 0.0537
57547.4049 18.6417 0.0550
56772.5497 15.5314 0.0640
57104.4873 20.4457 0.0720
57213.2988 17.6330 0.0617
57166.3406 20.9416 0.0951
57185.4755 20.3991 0.0641
57078.4806 21.9291 0.0819
56829.3175 17.7090 0.1149
57105.5696 21.3754 0.1302
56865.2985 18.8938 0.1222
53941.3114 16.4010 0.0528
53770.6220 15.8908 0.0414
54620.3581 15.1841 0.0733
