52730.5705 12.5464 0.0332
53462.4886 12.7047 0.0586
53847.5732 14.6211 0.0783
53911.3288 15.6118 0.0222
53851.4182 14.6232 0.0193
56801.3749 9.8345 0.0335
53853.4352 14.3048 0.0195
53586.2942 12.0269 0.0145
53524.3013 14.9411 0.0139
54186.5147 10.7071 0.0191
54531.5740 12.9450 0.0131
57420.5809 10.6784 0.0367
53466.6127 12.9118 0.0149
52710.6200 12.5822 0.0175
53583.3046 12.4385 0.0158
54570.4284 12.3877 0.0249
53799.4817 13.0515 0.0223
52817.2960 12.4716 0.0322
54262.4012 11.6366 0.0166
54209.4929 11.0779 0.0152
54624.3824 10.2632 0.0149
57191.4580 16.7564 0.0479
53505.3888 14.7391 0.0215
56833.3526 9.4525 0.0418
53769.6082 12.9315 0.0160
54561.4254 12.0165 0.0157
53146.4901 10.3701 0.0162
54151.6503 10.7419 0.0174
54153.5968 10.5935 0.0167
54117.6461 12.7334 0.0163
54524.5266 13.2471 0.0218
53553.4142 14.8190 0.0185
54144.5888 11.1188 0.0166
53578.3431 12.9945 0.0217
53411.6236 11.3607 0.0159
54511.5807 14.5480 0.0157
54213.5722 11.2671 0.0190
54614.3924 10.2438 0.0163
53936.3074 14.1757 0.0183
54255.3352 12.1217 0.0205
54600.4459 11.0172 0.0299
53446.5324 13.7898 0.0172
54621.4059 10.3258 0.0157
52790.4028 15.5816 0.1397
54266.2923 11.6650 0.0165
54557.5455 12.1044 0.0167
54234.4877 11.5988 0.0164
53859.3669 14.0031 0.0202
53200.2667 9.9020 0.0156
53473.5879 12.9358 0.0185
53121.5132 11.2262 0.0159
54591.3863 11.5051 0.0155
54179.5219 10.6605 0.0159
54563.4941 12.1210 0.0172
52813.3474 12.9406 0.0206
54588.5522 11.2590 0.0197
53175.3845 9.6604 0.0154
53883.3893 12.9844 0.0181
53109.5778 11.0221 0.0203
54183.5063 10.7536 0.0168
53551.3290 15.2950 0.0176
53939.3067 14.4865 0.0184
53875.3594 12.7834 0.0170
53772.6264 12.8000 0.0182
52792.4193 15.9988 0.0277
54201.4537 11.0495 0.0168
53527.3526 15.5736 0.0178
54535.5077 13.2163 0.0164
53943.3027 14.6181 0.0188
54259.3128 11.8620 0.0160
53138.4614 10.3263 0.0165
53469.5188 12.8830 0.0172
53178.3751 9.5877 0.0150
53149.3330 10.6250 0.0154
53906.3684 15.3809 0.0208
52722.5967 12.7655 0.0280
53390.6489 11.2915 0.0166
53531.3615 16.0813 0.0186
53916.3248 15.1731 0.0214
53117.4850 11.1829 0.0158
53766.6170 13.0358 0.0171
53495.4394 14.6598 0.0183
54176.5642 10.7164 0.0162
54124.6309 12.0685 0.0164
54205.4858 10.8659 0.0176
54594.4526 11.4251 0.0160
53165.4100 9.9380 0.0150
54618.4140 10.2288 0.0152
53122.4995 11.2474 0.0105
53195.3465 9.8995 0.0152
53743.6336 13.0886 0.0163
54229.4787 11.7493 0.0228
53518.4479 14.3627 0.0281
54538.5772 13.5192 0.0190
54113.6612 13.2268 0.0194
53083.6071 11.8146 0.0171
53855.4161 14.1062 0.0178
53502.3879 14.8766 0.0185
54597.4509 11.2291 0.0157
53892.3770 13.7808 0.0256
54120.6630 12.2343 0.0196
53879.3083 12.6432 0.0177
53500.3158 15.0506 0.0178
53888.4064 13.3268 0.0184
54528.5221 13.1874 0.0153
56712.5038 9.5661 0.0507
52791.4573 15.7120 0.0283
56751.3675 10.0520 0.0528
52721.6238 12.8170 0.0364
57433.5504 10.7174 0.0438
56744.5399 10.0651 0.0551
56837.3458 9.4243 0.0514
56772.5627 10.2429 0.0603
57220.2890 13.8600 0.0492
57542.3828 16.1442 0.0507
57520.3376 14.8059 0.0519
57216.3027 13.7969 0.0508
56715.5752 9.5021 0.0481
56839.3381 9.4743 0.0562
56811.4574 9.9132 0.0502
56741.6340 10.3520 0.0701
56783.3699 10.0700 0.0619
56723.5137 9.8944 0.0524
56798.4478 9.9680 0.0542
57547.4163 16.8114 0.0532
57213.3122 13.6990 0.0465
56805.4347 9.8684 0.0534
56831.3404 9.4179 0.0484
57134.4954 11.6008 0.0490
56807.3136 9.6611 0.0501
56778.3210 10.0222 0.0546
56780.3316 10.0471 0.0544
56841.3435 9.3847 0.0549
56781.3732 10.0737 0.0569
57123.5755 10.8982 0.0613
56776.4836 10.2010 0.0512
56722.4730 9.6969 0.0523
57508.4323 11.9057 0.0475
56809.4820 9.8279 0.0554
57492.5703 11.2909 0.0493
57479.5706 10.8053 0.0481
57223.3876 13.8741 0.0504
56835.3435 9.4461 0.0489
53463.5851 12.9969 0.0275
53523.4194 14.7876 0.0261
56803.4932 9.9357 0.0804
53563.3393 14.0650 0.0315
57157.4700 14.0531 0.0580
57166.3553 15.1627 0.0652
54620.3574 10.2451 0.0486
57160.5099 14.3094 0.0734
57078.4942 9.5458 0.0648
57185.4913 16.8061 0.0788
53890.4800 13.2914 0.0932
53198.3064 9.9378 0.1048
57105.5754 10.3580 0.1043
54619.3119 10.1006 0.0838
57104.5235 10.2381 0.0952
