57420.5630 12.3885 0.0316
57433.5398 13.5897 0.0335
57547.4068 13.6647 0.0344
57508.4224 14.2739 0.0358
57542.3732 13.8208 0.0340
57520.3267 14.2203 0.0362
57479.5587 12.7945 0.0404
57492.5583 13.4071 0.0413
57567.3077 13.3446 0.0485
52813.3181 14.3174 0.0120
57191.4456 13.7257 0.0463
56833.3407 11.3328 0.0480
57134.4846 13.8561 0.0488
56839.3248 11.5086 0.0551
56831.3281 11.3008 0.0502
56783.3558 11.3615 0.0639
56805.4223 10.7977 0.0537
56723.5016 12.9853 0.0554
57123.5575 13.4475 0.0612
57160.3779 13.6102 0.0457
57157.4560 13.7240 0.0512
56776.4714 11.3476 0.0519
56798.4341 10.8975 0.0496
56835.3306 11.5036 0.0509
56837.3334 11.6420 0.0530
56809.4686 10.8501 0.0544
56741.6140 11.9470 0.0673
57216.2878 14.2020 0.0505
56778.3088 11.1647 0.0541
56801.3570 10.9335 0.0528
56780.3187 11.3425 0.0554
56744.5276 11.9714 0.0552
56803.4771 10.8673 0.0604
56751.3553 11.7280 0.0552
57223.3746 14.0275 0.0495
56715.5630 13.2803 0.0526
56781.3610 11.4063 0.0588
57220.2754 14.1537 0.0506
56722.4603 12.6891 0.0533
56811.4451 10.7730 0.0500
56807.3013 10.8828 0.0507
56841.3295 11.4471 0.0568
56712.4916 13.3762 0.0552
56772.5497 11.4140 0.0584
57104.4873 13.4584 0.0601
57213.2988 14.1741 0.0560
57166.3406 13.4888 0.0818
57185.4755 13.5404 0.0560
57078.4806 12.8411 0.0664
56829.3175 11.4987 0.0950
57105.5696 12.8894 0.1067
56865.2985 12.4724 0.1010
53770.6220 11.0842 0.0362
54620.3581 11.3356 0.0647
