57420.5540 15.1495 0.0400
56743.5230 12.7638 0.0484
56803.4428 13.9112 0.0571
53467.4922 11.5386 0.0108
56741.6039 14.1507 0.0711
57220.2624 12.4936 0.0509
56801.3447 13.6393 0.0579
57133.5964 12.0208 0.0549
56722.4472 13.9261 0.0565
56723.4894 14.0307 0.0590
57194.4085 12.5594 0.0480
57433.5265 16.2151 0.0508
57223.3617 12.8203 0.0494
56751.3430 14.2870 0.0616
56841.3171 14.1695 0.0627
56772.5360 12.4024 0.0609
57185.4684 12.3381 0.0588
57160.3650 12.3185 0.0455
57542.3595 14.9503 0.0499
57157.4427 12.0890 0.0500
56712.4795 13.7925 0.0580
57459.5467 16.0628 0.0554
57216.2749 12.6051 0.0491
57520.3112 15.1628 0.0538
56811.4327 13.7603 0.0551
57567.2949 14.7555 0.0543
56715.5507 14.0032 0.0560
56839.3125 14.0420 0.0615
57479.5453 15.8513 0.0603
56805.4093 13.7029 0.0582
56835.3184 14.0937 0.0556
56744.5528 14.2846 0.0608
57508.4085 15.2077 0.0505
56776.4591 8.7201 0.0500
56837.3204 13.9808 0.0572
57213.2865 12.5307 0.0454
56798.4214 13.7709 0.0544
56831.3158 13.9179 0.0558
56833.3247 13.9876 0.0551
57547.3932 14.8483 0.0504
56807.2890 13.7007 0.0587
57492.5435 15.3128 0.0563
56809.4559 13.7013 0.0658
57134.4710 12.1455 0.0593
56780.3072 13.7844 0.0897
56778.2977 13.7112 0.0830
56781.3499 13.6456 0.0871
57195.4028 12.2122 0.0759
57078.4520 12.0612 0.0706
56783.3413 13.9731 0.0937
57104.4634 12.5525 0.0962
57191.4276 12.3876 0.0866
57123.5397 12.4047 0.1460
57105.5621 12.8084 0.1075
57166.3288 12.2686 0.1031
