57420.5625 31.3158 0.0492
56833.3397 30.8762 0.0608
56712.4876 35.5138 0.0788
56783.3499 31.8755 0.0820
56715.5589 34.9679 0.0761
57157.4515 38.8565 0.0743
56722.4562 32.7128 0.0757
56809.4644 31.1776 0.0798
56839.3207 32.0464 0.0779
56841.3254 32.2649 0.0784
56781.3570 32.0910 0.0800
56835.3266 31.0089 0.0731
56811.4410 30.6320 0.0735
57492.5529 30.1445 0.0656
56751.3512 32.6169 0.0791
56837.3290 31.6892 0.0759
57133.6087 38.5923 0.0826
57213.2951 39.4409 0.0705
56780.3146 32.3560 0.0783
57160.3736 38.2559 0.0698
57123.5514 39.2311 0.0774
56772.5452 32.7294 0.0809
57191.4374 37.7564 0.0756
56805.4182 31.7108 0.0779
56744.5234 31.4907 0.0753
57223.3703 39.6651 0.0739
57547.4010 31.5254 0.0665
57220.2711 39.0969 0.0751
56741.6082 32.5959 0.0863
56803.4723 34.7865 0.0835
57508.4165 32.9415 0.0694
56831.3240 31.1008 0.0733
57134.4821 38.6189 0.0829
56807.2972 31.9304 0.0777
57433.5341 34.1696 0.0678
56778.3048 32.4299 0.0783
56798.4301 30.9042 0.0714
53472.4934 31.4421 0.0184
56801.3529 31.1558 0.0758
57567.3029 32.9286 0.0735
56776.4673 32.4595 0.0770
57542.3673 30.6206 0.0646
57216.2834 39.0282 0.0750
57479.5533 30.3060 0.0650
57520.3201 31.8536 0.0666
56723.4975 32.7231 0.0781
57078.4761 34.9253 0.0850
57166.3371 38.8826 0.0803
57185.4701 37.2693 0.1046
57104.4732 38.2519 0.1539
