56833.3397 32.2967 0.0622
57133.6087 30.4461 0.0769
56783.3499 31.8058 0.0819
56809.4644 31.1294 0.0805
56807.2972 34.0297 0.0805
56841.3254 34.8282 0.0806
56781.3570 31.9787 0.0799
56811.4410 34.4074 0.0775
56780.3146 28.9328 0.0762
57420.5636 30.0309 0.0687
57191.4374 27.0991 0.0667
56805.4182 32.5611 0.0799
56798.4301 33.3564 0.0738
56741.6082 34.7622 0.0911
56803.4723 29.9106 0.0791
56744.5234 30.0919 0.0743
57134.4821 23.4331 0.0701
53472.4950 25.5203 0.0173
56778.3048 32.8920 0.0787
56835.3266 33.4913 0.0761
56801.3529 32.9486 0.0777
57567.3029 23.4155 0.0645
56831.3240 33.8919 0.0766
57078.4761 21.0014 0.0685
57157.4526 25.9496 0.0880
56751.3522 28.1245 0.1055
57542.3682 24.2318 0.0827
57223.3714 27.4561 0.0901
56776.4683 31.0836 0.1065
57160.3747 25.2650 0.0833
56715.5599 26.5347 0.0967
57213.2962 27.1062 0.0854
57185.4701 25.4035 0.0924
57508.4175 24.2236 0.0867
56839.3217 31.4005 0.1088
56772.5463 30.7627 0.1083
57220.2722 27.7034 0.0925
57433.5350 30.5782 0.0909
56837.3304 30.8776 0.1064
57492.5540 27.7387 0.0915
56712.4886 26.1458 0.0988
56723.4985 28.3513 0.1073
57479.5544 27.8792 0.0894
57547.4021 23.3711 0.0835
57520.3212 25.0114 0.0860
57216.2845 27.2682 0.0913
56722.4572 27.8049 0.1006
57123.5530 24.4992 0.0963
57166.3377 23.8113 0.0889
57104.4732 26.2625 0.1319
