53472.5332 50.7607 0.0248
57420.5614 39.7732 0.0762
57134.4836 40.9569 0.0973
56776.4663 38.4425 0.1171
56831.3230 37.5821 0.1128
56778.3038 38.0776 0.1178
56833.3319 37.3173 0.1115
57213.2940 41.4901 0.1014
56801.3519 37.8173 0.1163
57216.2824 41.3604 0.1089
56805.4172 38.3643 0.1195
56783.3488 38.3202 0.1226
56715.5579 38.1183 0.1120
57223.3692 41.7818 0.1070
56723.4965 37.9418 0.1143
57508.4155 42.1635 0.1095
56803.4711 38.0474 0.1218
57220.2700 41.4939 0.1087
57123.5498 41.6247 0.1115
53474.4540 51.1599 0.0328
56744.5224 37.8096 0.1148
57567.3017 42.7389 0.1219
56839.3197 37.4999 0.1178
56841.3244 37.2232 0.1173
56781.3560 38.0070 0.1204
56811.4400 37.7936 0.1130
56772.5440 38.3961 0.1234
56835.3256 37.4769 0.1119
56751.3502 37.7217 0.1183
56837.3276 37.1612 0.1148
57479.5522 41.0947 0.1025
56780.3135 38.0455 0.1181
57433.5331 39.7762 0.1034
57191.4363 40.6175 0.1113
57542.3663 42.8061 0.1062
57157.4503 40.4148 0.1091
56809.4634 38.0986 0.1229
57133.6071 40.8194 0.1233
56741.6067 38.1100 0.1282
56722.4552 37.8439 0.1134
56807.2962 38.0410 0.1201
57547.3999 42.1259 0.1068
57492.5517 42.2918 0.1052
56798.4291 37.8750 0.1098
56712.4866 38.2209 0.1154
57160.3725 40.7676 0.1010
57520.3190 42.4652 0.1056
57185.4683 40.3614 0.1804
57078.4740 41.8752 0.1762
57166.3360 39.9703 0.1176
