57420.5648 15.5551 0.0398
53472.5316 16.6222 0.0143
57191.4456 18.6784 0.0530
56833.3407 20.6605 0.0607
57134.4846 19.1620 0.0561
56839.3248 20.7494 0.0689
56751.3553 18.5668 0.0663
56831.3281 20.6062 0.0641
56783.3558 19.4585 0.0739
57520.3246 16.0820 0.0536
56723.5016 18.1637 0.0649
56805.4223 20.3820 0.0681
57479.5576 14.6059 0.0525
57123.5575 19.0008 0.0667
57542.3711 17.7765 0.0535
57160.3779 18.3995 0.0531
57157.4560 18.0970 0.0581
56776.4714 19.4066 0.0641
56798.4341 20.1153 0.0627
56835.3306 20.6294 0.0645
56803.4771 20.2570 0.0739
56837.3334 20.8267 0.0664
57492.5572 14.8643 0.0546
56809.4686 20.3829 0.0693
56741.6140 18.1652 0.0766
57216.2878 19.0655 0.0583
56778.3088 19.2581 0.0663
56801.3570 20.1346 0.0660
56780.3187 19.3483 0.0670
56744.5276 18.1059 0.0655
57433.5379 15.2904 0.0506
57223.3746 19.4218 0.0573
56715.5630 18.3450 0.0619
56781.3610 19.3174 0.0704
57220.2754 19.3505 0.0586
56811.4451 20.4982 0.0645
56722.4603 18.2081 0.0631
57508.4204 15.4852 0.0535
56807.3013 20.3162 0.0656
56841.3295 20.9574 0.0694
57567.3072 19.6598 0.0617
56712.4916 18.5864 0.0645
57547.4049 18.2772 0.0554
56772.5497 18.9950 0.0687
57213.2988 18.8783 0.0645
57104.4873 19.9632 0.0715
57166.3406 19.1070 0.0935
57185.4755 18.7295 0.0635
57078.4806 19.9440 0.0801
57105.5696 19.4095 0.1276
53474.4572 18.7164 0.0310
53770.6220 22.1142 0.0482
54620.3581 18.8208 0.0809
