57420.5718 14.1819 0.0392
56833.3442 9.7808 0.0466
52813.3181 11.0764 0.0113
56741.6247 12.2472 0.0694
56805.4265 9.3998 0.0529
56781.3651 10.5682 0.0583
57492.5616 13.0374 0.0489
56798.4382 9.6810 0.0497
57542.3753 13.2567 0.0482
56841.3344 9.6473 0.0556
57157.4605 11.6648 0.0498
57520.3289 13.5165 0.0511
56801.3611 9.5929 0.0538
57213.3036 13.4025 0.0466
56809.4728 9.0544 0.0544
56839.3294 9.6632 0.0542
56712.4957 12.8152 0.0563
57508.4244 13.8413 0.0503
57191.4470 13.0843 0.0485
56722.4643 11.9301 0.0546
57134.4858 12.9004 0.0494
56835.3351 9.6860 0.0496
56723.5056 11.7626 0.0567
56811.4492 9.4638 0.0495
57223.3789 13.8609 0.0504
57216.2922 13.6284 0.0512
56778.3129 11.1611 0.0565
56783.3617 10.8826 0.0625
57220.2801 13.7889 0.0516
57479.5619 12.7098 0.0497
56807.3055 9.2226 0.0512
56780.3231 10.9104 0.0558
56837.3376 9.6356 0.0516
56831.3322 9.9225 0.0490
57547.4087 14.1015 0.0496
56751.3593 11.8582 0.0568
56744.5318 12.3133 0.0576
56772.5541 11.1006 0.0608
56715.5670 12.2787 0.0526
56776.4755 10.9899 0.0534
57433.5416 14.9772 0.0497
56803.4819 9.3995 0.0720
57160.4616 12.3866 0.0573
57078.4859 12.6646 0.0533
57166.3455 12.0214 0.0618
57105.5711 11.6694 0.0740
56829.3180 10.1941 0.0660
57104.5060 11.9255 0.0630
57185.4795 12.9900 0.0820
57123.5621 12.2995 0.0875
56865.2991 9.8357 0.0686
57567.3097 13.7484 0.1305
