56743.5069 41.5495 0.0564
57420.5495 54.9746 0.0671
52816.2955 52.8200 0.0214
56781.3448 42.1860 0.0951
57508.4044 55.1136 0.0943
56776.4550 43.4476 0.0920
56780.3019 41.6939 0.0928
56803.4007 42.6126 0.0954
56831.3117 44.0691 0.0898
57567.2972 55.5851 0.1056
56778.2926 42.3780 0.0935
56835.3144 44.1547 0.0889
57542.3556 55.7677 0.0931
57547.3894 55.4305 0.0927
56741.5892 41.8755 0.0962
56805.4052 42.7230 0.0908
57433.5227 56.6072 0.0907
56839.3084 43.9923 0.0925
57459.5423 56.3816 0.0959
57160.3607 52.6966 0.0851
56712.4754 42.9002 0.0905
57133.4154 52.9212 0.0867
57194.4042 51.5726 0.0864
56715.5467 43.1658 0.0896
57157.4382 52.4669 0.0915
56744.5487 42.4414 0.0921
56841.3128 44.1669 0.0913
57216.2706 51.6006 0.0892
57223.3574 52.0693 0.0882
56751.3388 42.1542 0.0922
56837.3164 43.9019 0.0901
56833.3206 44.0011 0.0892
57479.5414 55.8165 0.0876
57213.2820 51.7443 0.0836
56722.4431 42.6971 0.0909
57078.4375 53.1421 0.0883
57220.2575 51.7139 0.0827
56772.5313 42.2898 0.0909
56801.3407 43.0360 0.0922
57520.3067 54.9307 0.0865
56809.4513 42.9960 0.0931
56783.3361 42.4024 0.0928
56723.4853 42.6562 0.0901
56798.4174 42.9009 0.0860
56807.2850 42.4520 0.0927
56811.4286 43.3343 0.0877
57185.4561 50.8836 0.1066
57492.5382 57.0250 0.1193
57191.4231 51.0967 0.1064
57460.4772 53.6634 0.1894
57166.3209 52.6898 0.1465
57123.5324 52.6629 0.1262
57195.4008 51.5420 0.1354
57105.5603 52.5383 0.1359
57134.4685 50.8762 0.1408
56721.5940 42.9017 0.2285
57419.5304 56.6150 0.1996
57104.4590 52.7617 0.1808
