56801.3749 13.2488 0.0371
57420.5809 11.2647 0.0378
53081.5335 11.7229 0.0093
56833.3526 12.1757 0.0460
57191.4580 9.6515 0.0417
56712.5038 12.7883 0.0562
56778.3210 12.8388 0.0599
57492.5703 11.3004 0.0498
57479.5706 10.6639 0.0482
56807.3136 12.6326 0.0557
57216.3027 9.6195 0.0464
56780.3316 12.7333 0.0594
56811.4574 12.2735 0.0548
56741.6340 12.2633 0.0743
56809.4820 12.3653 0.0603
56783.3699 12.9849 0.0670
57433.5504 11.9410 0.0456
56715.5752 12.8223 0.0538
57508.4323 11.3094 0.0470
56841.3435 12.2927 0.0600
56744.5399 12.6975 0.0600
56723.5137 13.0909 0.0579
57134.4954 10.0989 0.0480
56751.3675 12.6924 0.0576
56781.3732 12.8065 0.0621
57123.5755 10.2733 0.0622
56798.4478 13.2028 0.0595
56772.5627 12.8621 0.0647
57223.3876 10.0909 0.0469
56835.3435 12.2518 0.0542
57547.4163 12.3946 0.0479
57220.2890 10.2489 0.0456
56805.4347 12.7746 0.0588
57542.3828 11.7915 0.0455
57213.3122 9.6174 0.0423
57520.3376 11.3501 0.0487
56831.3404 12.1278 0.0535
56837.3458 12.2530 0.0566
56839.3381 12.2220 0.0615
56722.4730 13.2066 0.0583
56776.4836 12.7321 0.0557
56803.4932 12.5847 0.0869
57157.4700 10.4450 0.0546
57166.3553 9.8115 0.0595
57185.4913 8.9026 0.0684
57160.5099 10.6607 0.0688
57078.4942 10.1317 0.0668
57104.5235 10.0880 0.0960
57105.5754 10.0896 0.1052
