57420.5648 15.9249 0.0394
53472.5316 17.4252 0.0142
57191.4456 11.3014 0.0448
56833.3407 10.8514 0.0486
57134.4846 11.8864 0.0481
56839.3248 11.1401 0.0563
56751.3553 14.3798 0.0603
56831.3281 10.9045 0.0510
56783.3558 14.5226 0.0683
57520.3246 18.4131 0.0551
56723.5016 14.7313 0.0597
56805.4223 12.6627 0.0576
57479.5576 17.0343 0.0539
57123.5575 9.0956 0.0588
57542.3711 19.9603 0.0549
57160.3779 11.4286 0.0442
57157.4560 11.8138 0.0502
56776.4714 14.9146 0.0579
56798.4341 13.9983 0.0546
56835.3306 10.9435 0.0515
56803.4771 12.6627 0.0639
56837.3334 11.0258 0.0535
57492.5572 18.5940 0.0577
56809.4686 12.2458 0.0580
56741.6140 14.1524 0.0718
57216.2878 13.7304 0.0509
56778.3088 14.4513 0.0595
56801.3570 13.3187 0.0570
56780.3187 14.4528 0.0604
56744.5276 14.1027 0.0596
57433.5379 16.6614 0.0511
57223.3746 13.7727 0.0502
56715.5630 14.5980 0.0562
56781.3610 14.4985 0.0639
57220.2754 13.5906 0.0510
56811.4451 12.2446 0.0533
56722.4603 14.7538 0.0578
57508.4204 19.2139 0.0566
56807.3013 12.2493 0.0541
56841.3295 11.3090 0.0581
57567.3072 18.7025 0.0594
56712.4916 14.5262 0.0586
57547.4049 19.4447 0.0556
56772.5497 13.9204 0.0624
57213.2988 13.7432 0.0566
57104.4873 10.9845 0.0579
53474.4540 17.4913 0.0206
57166.3406 10.9972 0.0794
57185.4755 11.2034 0.0541
57078.4806 9.9950 0.0634
57105.5696 10.5100 0.1031
53770.6220 18.6340 0.0446
54620.3581 23.5256 0.0871
