56743.5069 24.1280 0.0520
57420.5495 32.6769 0.0544
56780.3019 26.1688 0.0844
56778.2926 26.0366 0.0832
57542.3556 36.5640 0.0759
57547.3894 36.4869 0.0758
56744.5487 24.5008 0.0817
57433.5227 33.8709 0.0709
57459.5423 30.0262 0.0720
56776.4550 26.4651 0.0812
56751.3388 24.8549 0.0820
57157.4382 35.0046 0.0770
56781.3448 26.2105 0.0872
57223.3574 28.2936 0.0672
57479.5414 33.5085 0.0705
57213.2820 23.8764 0.0592
57220.2575 32.4162 0.0692
56772.5313 25.5811 0.0820
56783.3361 26.0858 0.0847
57216.2706 32.9243 0.0729
56798.4174 26.3530 0.0749
57160.3613 35.1953 0.0784
57492.5382 34.1593 0.0954
57078.4410 33.0736 0.0931
57508.4049 23.7865 0.0744
56712.4764 24.7400 0.1110
57460.4772 33.9797 0.1621
56837.3174 26.2566 0.1097
56805.4062 26.2184 0.1138
56809.4523 26.3673 0.1163
57133.4165 35.2199 0.1033
56715.5477 24.7273 0.1086
56723.4864 24.7234 0.1098
57194.4053 33.0997 0.1005
56841.3138 26.1811 0.1131
56839.3094 26.0491 0.1147
56803.4017 26.0567 0.1212
57166.3209 34.7555 0.1246
56801.3417 26.2207 0.1129
56811.4297 26.5406 0.1088
57520.3078 35.7555 0.1013
57123.5324 9.5989 0.0774
56722.4441 24.7043 0.1152
56741.5907 24.0877 0.1205
57105.5603 18.0679 0.0879
56807.2860 25.9360 0.1156
57185.4571 33.0559 0.1018
56835.3154 26.2072 0.1074
56831.3127 26.0070 0.1077
56833.3217 26.1606 0.1085
57134.4685 35.2425 0.1210
57567.2919 36.1068 0.1169
57195.4013 32.9850 0.1571
57419.5304 32.1520 0.1655
57191.4241 33.2302 0.1613
57104.4590 33.9948 0.1477
