57420.5625 46.6499 0.0577
56783.3499 48.0467 0.0943
57157.4515 45.7849 0.0800
56781.3570 48.2005 0.0934
57220.2711 46.9135 0.0816
57492.5529 47.4393 0.0802
56751.3512 49.7987 0.0934
57133.6087 45.9228 0.0887
56780.3146 47.8961 0.0912
57160.3736 45.7126 0.0758
56833.3436 46.8552 0.0896
57123.5514 46.1458 0.0817
57508.4165 46.9636 0.0819
53472.5300 59.8304 0.0261
56772.5452 48.0422 0.0928
57223.3703 46.8714 0.0797
57547.4010 45.0127 0.0788
56741.6082 49.6219 0.0987
56744.5234 50.1450 0.0911
57134.4821 46.8972 0.0904
57433.5341 47.9237 0.0797
56778.3048 47.9629 0.0917
57213.2951 47.6217 0.0768
56776.4673 48.1332 0.0907
57542.3673 45.0294 0.0775
57216.2834 47.2834 0.0818
57479.5533 47.1161 0.0776
57520.3201 46.4517 0.0774
57078.4761 45.4586 0.0956
57166.3371 45.2504 0.0853
57567.3031 29.8729 0.0806
56712.4886 51.1211 0.1297
56803.4734 46.9378 0.1301
56805.4192 46.9538 0.1295
56839.3217 46.9416 0.1281
56811.4420 47.2461 0.1249
56841.3264 47.0529 0.1268
57191.4386 46.0994 0.1162
56837.3304 46.6501 0.1260
56801.3539 47.0442 0.1263
56831.3250 46.6663 0.1234
56723.4985 50.8351 0.1358
56835.3276 46.8281 0.1235
56715.5599 51.3713 0.1274
56722.4572 51.1572 0.1294
56809.4654 46.8123 0.1327
56807.2983 47.1663 0.1284
57185.4719 45.8783 0.1260
57104.4732 47.5705 0.1703
53474.4508 60.4831 0.0493
