56743.5064 4.2040 0.0305
57420.5495 3.9120 0.0317
53475.5639 4.3289 0.0093
57567.2958 3.7207 0.0385
56781.3448 4.2330 0.0524
57508.4044 3.4332 0.0358
56776.4550 4.2863 0.0454
56780.3019 4.0721 0.0499
56803.4007 4.0794 0.0492
56831.3117 4.2838 0.0410
56778.2926 4.2606 0.0474
56835.3144 4.1621 0.0405
56783.3361 4.1188 0.0546
57547.3894 3.4702 0.0342
56723.4853 4.2304 0.0449
56741.5892 4.3985 0.0611
56805.4052 4.0868 0.0435
57433.5227 3.7329 0.0333
56839.3084 4.2282 0.0458
57459.5423 3.3599 0.0364
57160.3607 3.5724 0.0335
56712.4754 4.2092 0.0455
57133.4154 4.1053 0.0369
57194.4042 4.0686 0.0366
56715.5467 4.1413 0.0431
57157.4382 2.5370 0.0386
56744.5487 4.2432 0.0480
56841.3128 4.2698 0.0498
57216.2706 3.0829 0.0347
57223.3574 4.0763 0.0374
56751.3388 4.2227 0.0496
56837.3164 4.2799 0.0430
56833.3206 4.2580 0.0417
57479.5414 3.2072 0.0384
57213.2820 4.0390 0.0334
56722.4431 4.1211 0.0447
57078.4375 4.1728 0.0446
56772.5313 4.2827 0.0518
56801.3407 4.2543 0.0459
57520.3067 3.7494 0.0412
56809.4513 4.1197 0.0445
57542.3556 3.3022 0.0338
56798.4174 4.1891 0.0404
56807.2850 4.2366 0.0432
56811.4286 4.2447 0.0404
57185.4561 4.1899 0.0503
57492.5382 2.3865 0.0464
57191.4231 4.0716 0.0465
57460.4772 2.3275 0.0838
57195.4008 4.2834 0.0583
53883.4566 4.3327 0.0127
57166.3209 2.9261 0.0718
57123.5324 3.9777 0.0740
57220.2589 4.0251 0.0575
57105.5603 4.0550 0.0577
53884.4341 4.4507 0.0131
57134.4685 3.0552 0.0623
56721.5940 4.1038 0.1216
57419.5304 3.7801 0.1107
57104.4590 4.1698 0.0731
53467.5113 4.3041 0.0184
54620.3656 4.0020 0.0492
53770.6182 4.3965 0.0269
