56743.5081 19.6258 0.0466
57420.5495 20.2662 0.0451
53475.5646 20.2093 0.0149
56839.3084 19.3748 0.0664
56781.3448 19.1510 0.0713
57508.4044 21.7639 0.0612
56776.4550 19.1478 0.0658
56780.3019 19.1799 0.0692
56803.4007 19.0364 0.0695
56831.3117 19.2372 0.0625
57567.2972 22.2142 0.0695
56778.2926 19.0730 0.0678
56835.3144 19.3461 0.0620
57542.3556 21.9525 0.0599
57547.3894 21.8070 0.0599
56723.4853 19.5869 0.0658
56741.5892 19.3034 0.0764
56805.4052 19.1103 0.0647
57433.5227 21.2079 0.0571
57459.5423 21.1322 0.0611
57160.3607 19.1333 0.0540
56712.4754 19.6580 0.0663
57133.4154 19.7138 0.0566
57194.4042 18.4526 0.0555
56715.5467 19.6007 0.0644
57157.4382 19.2697 0.0602
56744.5487 19.4852 0.0681
56841.3128 19.5846 0.0677
57216.2706 18.5907 0.0565
57223.3574 18.6946 0.0565
56837.3164 19.3969 0.0638
56833.3206 19.4165 0.0627
57479.5414 21.6378 0.0587
57213.2820 18.6431 0.0526
56722.4431 19.5845 0.0661
57078.4375 20.7002 0.0616
57220.2575 18.8139 0.0568
56772.5313 19.2302 0.0690
56801.3407 19.1267 0.0662
57520.3067 21.4203 0.0592
56809.4513 19.1321 0.0663
56783.3361 19.0636 0.0711
56798.4174 19.1386 0.0607
56807.2850 19.0980 0.0656
56811.4286 19.0027 0.0612
57185.4561 18.8969 0.0719
57492.5382 21.5391 0.0778
57191.4231 18.7936 0.0697
57460.4772 21.1689 0.1290
57195.4008 18.6826 0.0877
57166.3209 18.9147 0.1000
57123.5324 19.8446 0.0935
56751.3398 19.2340 0.0971
57105.5603 20.2870 0.0902
53884.4341 21.4466 0.0204
57134.4685 19.7203 0.0954
56721.5940 19.8729 0.1717
57419.5304 20.1307 0.1418
57104.4590 20.5365 0.1182
53467.5113 20.1512 0.0300
54620.3656 17.8866 0.0794
53770.6182 20.7680 0.0445
