53462.4914 2.1917 0.0270
53847.5755 2.0001 0.0234
57479.5240 1.6405 0.0228
52730.5552 2.3446 0.0370
53911.3267 2.0395 0.0194
53586.2942 2.0417 0.0105
53853.4391 2.0973 0.0154
53851.4203 2.0555 0.0149
53524.3013 2.0768 0.0089
52698.6084 2.3918 0.0101
57420.5453 1.5376 0.0305
53466.6127 2.2145 0.0102
56803.4112 1.0921 0.0338
54186.5143 1.5967 0.0179
52710.6200 2.3292 0.0125
56743.5035 1.1185 0.0340
57567.2896 1.6472 0.0289
53583.3046 2.0376 0.0107
56811.4234 1.0625 0.0302
57520.3008 1.6133 0.0427
56809.4460 1.1394 0.0344
54531.5709 1.9035 0.0093
56831.3066 1.1275 0.0306
53799.4817 2.0560 0.0162
56837.3096 1.1138 0.0322
56723.4803 1.0412 0.0341
56835.3093 1.0861 0.0302
52817.2960 2.1956 0.0231
56744.5344 1.1134 0.0341
54262.4012 1.8885 0.0117
56841.3074 1.0716 0.0395
56801.3352 1.0968 0.0360
56839.3033 1.1643 0.0348
57459.5373 1.5255 0.0292
56715.5416 1.1496 0.0326
56781.3397 1.0153 0.0434
54209.4929 1.5636 0.0097
56776.4499 1.0088 0.0332
56783.3308 1.1532 0.0446
53505.3888 2.1444 0.0165
57460.4734 1.5132 0.0283
56798.4117 0.9855 0.0301
56805.4000 1.0335 0.0317
56833.3155 1.0622 0.0308
56751.3336 0.9879 0.0401
54561.4254 1.9187 0.0102
53146.4901 2.1416 0.0116
54213.5722 1.5553 0.0131
54153.5968 1.7035 0.0109
53390.6489 2.0957 0.0113
53553.4142 2.0701 0.0113
53411.6236 2.2987 0.0106
53936.3074 2.0821 0.0113
53883.3893 1.9126 0.0118
56712.4708 1.0095 0.0374
54266.2923 1.9376 0.0109
54557.5455 1.8175 0.0108
54234.4877 1.6760 0.0105
56778.2878 1.0688 0.0396
53200.2667 1.9163 0.0111
53473.5879 2.1854 0.0126
53121.5132 2.1576 0.0108
54624.3821 1.7185 0.0109
54179.5219 1.6215 0.0104
54563.4941 1.9191 0.0115
52813.3474 2.2213 0.0137
53175.3845 1.9097 0.0105
56807.2804 1.1014 0.0353
54183.5063 1.5871 0.0112
53859.3669 2.0175 0.0149
53551.3290 2.1018 0.0107
53939.3067 2.1156 0.0115
53875.3594 1.9712 0.0106
52792.4193 2.2523 0.0190
54201.4537 1.5744 0.0111
53446.5324 2.2987 0.0108
53943.3027 2.1266 0.0115
52815.2953 2.2752 0.0080
53138.4614 2.1367 0.0119
54144.5888 1.7120 0.0109
53109.5778 2.1380 0.0156
53578.3431 2.0151 0.0152
53469.5188 2.2200 0.0112
53178.3751 1.9542 0.0105
53149.3330 2.1844 0.0109
53906.3684 2.0208 0.0130
53531.3615 2.0589 0.0111
53916.3248 2.0905 0.0145
53766.6170 1.7734 0.0102
53495.4394 2.1955 0.0114
54176.5642 1.6054 0.0106
53117.4850 2.1670 0.0107
54594.4526 1.6580 0.0101
53165.4100 2.0244 0.0105
53527.3526 2.0591 0.0107
54570.4281 1.8971 0.0242
53769.6079 2.0949 0.0110
53195.3465 1.8995 0.0105
53743.6336 1.9262 0.0097
53083.6071 2.1745 0.0116
54229.4787 1.6546 0.0185
53518.4479 2.0299 0.0242
53855.4161 2.0015 0.0110
53502.3879 2.1596 0.0121
56780.2969 1.0105 0.0427
53892.3770 1.9655 0.0218
53879.3083 1.9781 0.0115
53500.3158 2.1836 0.0112
53888.4064 1.9489 0.0124
54614.3916 1.7727 0.0125
54255.3344 1.8763 0.0178
57216.2664 1.1361 0.0315
54524.5258 1.9148 0.0190
52721.6238 2.3458 0.0314
52791.4573 2.2619 0.0194
54591.3855 1.8005 0.0111
54600.4451 1.8688 0.0306
54588.5514 1.7905 0.0163
54621.4051 1.7624 0.0116
54535.5069 1.8938 0.0109
56829.3208 1.1162 0.0456
54205.4850 1.5396 0.0133
53772.6256 2.1140 0.0133
54124.6301 1.8118 0.0114
52722.5960 2.2326 0.0257
54117.6453 1.8093 0.0108
54597.4501 1.7983 0.0113
56722.4392 1.0377 0.0438
54120.6622 1.7977 0.0159
54538.5764 1.8413 0.0134
54618.4132 1.7781 0.0115
54113.6604 1.8781 0.0159
54528.5213 1.9399 0.0102
54151.6495 1.6800 0.0129
54259.3121 1.8999 0.0112
53523.4194 2.0469 0.0183
54511.5799 1.9358 0.0097
56772.5274 0.9264 0.0498
53563.3393 2.0099 0.0234
52790.4017 2.3061 0.0479
53463.5877 2.2148 0.0242
57433.5198 1.5465 0.0413
54620.3574 1.8080 0.0338
57547.3866 1.5743 0.0417
56741.5841 0.9329 0.0512
57508.4013 1.5277 0.0432
57195.3988 1.4558 0.0515
57157.4348 1.2566 0.0492
57492.5351 1.5771 0.0462
57542.3528 1.5883 0.0414
57220.2523 1.3142 0.0881
57160.3575 1.2060 0.0413
57123.5278 1.1897 0.0873
56721.5919 1.0738 0.0464
57223.3541 1.2162 0.0450
56711.5225 1.1098 0.0793
57133.4122 1.2834 0.0461
57194.4010 1.0492 0.0437
57213.2788 1.1457 0.0396
53890.4800 2.0769 0.0631
57156.4557 1.0980 0.0414
57191.4194 1.2018 0.0773
53198.3064 1.8958 0.0927
57134.4671 1.0722 0.0761
54619.3119 1.6991 0.0604
57104.4558 1.0713 0.0439
57166.3176 1.1397 0.0903
57419.5273 1.6191 0.0976
57078.4234 1.0030 0.0518
