57479.5238 0.7651 0.0230
56743.5101 1.1697 0.0327
56803.4043 1.0665 0.0353
56723.4803 1.2213 0.0342
56809.4460 0.9765 0.0337
56721.5901 1.2929 0.0389
56798.4117 1.0551 0.0299
56778.2875 1.1628 0.0370
56805.4000 1.0953 0.0314
56837.3096 0.8611 0.0316
56776.4499 1.1258 0.0333
57460.4734 0.7729 0.0257
56833.3155 0.9345 0.0305
53475.5639 1.0171 0.0081
56780.2967 1.0789 0.0400
56772.5257 1.1401 0.0424
56835.3093 1.0143 0.0298
56831.3066 0.8944 0.0299
56744.5344 1.1187 0.0341
56751.3336 3.2786 0.0435
56811.4234 1.1275 0.0299
56783.3308 1.1162 0.0447
56841.3074 0.9760 0.0394
56839.3033 0.9259 0.0342
56715.5416 1.2989 0.0326
57542.3506 0.7867 0.0248
56781.3395 1.1954 0.0470
56712.4708 1.2623 0.0377
56801.3354 1.0613 0.0380
57433.5183 0.7895 0.0250
57216.2664 1.1038 0.0313
56807.2809 1.0057 0.0367
56722.4392 1.1627 0.0437
57508.4004 0.7226 0.0290
57213.2777 0.9806 0.0280
57194.3999 1.0017 0.0313
57459.5378 0.8157 0.0317
57133.4106 0.8370 0.0298
57223.3531 1.1033 0.0319
57157.4336 0.8479 0.0333
57160.3564 0.8334 0.0285
57547.3854 0.7466 0.0254
56829.3210 0.8466 0.0508
57420.5525 0.7437 0.0374
57191.4190 0.8900 0.0494
57567.2875 0.7240 0.0412
57185.4502 0.9206 0.0542
56741.5841 1.0791 0.0522
57104.4484 0.8265 0.0425
57134.4666 1.7797 0.0560
56711.5225 1.1491 0.0794
57195.3988 0.9476 0.0498
57520.3028 0.7068 0.0380
57078.4234 0.6897 0.0524
57166.3176 0.9877 0.0910
57156.4557 0.8443 0.0410
57105.5577 0.6597 0.0683
57220.2539 1.0153 0.0517
53467.5113 0.9655 0.0151
57123.5290 0.9436 0.1252
57492.5357 0.7294 0.0529
