57479.5240 6.3429 0.0252
56715.4984 5.3224 0.0351
57420.5453 6.2504 0.0333
56803.4112 5.6738 0.0372
56743.5101 4.8926 0.0354
56741.5899 4.9499 0.0506
57567.2896 6.2530 0.0327
56723.4803 5.4151 0.0382
56781.3397 5.1968 0.0458
56809.4460 5.6994 0.0387
56721.5901 5.3798 0.0421
56798.4117 5.7212 0.0354
56778.2875 5.2694 0.0404
56780.2967 5.1718 0.0427
56805.4000 5.7086 0.0363
56837.3096 5.3865 0.0362
57520.3008 6.7799 0.0450
57542.3509 6.8486 0.0313
56776.4499 5.2675 0.0372
57460.4734 6.0318 0.0331
56833.3155 5.1938 0.0349
57508.3994 6.5045 0.0324
56835.3093 5.2215 0.0344
56831.3066 5.2227 0.0348
56744.5344 5.0714 0.0373
56751.3336 5.0785 0.0428
56811.4234 5.5560 0.0348
56783.3308 5.2899 0.0465
56841.3074 5.3518 0.0422
57492.5332 6.8942 0.0364
56801.3352 5.6112 0.0398
56839.3033 5.3414 0.0382
57459.5373 5.9847 0.0335
56772.5257 5.1369 0.0443
56807.2799 5.5838 0.0384
52814.3124 7.0056 0.0104
56712.4708 5.2758 0.0416
57433.5183 6.2682 0.0330
57216.2664 4.9973 0.0365
57160.3564 5.1399 0.0345
56829.3208 5.2331 0.0501
56800.5027 5.6588 0.0705
57213.2777 4.9801 0.0335
57194.3999 4.7391 0.0361
57133.4106 5.0574 0.0346
57220.2508 4.8913 0.0861
57223.3531 4.9457 0.0367
57157.4336 5.1279 0.0381
56722.4392 5.4831 0.0491
57547.3854 7.1119 0.0352
57419.5251 6.4324 0.0654
57191.4184 4.6351 0.0468
57104.4484 4.7246 0.0498
57156.4565 5.0277 0.0624
57123.5278 4.7609 0.0900
57134.4666 5.1416 0.0613
56711.5225 5.2824 0.0836
57155.3464 4.2477 0.2300
57195.3988 4.7710 0.0576
57185.4502 5.0139 0.0599
57078.4234 4.8204 0.0551
57166.3176 5.1174 0.0984
57105.5577 4.8324 0.0805
