57479.5339 3.2099 0.0198
57420.5608 2.6120 0.0351
57508.4110 3.2574 0.0218
57520.3138 3.2473 0.0298
57492.5463 3.3004 0.0243
57542.3621 3.1183 0.0202
56715.4984 3.4475 0.0334
57433.5321 2.7711 0.0209
56743.5101 3.4033 0.0339
57547.3989 3.1068 0.0221
56803.4112 3.4084 0.0351
56741.5899 3.2673 0.0494
57567.2896 3.1460 0.0289
57213.2904 3.0228 0.0462
56811.4234 3.4013 0.0321
56778.2875 3.2940 0.0383
57157.4443 3.1530 0.0445
57460.4734 2.9643 0.0290
56837.3096 3.3403 0.0340
56723.4803 3.5195 0.0361
56835.3093 3.2757 0.0321
56841.3074 3.3774 0.0403
56801.3352 3.3877 0.0375
56839.3033 3.3944 0.0361
57459.5373 2.9030 0.0294
56744.5344 3.3825 0.0357
56781.3397 3.3381 0.0442
56809.4460 3.3469 0.0358
56721.5901 3.4200 0.0400
56776.4499 3.3103 0.0349
56783.3308 3.3312 0.0450
57216.2774 2.9115 0.0490
56798.4117 3.4383 0.0323
56780.2967 3.2581 0.0408
56805.4000 3.3441 0.0334
56833.3155 3.4249 0.0329
56831.3066 3.4318 0.0326
56751.3336 3.3722 0.0414
56772.5257 3.3691 0.0430
56807.2799 3.4425 0.0357
52814.3124 3.4181 0.0091
56712.4708 3.3911 0.0393
57223.3590 2.9201 0.0408
57160.3861 3.0051 0.0405
57220.2572 3.0001 0.0809
57134.4790 3.2968 0.0604
53853.4560 4.2463 0.0331
57194.3999 3.0798 0.0339
56829.3208 3.3990 0.0473
56800.5027 3.2118 0.0675
57133.4106 3.2861 0.0325
56722.4392 3.2306 0.0458
57191.4184 3.0150 0.0446
53847.5836 4.1959 0.0614
53911.3363 3.8808 0.0321
57419.5251 2.6605 0.0615
57123.5426 3.3578 0.0805
57104.4717 3.2794 0.0551
53462.5120 3.1663 0.0427
57195.3988 2.9967 0.0541
57166.3350 2.9678 0.0969
53524.3077 3.1795 0.0197
57185.4502 2.8906 0.0562
57105.5656 3.4945 0.1132
53799.4913 4.4620 0.0441
57156.4565 2.9912 0.0597
53586.3006 3.6496 0.0240
53583.3112 3.6077 0.0219
56711.5225 3.5416 0.0808
54531.5865 3.1009 0.0175
53466.6193 3.1654 0.0219
54570.4347 3.3529 0.0361
53851.4109 4.3607 0.0375
53149.3393 3.4245 0.0257
53390.6553 3.5732 0.0281
54234.4941 3.7679 0.0266
53879.3148 4.0815 0.0289
54614.3988 3.5321 0.0267
54624.3871 3.4502 0.0267
54151.6567 3.6310 0.0310
54153.6032 3.6306 0.0275
53200.2732 3.5190 0.0247
53505.3946 3.2896 0.0411
54557.5518 3.3079 0.0262
53936.3138 3.9219 0.0281
54266.2987 3.5737 0.0260
54563.5010 3.3401 0.0269
53578.3495 3.5531 0.0339
54600.4522 3.4220 0.0641
53500.3222 3.2184 0.0263
53146.4983 3.2911 0.0284
53916.3312 3.8551 0.0359
54205.4922 3.6423 0.0287
54120.6694 3.7344 0.0456
54144.5953 3.6305 0.0278
53551.3354 3.5071 0.0260
53892.3835 4.1134 0.0497
57078.4234 3.2225 0.0535
53175.3909 3.3009 0.0263
53531.3684 3.2091 0.0264
54113.6676 3.6678 0.0417
53527.3590 3.2177 0.0256
53769.6130 4.2825 0.0264
53772.6330 4.3353 0.0288
53943.3091 3.8723 0.0283
53473.5943 3.1076 0.0301
53495.4458 3.2268 0.0273
54179.5284 3.6832 0.0264
53906.3749 4.0373 0.0328
53883.3957 4.0742 0.0297
53859.3734 4.2278 0.0361
54183.5127 3.6898 0.0281
53888.4129 3.9891 0.0285
54262.4060 3.5762 0.0302
53121.5197 3.0172 0.0244
54124.6373 3.6363 0.0254
53446.5389 3.3698 0.0258
54594.4590 3.4079 0.0254
53411.6304 3.5080 0.0253
54561.4302 3.2500 0.0273
54117.6525 3.6437 0.0241
54176.5705 3.6421 0.0266
53939.3131 3.8535 0.0279
54538.5835 3.1302 0.0286
53469.5252 3.1038 0.0272
54588.5585 3.3946 0.0350
53165.4164 3.3569 0.0254
52730.5660 3.5724 0.1786
54618.4203 3.5064 0.0262
54209.4977 3.6324 0.0276
54259.3192 3.6157 0.0253
53195.3552 3.3912 0.0263
53743.6423 4.2675 0.0249
54535.5140 3.0973 0.0238
54620.3618 3.4268 0.0474
53855.4225 4.2295 0.0277
53502.3944 3.2066 0.0289
54229.4850 3.6366 0.0440
53553.4206 3.3290 0.0277
54201.4601 3.6074 0.0283
54528.5284 3.0949 0.0222
57155.3863 3.6630 0.2567
54213.5786 3.5753 0.0343
54597.4575 3.4475 0.0247
53117.4928 3.0177 0.0252
54524.5330 2.9831 0.0363
53875.3658 4.0966 0.0272
54186.5147 3.5032 0.0460
54511.5870 3.0463 0.0211
53138.4683 3.1633 0.0265
53518.4543 3.1392 0.0563
54255.3415 3.5585 0.0422
54591.3926 3.4159 0.0246
54621.4122 3.4145 0.0271
53766.6236 4.2431 0.0266
53178.3815 3.3228 0.0253
