57479.5291 14.9937 0.0321
56803.4112 11.9130 0.0439
57420.5596 14.2257 0.0575
56715.4854 14.0532 0.0520
57508.4081 16.3495 0.0438
56811.4234 11.1432 0.0416
56809.4460 11.1003 0.0455
57542.3593 15.4328 0.0412
56805.4000 10.7465 0.0424
57492.5431 15.3926 0.0469
57520.3105 15.3833 0.0526
56801.3352 12.3981 0.0479
56807.2799 14.2016 0.0496
56743.5061 13.2346 0.0559
57567.2904 14.6681 0.0520
57459.5364 15.6718 0.0565
56744.5289 13.3440 0.0599
56723.4793 12.9004 0.0594
56781.3387 6.6706 0.0603
57433.5306 14.8746 0.0443
52814.3124 13.9788 0.0138
56829.3208 15.6487 0.0663
56751.3325 12.9342 0.0646
57547.3979 15.0785 0.0463
56778.2865 3.5307 0.0484
56741.5807 13.2018 0.0753
56721.5890 12.9656 0.0644
56800.5027 14.5244 0.0845
56839.3023 14.8599 0.0616
56772.5247 13.9623 0.0685
56833.3145 15.5599 0.0588
56776.4489 14.1642 0.0590
56831.3056 15.9176 0.0595
56837.3086 15.2599 0.0598
56835.3083 15.1845 0.0579
57460.4724 15.4778 0.0526
56798.4107 14.6269 0.0562
56841.3064 14.5934 0.0641
56712.4698 13.7734 0.0693
56722.4387 12.8245 0.0703
57160.3554 14.8613 0.0662
57156.4565 15.6770 0.0806
57220.2493 16.6613 0.1608
57216.2653 16.4686 0.0743
57155.3464 14.3379 0.2564
57104.4796 10.4353 0.0922
56711.5225 13.6019 0.0991
57191.4179 16.8651 0.0778
57213.2766 16.7595 0.0688
57194.3988 16.9035 0.0736
57157.4324 15.5154 0.0686
57223.3520 16.7341 0.0735
57133.4091 15.5494 0.0605
57185.4502 15.9718 0.0792
57419.5240 15.1365 0.0966
57123.5267 15.8145 0.1478
57134.4662 15.6152 0.1136
57195.3983 16.8062 0.1155
57105.5577 14.6740 0.1089
