57479.5240 1.3877 0.0220
57420.5453 1.4833 0.0300
56803.4112 1.8200 0.0347
56743.5101 1.5608 0.0334
56715.5092 1.7045 0.0336
56723.4803 1.6267 0.0351
56781.3397 1.6492 0.0442
56809.4460 1.7373 0.0354
56778.2875 1.7161 0.0381
56721.5901 1.5703 0.0395
57567.2855 1.0642 0.0278
56798.4117 1.7857 0.0313
56805.4000 1.8042 0.0329
57508.3994 1.1766 0.0260
56837.3096 1.7423 0.0333
57520.3008 1.1938 0.0413
57542.3509 1.1052 0.0240
56776.4499 1.6693 0.0344
57460.4734 1.4165 0.0275
53475.5639 2.3358 0.0089
56780.2967 1.7469 0.0410
56835.3093 1.7234 0.0313
56831.3066 1.7228 0.0317
56833.3155 1.7108 0.0321
56744.5344 1.6207 0.0351
56751.3336 1.6230 0.0412
56811.4234 1.7996 0.0313
56783.3308 1.6615 0.0453
56841.3074 1.7422 0.0405
57492.5332 1.2848 0.0303
56801.3352 1.7914 0.0369
56839.3033 1.6773 0.0357
57459.5373 1.5120 0.0283
56772.5257 1.6275 0.0431
56807.2799 1.7721 0.0350
56712.4708 1.5988 0.0385
57433.5183 1.5941 0.0270
57216.2664 1.9330 0.0334
56722.4392 1.6925 0.0451
56741.5830 1.5459 0.0580
56829.3208 1.7905 0.0468
57213.2777 1.8420 0.0301
57194.3999 1.7672 0.0332
57133.4106 1.6189 0.0314
57223.3531 1.8885 0.0338
57157.4336 1.8007 0.0350
57160.3564 1.7826 0.0308
57547.3854 1.1254 0.0268
57191.4184 1.6883 0.0438
56800.4991 1.8121 0.0782
57220.2523 1.7378 0.0883
57185.4502 1.8346 0.0564
57123.5278 1.8794 0.0882
56711.5225 1.7924 0.0809
57104.4484 1.4908 0.0448
57134.4666 1.6767 0.0566
57195.3988 1.7925 0.0534
57078.4234 1.3438 0.0519
57166.3176 1.9218 0.0939
57105.5577 1.5496 0.0729
57419.5273 1.4811 0.0974
53467.5113 2.3083 0.0171
