56803.4112 1.3319 0.0324
56809.4460 1.4497 0.0327
56811.4234 1.5649 0.0291
56805.4000 1.4635 0.0304
56807.2799 1.4884 0.0324
56801.3352 1.3237 0.0343
57420.5463 2.0749 0.0436
52814.3106 2.5063 0.0098
57479.5308 1.7602 0.0457
56723.4823 1.7846 0.0535
57547.3866 2.1130 0.0432
57567.2875 2.0166 0.0441
56798.4137 1.7158 0.0487
57492.5351 2.0541 0.0468
57433.5198 1.9485 0.0418
57542.3528 1.8895 0.0424
57220.2523 2.4700 0.0860
57216.2674 2.5728 0.0456
56744.5454 1.6349 0.0509
56776.4519 1.8974 0.0548
56778.2895 1.7771 0.0583
56712.4724 1.7211 0.0546
57160.3575 2.7958 0.0442
57508.4013 2.0406 0.0440
56835.3113 1.6428 0.0482
57520.3033 1.9378 0.0537
56772.5279 1.7560 0.0629
57460.4752 1.9539 0.0515
56715.5436 1.5976 0.0516
56837.3116 1.5542 0.0510
56743.4968 1.5562 0.0577
56781.3417 1.7570 0.0675
56780.2988 1.8055 0.0624
56833.3175 1.6696 0.0493
56839.3052 1.6762 0.0543
56841.3094 1.6924 0.0625
56751.3357 1.5327 0.0633
56831.3086 1.6424 0.0484
56783.3329 1.9011 0.0690
57133.4122 2.2072 0.0471
57157.4348 2.6890 0.0512
57459.5392 1.9967 0.0453
56721.5924 1.6304 0.0599
57223.3541 2.6128 0.0473
57213.2788 2.5297 0.0424
57194.4010 2.4168 0.0460
57078.4234 2.2827 0.0520
57134.4671 2.4021 0.0789
57166.3176 2.8003 0.0929
57104.4558 2.2798 0.0464
57195.3993 2.4570 0.0744
57419.5273 1.9220 0.0953
57191.4194 2.5236 0.0802
56741.5855 1.7187 0.0725
56722.4406 1.7893 0.0842
57123.5290 2.0095 0.1221
54620.3618 1.2587 0.0408
