57420.5582 3.2681 0.0310
56743.5383 2.0496 0.0408
56744.5188 1.8704 0.0407
56780.3104 2.4978 0.0475
56833.3288 2.4666 0.0398
56807.2931 2.4065 0.0443
57479.5491 3.5812 0.0433
56712.4835 1.9225 0.0405
56778.3007 2.6340 0.0432
56837.3245 2.5341 0.0418
57220.2668 2.5463 0.0352
57567.2988 3.3020 0.0364
56776.4632 2.4989 0.0419
57191.4328 2.4859 0.0361
56741.6019 2.5235 0.0588
56831.3199 2.4712 0.0386
57216.2792 2.5711 0.0354
56839.3166 2.4073 0.0438
57223.3660 2.5970 0.0362
56841.3211 2.4095 0.0483
57194.4128 2.6204 0.0352
56722.4512 1.8293 0.0397
57542.3634 3.5683 0.0365
56723.4935 2.3276 0.0458
56805.4134 1.9550 0.0424
57508.4126 3.4281 0.0367
57185.4654 2.0992 0.0395
56781.3529 2.5815 0.0477
57433.5303 3.4340 0.0348
56801.3488 2.4130 0.0422
57492.5483 3.7239 0.0423
57520.3156 2.4939 0.0423
56811.4368 2.0570 0.0379
56772.5406 2.5685 0.0524
56809.4595 2.5744 0.0431
56803.4668 2.4638 0.0481
56798.4255 2.0329 0.0375
56783.3458 2.4385 0.0520
56715.5548 2.5717 0.0389
57160.3693 2.6657 0.0322
57547.3970 3.5884 0.0359
57213.2908 2.5673 0.0321
56835.3225 2.1832 0.0380
56751.3471 1.8745 0.0440
57157.4471 2.6276 0.0391
57123.5441 2.5383 0.0653
57104.4669 2.7314 0.0621
57133.6028 2.0338 0.0514
57459.5499 3.3076 0.0535
53883.4566 2.1843 0.0115
57134.4738 2.2659 0.0578
57166.3310 2.8472 0.0669
53475.5607 1.9595 0.0270
54620.3631 2.7451 0.0467
