57420.5763 0.9480 0.0279
52814.3124 2.0351 0.0086
56744.5358 0.7141 0.0411
56772.5585 0.7679 0.0467
56723.5097 0.8757 0.0394
57123.5698 1.1945 0.0544
56831.3363 0.8013 0.0342
57213.3079 1.1336 0.0284
57134.4907 1.1615 0.0366
56798.4422 0.7859 0.0379
56722.4684 0.9723 0.0367
56839.3341 0.7833 0.0411
57160.5054 2.1280 0.0374
56751.3634 0.8685 0.0390
56805.4306 0.7904 0.0382
57520.3333 1.0513 0.0359
57542.3791 1.1572 0.0274
57223.3832 1.2402 0.0329
56833.3483 0.7738 0.0372
57479.5663 0.9966 0.0359
57433.5460 0.9683 0.0268
56835.3395 0.8202 0.0347
57547.4125 1.0945 0.0283
57492.5660 1.3149 0.0336
56715.5711 0.9276 0.0340
57191.4517 1.0696 0.0342
56712.4997 0.9140 0.0374
56778.3170 0.7138 0.0400
57220.2845 1.1433 0.0327
57157.4650 0.9498 0.0355
56807.3096 0.8493 0.0385
56811.4533 0.8913 0.0355
56841.3393 0.6938 0.0424
57216.2975 1.2017 0.0308
57508.4284 1.1589 0.0298
56783.3664 0.7761 0.0552
56809.4770 0.8669 0.0478
56781.3690 0.7509 0.0494
56801.3702 0.7994 0.0442
56776.4797 0.8255 0.0456
57166.3513 1.0316 0.0415
56741.6289 0.6778 0.0505
56780.3285 0.8926 0.0588
57185.4833 0.9607 0.0530
56837.3423 0.7683 0.0454
56803.4894 0.7353 0.0488
57078.4898 1.1727 0.0438
57105.5730 1.2947 0.0513
57104.5182 1.1825 0.0486
54620.3618 1.5992 0.0409
