57420.5689 5.4679 0.0266
56833.3441 4.9273 0.0326
57134.4868 4.7372 0.0327
56741.6221 4.8618 0.0511
57191.4478 4.8029 0.0312
56744.5308 4.8989 0.0390
56801.3600 5.0185 0.0388
56776.4745 5.0499 0.0371
57508.4234 5.2693 0.0326
56723.5046 4.8269 0.0384
56841.3331 4.8222 0.0412
56835.3339 5.0095 0.0355
57223.3778 5.0453 0.0325
57492.5605 5.2024 0.0329
57479.5609 5.2971 0.0347
57547.4078 5.2801 0.0311
56715.5660 4.8566 0.0345
56798.4371 5.0308 0.0357
56781.3641 4.9274 0.0422
57433.5407 5.4930 0.0304
57520.3278 5.2444 0.0350
57216.2911 4.8324 0.0319
56751.3583 4.9242 0.0388
56722.4633 4.7806 0.0363
56809.4717 5.0608 0.0401
56712.4947 4.8077 0.0370
56831.3311 5.0658 0.0350
56772.5530 4.8849 0.0435
57542.3742 5.2521 0.0306
57220.2789 4.8807 0.0332
57157.4594 4.7506 0.0335
56805.4254 5.3904 0.0390
56780.3220 5.0469 0.0400
56811.4481 5.0502 0.0358
56807.3044 5.0161 0.0370
56839.3282 4.8949 0.0392
56783.3606 5.1024 0.0475
56778.3119 5.0914 0.0397
56837.3365 4.9876 0.0373
57160.4285 4.7550 0.0345
52814.3124 5.0196 0.0097
56803.4804 5.0812 0.0508
57213.3029 4.8560 0.0332
57123.5606 4.8032 0.0563
57166.3446 4.6988 0.0464
57078.4847 4.8150 0.0388
57104.5023 4.8233 0.0391
57105.5706 4.8628 0.0498
57185.4785 4.7321 0.0507
57567.3087 5.1491 0.0556
