53496.3516 6.0350 0.0090
56783.3558 5.7292 0.0610
56772.5497 6.1628 0.0544
57420.5657 5.3355 0.0464
56776.4714 5.8965 0.0464
56778.3088 5.7200 0.0488
56780.3187 5.7826 0.0504
56744.5276 5.3223 0.0483
56781.3610 5.8816 0.0541
52793.2667 6.0874 0.0317
56839.3237 5.8928 0.0717
56798.4331 5.9266 0.0640
56811.4440 5.9683 0.0650
57542.3702 5.5886 0.0509
56722.4592 6.4675 0.0679
56741.6125 6.3715 0.0936
56807.3003 6.0975 0.0644
56841.3285 5.9021 0.0756
57567.3062 6.0239 0.0544
56712.4906 5.9144 0.0681
57520.3235 5.7957 0.0603
57078.4806 5.8507 0.0554
56801.3559 6.1005 0.0702
57547.4040 5.5625 0.0525
56751.3543 6.0333 0.0719
57134.4793 5.9459 0.0636
56833.3360 6.1178 0.0672
57123.5559 6.0770 0.0816
57223.3735 6.0179 0.0581
56723.5006 6.4415 0.0688
57160.3768 6.4365 0.0541
57479.5565 5.9494 0.0603
57508.4194 5.6808 0.0543
57492.5562 5.8761 0.0598
57191.4410 5.8524 0.0560
56837.3324 6.0885 0.0680
56809.4675 6.1776 0.0719
56803.4760 6.3388 0.0805
57216.2868 5.9106 0.0601
56831.3270 6.1829 0.0645
56835.3296 6.0465 0.0646
57213.2983 5.7160 0.0529
56805.4213 6.0531 0.0714
57433.5369 5.2684 0.0506
57104.4834 5.9678 0.0686
56715.5619 6.1186 0.0643
57220.2743 6.0077 0.0563
57157.4549 6.3158 0.0652
53388.6169 6.1904 0.0227
57185.4743 6.0860 0.0690
53770.6220 5.4686 0.0308
57166.3394 6.2228 0.1037
54620.3581 5.9654 0.0547
