56743.5064 12.3538 0.0371
57420.5522 13.9547 0.0589
57479.5434 11.3947 0.0368
57567.2964 12.8552 0.0421
57078.4407 12.4335 0.0372
57520.3093 13.3129 0.0420
57433.5249 14.8494 0.0400
57157.4399 8.2546 0.0676
53475.5639 13.8612 0.0124
57492.5408 12.5635 0.0404
57547.3917 13.3546 0.0397
57459.5448 14.1410 0.0434
57508.4068 13.9015 0.0405
57542.3579 13.2273 0.0388
57220.2597 13.0747 0.1264
57194.4060 13.4753 0.1124
57213.2841 13.0026 0.0970
57160.3619 11.5713 0.0613
56776.4550 8.3523 0.0515
56780.3019 13.0188 0.0615
56778.2926 13.4905 0.0601
56751.3388 13.4075 0.0608
56741.5892 10.1148 0.0661
57223.3593 12.8022 0.1061
56781.3448 11.4285 0.0617
56744.5487 11.4668 0.0572
56783.3361 9.5662 0.0607
57216.2712 12.6603 0.1068
57133.4748 12.4048 0.0717
57185.4581 13.5751 0.2152
57195.4020 13.4545 0.1674
56801.3397 13.0381 0.0837
57460.4772 14.3130 0.1126
53883.4566 13.5294 0.0179
56809.4503 12.6880 0.0819
56723.4843 12.6424 0.0801
56798.4163 13.0591 0.0750
56841.3117 12.4379 0.0846
56772.5301 13.4376 0.0902
56833.3196 11.9814 0.0747
56803.3997 13.1039 0.0868
56811.4276 12.7779 0.0751
56712.4744 13.1567 0.0810
57166.3209 9.5101 0.0829
56805.4042 13.0926 0.0800
56837.3154 12.3416 0.0775
57191.4226 12.9624 0.0727
56715.5456 13.0397 0.0785
57123.5324 12.5348 0.0846
56807.2839 12.7955 0.0797
56835.3134 12.1735 0.0743
56839.3074 12.1564 0.0798
56831.3107 12.0060 0.0753
53884.4341 14.2593 0.0183
56722.4420 14.2581 0.0791
57105.5598 12.5933 0.1061
56721.5940 12.8442 0.1489
57419.5304 14.2176 0.1299
53467.5113 13.6608 0.0256
54620.3656 13.2505 0.0708
57134.4680 11.8273 0.1171
53770.6182 12.2332 0.0360
