57420.5582 2.2770 0.0294
56743.5381 1.8145 0.0412
56780.3104 1.7538 0.0463
57479.5491 2.0402 0.0405
56778.3007 1.8878 0.0415
56776.4632 1.7481 0.0402
56841.3211 1.8824 0.0476
56805.4134 1.9820 0.0420
53475.5607 1.5817 0.0093
56781.3529 1.8944 0.0466
56772.5406 1.8999 0.0519
56809.4595 1.7763 0.0413
56803.4668 1.7849 0.0467
56783.3458 1.8480 0.0516
57547.3970 2.0824 0.0323
57213.2903 1.7899 0.0363
57133.6028 1.9365 0.0508
53883.4566 1.4345 0.0108
57160.3682 2.1419 0.0436
57542.3624 1.7232 0.0451
57191.4316 2.0321 0.0507
57492.5472 1.9989 0.0507
57123.5435 2.0066 0.0730
56751.3461 1.7284 0.0625
56837.3235 1.8549 0.0570
57216.2781 2.1806 0.0501
57104.4664 1.9269 0.0419
56833.3278 1.8243 0.0536
57220.2657 2.2300 0.0483
57185.4642 1.9789 0.0552
57520.3145 1.7751 0.0572
56831.3189 1.8338 0.0527
56715.5538 1.7821 0.0530
56798.4244 1.6979 0.0518
57157.4460 2.1592 0.0545
56722.4502 1.8383 0.0561
57459.5499 1.9001 0.0498
56723.4924 1.8846 0.0611
57223.3649 2.0422 0.0496
56835.3214 1.8845 0.0524
57508.4116 1.7087 0.0461
56807.2921 1.6354 0.0614
57194.4118 2.1869 0.0488
57433.5294 1.9553 0.0451
56839.3155 1.9260 0.0594
56801.3478 1.7637 0.0578
57567.2978 1.6475 0.0463
56744.5177 1.7916 0.0571
56712.4825 1.8048 0.0569
56811.4358 1.7095 0.0523
57166.3297 2.3433 0.0933
54620.3631 1.3505 0.0399
56741.6014 1.9414 0.0714
53467.5113 1.5669 0.0157
57134.4730 2.1220 0.0799
