53462.4931 1.4626 0.0232
56801.3698 1.9684 0.0251
53911.3288 1.5655 0.0174
53851.4182 1.7746 0.0149
52730.5552 5.4353 0.0386
53853.4352 1.7907 0.0151
57420.5702 1.9370 0.0315
53586.2942 1.5513 0.0105
53847.5651 1.8352 0.0301
53524.3013 1.5870 0.0089
52698.6084 4.8063 0.0114
54531.5740 1.2124 0.0077
56833.3449 1.7288 0.0280
53466.6127 1.3596 0.0101
52710.6200 4.9383 0.0139
56772.5526 1.7772 0.0403
57508.4226 2.1584 0.0268
57542.3734 1.9315 0.0243
56781.3641 1.9205 0.0382
56807.3044 1.8661 0.0313
56798.4380 1.6823 0.0339
57547.4070 1.8609 0.0254
54570.4284 1.5542 0.0218
56831.3312 1.7768 0.0299
56837.3363 1.8223 0.0325
56783.3590 1.7375 0.0423
56722.4634 1.6395 0.0332
56835.3342 1.8443 0.0304
56778.3119 1.7719 0.0350
56805.4252 2.0375 0.0340
52817.2960 4.8365 0.0257
56780.3220 1.8671 0.0361
56712.4947 1.6504 0.0325
57479.5605 1.8591 0.0304
54262.4012 1.1406 0.0115
56809.4721 1.8914 0.0352
54209.4929 1.1914 0.0097
54624.3824 1.2837 0.0097
57520.3269 2.0024 0.0310
54561.4254 1.4579 0.0099
56751.3583 1.7027 0.0345
57492.5594 1.9488 0.0293
56811.4481 1.9275 0.0308
57191.4580 1.8305 0.0323
53505.3888 1.6092 0.0166
56776.4744 1.8234 0.0321
57433.5409 1.8893 0.0242
56723.5046 1.6445 0.0327
56839.3285 1.7989 0.0362
54186.5136 1.1124 0.0188
56841.3336 1.8499 0.0372
53769.6082 1.7769 0.0100
56715.5660 1.8134 0.0302
54153.5968 1.0728 0.0105
53146.4901 3.1482 0.0124
54117.6461 1.1335 0.0094
54621.4059 1.2897 0.0101
53553.4142 1.7130 0.0112
54144.5888 1.0962 0.0106
53578.3431 1.6462 0.0153
53411.6236 1.5877 0.0102
54511.5807 1.1844 0.0082
53936.3074 1.5538 0.0114
54255.3352 1.2499 0.0161
53200.2667 2.9211 0.0118
52790.4028 4.6253 0.1327
53799.4817 1.7699 0.0190
54266.2923 1.1741 0.0105
54557.5455 1.4310 0.0106
53859.3669 1.7424 0.0150
53473.5879 1.5102 0.0125
53121.5132 2.8289 0.0115
54591.3863 1.5124 0.0099
54179.5219 1.0942 0.0102
54563.4941 1.3588 0.0111
52813.3474 4.8013 0.0158
54588.5522 1.5374 0.0146
53175.3845 2.8996 0.0113
53883.3893 1.8606 0.0121
54183.5063 1.0660 0.0110
53551.3290 1.7528 0.0107
53939.3067 1.5615 0.0114
53875.3594 1.8584 0.0107
54229.4787 1.2135 0.0185
54205.4858 1.1952 0.0120
52792.4193 5.2000 0.0214
54600.4459 1.3822 0.0273
54201.4537 1.1504 0.0110
54535.5077 1.1422 0.0094
53943.3027 1.5422 0.0115
53138.4614 3.1762 0.0127
53109.5778 3.3779 0.0163
53469.5188 1.4870 0.0109
53149.3330 3.1255 0.0115
53906.3684 1.6077 0.0131
52722.5967 5.4148 0.0246
53531.3615 1.6038 0.0110
53916.3248 1.6334 0.0146
53117.4850 3.2733 0.0115
53766.6170 1.7835 0.0105
53495.4394 1.5352 0.0112
53083.6071 2.9588 0.0121
56803.4566 2.0020 0.0490
52815.2953 4.7952 0.0091
54176.5642 1.0698 0.0104
54124.6309 1.0979 0.0098
53583.3033 1.6925 0.0126
57220.2827 1.9118 0.0393
54594.4526 1.4414 0.0101
53165.4100 3.0046 0.0112
54618.4140 1.2905 0.0100
53527.3526 1.5976 0.0106
53772.6264 1.7154 0.0119
57078.4620 1.5975 0.0282
53195.3465 2.9219 0.0113
53743.6336 1.9626 0.0100
53518.4479 1.5509 0.0241
54538.5772 1.2273 0.0116
54113.6612 1.1569 0.0140
53855.4161 1.7627 0.0111
53502.3879 1.5676 0.0120
54597.4509 1.4233 0.0100
53892.3770 1.7694 0.0220
53879.3083 1.8836 0.0118
53500.3158 1.5906 0.0111
53888.4064 1.8282 0.0127
57213.3060 1.7431 0.0536
54614.3916 1.2782 0.0122
52791.4573 5.2436 0.0220
52721.6238 5.4064 0.0328
56744.5399 1.5336 0.0435
54524.5266 1.2104 0.0188
57216.3027 1.7543 0.0335
53446.5315 1.5181 0.0117
56741.6340 1.6115 0.0625
54213.5714 1.1846 0.0147
53390.6481 1.6877 0.0125
57134.4954 1.5932 0.0363
57123.5755 1.5220 0.0539
54234.4869 1.1821 0.0116
57223.3876 1.9230 0.0350
54151.6495 1.0718 0.0126
53463.5851 1.4908 0.0212
54259.3121 1.1774 0.0108
54120.6630 1.1006 0.0161
53178.3743 2.9367 0.0125
53523.4194 1.5477 0.0183
54528.5221 1.2421 0.0097
54620.3602 1.2424 0.0259
57160.4600 1.5487 0.0841
53563.3393 1.7166 0.0235
57567.2984 1.9728 0.0485
57157.4700 1.5567 0.0404
57166.3553 1.5802 0.0461
57104.4912 1.6687 0.0461
57185.4913 1.8821 0.0562
57459.5411 1.5747 0.0479
53890.4800 1.7883 0.0656
53198.3064 2.7566 0.0938
57105.5754 1.7594 0.0774
57460.4767 1.7925 0.1011
53770.6182 1.7508 0.0224
57194.4037 2.0097 0.2563
