57420.5565 1.2423 0.0234
57492.5464 1.5561 0.0303
57479.5475 1.5436 0.0335
56811.4351 1.2561 0.0293
56841.3194 1.2000 0.0382
57567.2972 1.6953 0.0275
56715.5531 0.8324 0.0290
57508.4109 1.6130 0.0263
56839.3149 1.2506 0.0341
56835.3208 1.2828 0.0293
56781.3513 1.1231 0.0373
57216.2774 1.2660 0.0262
57220.2649 1.1893 0.0278
57223.3642 1.1543 0.0270
56833.3271 1.1326 0.0300
56778.2990 1.1558 0.0333
56837.3228 1.3302 0.0318
56776.4615 1.1014 0.0316
57433.5287 1.3233 0.0244
57185.4635 1.2861 0.0311
57157.4452 1.3598 0.0295
53475.5639 2.1294 0.0085
56783.3436 1.1255 0.0418
57213.2890 1.3674 0.0241
56798.4238 1.1470 0.0291
57160.3675 1.3846 0.0241
56805.4117 1.1356 0.0328
57542.3618 1.6147 0.0257
57547.3954 1.5302 0.0256
56801.3471 1.2338 0.0326
57520.3138 1.6062 0.0331
57194.4110 1.2319 0.0263
56831.3182 1.2152 0.0292
56722.4491 0.8292 0.0322
56809.4586 1.3316 0.0353
56803.4534 1.2179 0.0389
56744.5255 0.8043 0.0340
56712.4826 0.8952 0.0337
56807.2914 1.1853 0.0337
57133.5997 1.3296 0.0371
57191.4317 1.2777 0.0297
57459.5477 1.5376 0.0339
56751.3464 0.9018 0.0395
56780.3097 1.0347 0.0410
57123.5441 1.3492 0.0650
57134.4725 1.3800 0.0454
56772.5393 0.9399 0.0420
57104.4669 1.4415 0.0592
53883.4566 1.6460 0.0109
56723.4910 0.8466 0.0475
57166.3310 1.2249 0.0639
57078.4648 1.4487 0.0853
57195.4023 1.1717 0.0719
54620.3631 1.0355 0.0389
53467.5113 2.1726 0.0163
57105.5621 1.4409 0.0703
56743.5349 0.8629 0.0656
