57420.5648 1.1845 0.0201
56833.3401 1.3758 0.0235
57191.4420 1.1836 0.0242
57220.2733 1.1985 0.0234
56831.3260 1.4900 0.0260
56772.5475 1.5589 0.0348
57160.3757 1.2015 0.0209
56805.4202 1.5449 0.0296
56723.4995 1.4932 0.0290
56715.5609 1.3895 0.0260
57479.5555 1.0831 0.0260
56807.2993 1.5022 0.0272
56781.3590 1.5350 0.0333
57216.2856 1.2083 0.0227
57433.5360 1.2245 0.0203
56811.4430 1.5293 0.0267
56751.3532 1.4764 0.0303
57520.3223 1.1084 0.0268
56839.3227 1.4489 0.0298
57508.4185 1.1637 0.0224
57547.4029 1.1858 0.0209
56780.3166 1.5644 0.0314
57157.4538 1.1464 0.0253
56835.3286 1.4117 0.0262
57223.3725 1.2212 0.0235
56837.3312 1.4401 0.0282
57567.3051 0.9818 0.0235
56722.4582 1.4252 0.0274
56798.4321 1.4835 0.0263
57492.5551 1.1855 0.0238
56809.4665 1.4945 0.0301
57542.3692 1.1814 0.0203
56776.4694 1.4619 0.0282
56783.3528 1.4900 0.0381
56841.3274 1.4322 0.0329
56712.4896 1.4287 0.0282
56778.3068 1.5805 0.0299
56744.5255 1.3004 0.0290
56803.4747 1.4815 0.0342
56801.3549 1.4127 0.0291
57213.2967 1.2561 0.0228
57134.4850 1.1015 0.0283
57123.5548 1.0963 0.0374
57078.4779 1.2257 0.0312
56741.6120 1.4823 0.0416
53496.3516 1.2876 0.0072
57166.3385 1.1967 0.0359
57104.4838 1.1280 0.0348
57185.4728 1.2016 0.0337
52793.2667 1.3300 0.0260
53388.6201 1.3107 0.0137
57133.6097 0.9682 0.0358
57105.5696 1.0314 0.0736
53770.6220 1.3954 0.0247
54620.3581 1.6469 0.0435
