57420.5582 1.3641 0.0278
53475.5639 0.9389 0.0079
53472.4612 0.9919 0.0073
56837.3245 1.1303 0.0385
56780.3104 1.0836 0.0448
56833.3288 1.0407 0.0365
57479.5491 1.3347 0.0383
56712.4835 1.0295 0.0385
56778.3007 1.0980 0.0399
57567.2988 1.2504 0.0303
56776.4632 1.0177 0.0387
57191.4328 1.6480 0.0339
56831.3199 1.0483 0.0352
57216.2792 1.6468 0.0326
57223.3660 1.8447 0.0339
56841.3211 0.9666 0.0459
57194.4128 1.6476 0.0327
56722.4512 1.1691 0.0378
56744.5188 1.1275 0.0388
57542.3634 1.3494 0.0304
57508.4126 1.3052 0.0308
57185.4654 1.5992 0.0380
56781.3529 1.1582 0.0451
57433.5303 1.2997 0.0287
56801.3488 1.1246 0.0393
57520.3156 1.2848 0.0391
57220.2668 1.6191 0.0327
56809.4595 1.1000 0.0398
56798.4255 1.1188 0.0352
56783.3458 1.2065 0.0503
56715.5548 0.9662 0.0351
57160.3693 1.6587 0.0296
57547.3970 1.4062 0.0300
57213.2908 1.7339 0.0299
56835.3225 1.0088 0.0352
56751.3471 1.1260 0.0423
57157.4471 1.6112 0.0365
56805.4136 1.0483 0.0481
56723.4933 1.0139 0.0442
57123.5441 1.7690 0.0636
56807.2936 1.1028 0.0437
56772.5412 1.0680 0.0520
57104.4669 1.6362 0.0584
56839.3164 0.9191 0.0442
57133.6028 1.6140 0.0498
57492.5482 1.3641 0.0369
56803.4674 0.9848 0.0490
56741.6030 0.9572 0.0463
56811.4378 1.1342 0.0501
56743.5363 1.0093 0.0504
57459.5499 1.2405 0.0453
57134.4738 1.7497 0.0552
57166.3310 1.8038 0.0633
54620.3631 1.0531 0.0398
53467.5113 0.9165 0.0149
