53147.4525 4.4663 0.0084
52814.3088 4.5601 0.0108
57479.5663 5.7634 0.0425
57492.5660 5.4612 0.0413
56833.3500 6.1069 0.0603
56798.4432 2.3021 0.0595
56839.3351 6.0750 0.0713
56801.3664 5.8736 0.0705
56741.6293 4.6936 0.0889
57191.4528 5.4982 0.0579
56841.3403 5.8997 0.0691
56809.4782 5.6606 0.0794
56807.3106 5.8867 0.0680
56744.5368 4.4935 0.0684
57123.5713 5.7934 0.0820
56837.3427 5.9324 0.0661
56831.3373 5.9877 0.0632
56835.3405 5.9583 0.0641
56715.5721 4.8572 0.0599
56751.3644 5.0877 0.0655
56805.4316 5.6291 0.0673
57157.4661 4.4640 0.0591
56803.4898 5.9149 0.0860
56811.4543 5.9490 0.0641
56723.5107 4.8685 0.0670
57078.4898 4.5862 0.0531
57160.5065 5.0025 0.0579
57185.4850 5.7656 0.1248
57105.5735 1.7758 0.0766
