57420.5582 5.4957 0.0319
56743.5383 6.4239 0.0464
56741.6094 6.4719 0.0633
53472.4934 7.0494 0.0103
56780.3104 6.0475 0.0522
56833.3288 5.1051 0.0442
56807.2931 5.5934 0.0496
57479.5491 6.1941 0.0452
56712.4835 6.9675 0.0481
56778.3007 6.1743 0.0485
56837.3245 5.0742 0.0456
57220.2668 4.4155 0.0376
57567.2988 4.6937 0.0372
56776.4632 15.3462 0.0617
57191.4328 3.6685 0.0383
56831.3199 5.1190 0.0425
57216.2792 4.4005 0.0377
56839.3166 4.9213 0.0477
57223.3660 4.3485 0.0385
56841.3211 4.6639 0.0514
57194.4128 4.7767 0.0384
56744.5188 6.5178 0.0478
57542.3634 5.2542 0.0378
56723.4935 6.7887 0.0527
56805.4134 5.8780 0.0481
57508.4126 4.8657 0.0374
57185.4654 4.6996 0.0426
56781.3529 6.1636 0.0527
57433.5303 5.2811 0.0364
56801.3488 6.1196 0.0475
57492.5483 6.1439 0.0441
57520.3156 4.4397 0.0437
56811.4368 5.3975 0.0433
56772.5406 6.1176 0.0573
56809.4595 5.4374 0.0476
56803.4668 5.8195 0.0531
56798.4255 6.1380 0.0438
56783.3458 6.0970 0.0566
56715.5548 6.9649 0.0458
57160.3693 4.4861 0.0344
57547.3970 5.0838 0.0371
57213.2908 4.4171 0.0348
56722.4512 6.8104 0.0473
56835.3225 5.1036 0.0428
56751.3471 6.3470 0.0509
57157.4471 4.3779 0.0410
57133.6028 4.6493 0.0557
57123.5441 3.3029 0.0670
57104.4669 4.1285 0.0640
57459.5499 5.6050 0.0557
57134.4738 4.7268 0.0630
57166.3310 4.3586 0.0693
54620.3631 5.0627 0.0525
53496.3452 7.6203 0.0223
