52730.5705 5.1141 0.0262
53911.3289 3.1218 0.0196
53462.4966 3.8337 0.0473
53851.4142 2.8321 0.0161
53847.5806 3.1709 0.0293
53853.4430 3.2582 0.0190
57420.5763 3.4811 0.0311
52710.6200 5.0109 0.0136
52817.2960 5.0597 0.0249
53586.2952 3.6351 0.0142
53524.3023 3.7587 0.0120
53583.3066 3.6420 0.0136
52790.4028 5.7045 0.1310
52813.3474 5.1326 0.0156
53109.5778 4.1673 0.0165
54186.5153 2.6928 0.0216
52792.4193 5.1053 0.0207
52722.5967 5.1099 0.0243
54531.5768 4.1773 0.0115
53466.6143 3.8320 0.0139
53083.6071 4.2991 0.0128
53888.4072 2.8608 0.0139
56723.5097 3.5109 0.0454
52791.4573 5.1170 0.0213
52721.6238 5.1666 0.0326
56798.4422 4.1098 0.0446
54213.5730 2.9386 0.0154
54255.3360 2.9592 0.0188
57547.4125 3.9397 0.0350
53892.3778 3.0702 0.0242
57213.3079 3.6691 0.0338
56780.3275 4.0343 0.0481
54511.5815 4.0105 0.0111
56778.3170 3.9488 0.0468
56776.4795 3.9202 0.0444
56781.3691 3.9170 0.0526
53531.3625 3.0540 0.0130
53936.3082 3.2217 0.0133
57223.3832 3.8276 0.0381
53195.3466 4.0724 0.0130
56751.3634 3.8965 0.0456
54262.4028 2.9274 0.0147
53122.4963 4.1823 0.0089
54588.5522 4.2163 0.0173
54614.3932 4.3309 0.0140
54618.4147 3.7429 0.0127
57433.5460 3.5584 0.0329
53883.3901 3.0884 0.0137
57216.2975 3.6886 0.0365
56772.5585 4.0793 0.0524
53146.4903 3.6511 0.0136
53799.4841 3.1621 0.0227
53875.3602 3.1407 0.0125
53149.3330 4.1704 0.0133
57542.3791 3.8140 0.0336
53879.3092 3.1405 0.0135
54591.3863 4.2432 0.0126
56712.4997 4.3311 0.0444
57220.2845 3.7593 0.0384
54594.4526 4.0545 0.0128
54205.4866 2.9038 0.0142
54570.4300 4.2262 0.0269
54209.4945 2.9521 0.0129
54621.4067 4.2741 0.0133
57520.3333 3.7299 0.0404
54234.4885 3.0038 0.0126
54600.4459 4.1904 0.0308
57479.5663 4.0820 0.0407
53527.3534 3.0959 0.0125
56803.4885 3.8395 0.0566
56722.4684 4.2713 0.0437
57492.5660 3.8318 0.0391
54597.4509 4.2722 0.0129
57157.4650 4.0556 0.0415
57160.5054 4.0519 0.0409
53505.3908 3.7258 0.0211
57508.4284 3.8594 0.0356
56783.3659 4.0463 0.0557
53502.3889 3.7513 0.0167
54229.4797 3.0010 0.0243
54113.6622 2.7852 0.0199
54151.6514 2.6660 0.0162
54528.5232 4.2245 0.0135
54535.5087 4.1752 0.0144
53411.6247 4.0319 0.0147
54117.6472 2.7340 0.0133
53469.5199 3.8388 0.0158
54183.5074 2.7140 0.0154
56833.3500 3.4938 0.0554
53138.4626 4.1790 0.0159
53766.6181 3.2508 0.0142
53906.3695 3.1520 0.0170
53495.4405 3.7914 0.0159
54624.3819 4.1586 0.0154
53473.5890 3.8508 0.0176
53553.4153 3.7377 0.0158
53175.3856 4.2912 0.0156
54538.5782 4.2269 0.0173
53165.4111 4.2256 0.0151
53446.5334 3.8578 0.0151
53121.5143 4.1909 0.0152
57166.3513 3.8824 0.0469
53117.4862 4.2192 0.0152
53939.3077 3.2199 0.0155
53743.6351 3.1911 0.0134
54179.5230 2.6912 0.0142
53769.6076 3.1935 0.0145
54259.3139 2.9118 0.0136
53943.3038 3.2444 0.0155
53855.4171 3.2067 0.0150
53500.3169 3.8203 0.0156
54120.6641 2.7264 0.0204
54201.4548 2.8491 0.0154
54144.5899 2.7225 0.0148
54153.5979 2.6428 0.0146
53200.2678 4.2672 0.0161
53551.3301 3.7524 0.0148
54563.4953 4.2935 0.0160
54524.5277 4.1064 0.0229
53178.3762 4.2662 0.0153
53578.3442 3.6051 0.0203
53390.6500 4.0182 0.0160
54176.5652 2.6660 0.0145
53916.3259 3.1232 0.0199
54557.5465 4.2785 0.0156
54561.4249 4.2887 0.0161
54124.6320 2.7048 0.0138
54266.2933 2.9253 0.0147
53859.3680 3.1882 0.0198
53518.4490 3.8384 0.0319
53772.6275 3.1721 0.0156
57123.5713 3.8081 0.0817
56809.4782 3.6598 0.0753
56807.3106 3.8919 0.0632
53463.5958 3.8333 0.0309
56831.3373 3.7006 0.0580
57105.5730 3.9485 0.0598
56801.3664 3.7248 0.0668
57191.4528 3.5735 0.0549
56805.4316 3.8947 0.0643
56741.6293 4.2392 0.0909
56744.5368 4.0461 0.0682
56715.5721 3.9177 0.0575
57078.4898 3.4419 0.0506
56839.3351 3.8036 0.0674
57134.4919 3.8639 0.0563
56837.3427 3.5710 0.0614
56835.3405 3.6608 0.0590
56841.3403 3.7377 0.0667
56811.4543 3.8320 0.0597
53523.4194 3.7626 0.0272
57104.5182 4.1266 0.0587
53198.3064 4.2089 0.0942
54620.3618 4.2386 0.0501
57185.4850 3.7167 0.1195
53563.3360 3.6106 0.0374
