57420.5558 2.1946 0.0237
56803.4555 1.6091 0.0353
56743.5233 1.7602 0.0354
56837.3221 1.4331 0.0320
56722.4489 1.8537 0.0318
57157.4445 1.9189 0.0298
57160.3668 1.9474 0.0248
57433.5281 2.3736 0.0256
56772.5379 1.6260 0.0395
57567.2965 2.6776 0.0292
57479.5469 2.0896 0.0336
56805.4110 1.5258 0.0330
56839.3142 1.2530 0.0350
56781.3506 1.6703 0.0381
56780.3079 1.6406 0.0384
57194.4103 2.1466 0.0275
57223.3635 2.1984 0.0281
57542.3611 2.4880 0.0267
56783.3424 1.5513 0.0421
56776.4608 1.5864 0.0322
56811.4344 1.4985 0.0299
56801.3464 1.5548 0.0332
57185.4678 2.1048 0.0352
57547.3948 2.6418 0.0270
56831.3175 1.3468 0.0295
56833.3265 1.4215 0.0304
56778.2984 1.6603 0.0344
56798.4231 1.6367 0.0301
56841.3188 1.2973 0.0381
56712.4812 1.8453 0.0331
56744.5418 1.8514 0.0348
56715.5524 1.8852 0.0308
57508.4102 2.2789 0.0269
56723.4911 1.9602 0.0354
57213.2883 2.2968 0.0254
57216.2767 2.2431 0.0271
56751.3447 1.6918 0.0361
57220.2642 2.1878 0.0294
56835.3201 1.3545 0.0297
57520.3130 2.2839 0.0332
57133.5990 1.9891 0.0347
56807.2907 1.4817 0.0325
56809.4577 1.5263 0.0357
57492.5459 2.2259 0.0326
57459.5467 2.2532 0.0358
53472.4612 1.3788 0.0086
57134.4719 2.0748 0.0385
56741.5974 1.7698 0.0481
57191.4318 2.2024 0.0385
57123.5425 2.0865 0.0904
53884.4341 2.6299 0.0119
57078.4484 1.8739 0.0687
53883.4566 2.4774 0.0114
57195.4028 2.2422 0.0545
57166.3305 1.9654 0.0609
57104.4657 1.9597 0.0849
57105.5621 2.1665 0.0752
