57420.5648 4.5607 0.0314
52813.3181 6.6712 0.0099
57191.4456 4.4209 0.0371
56833.3407 6.0528 0.0430
57134.4846 4.1990 0.0398
56839.3248 6.2016 0.0504
56751.3553 5.7872 0.0496
56831.3281 5.8940 0.0444
56783.3558 6.1940 0.0616
57520.3246 4.4969 0.0415
56805.4223 6.2578 0.0499
56723.5016 5.1496 0.0470
57123.5575 4.3227 0.0563
57542.3711 4.6643 0.0348
57160.3779 4.3110 0.0347
57157.4560 4.2962 0.0410
56776.4714 6.0602 0.0467
56798.4341 6.1391 0.0452
56835.3306 5.9676 0.0451
56803.4771 6.3860 0.0573
56837.3334 6.1183 0.0475
57492.5572 4.5052 0.0400
56809.4686 5.9944 0.0500
56741.6140 7.1800 0.0664
57216.2878 4.1265 0.0376
56778.3088 5.0161 0.0480
57479.5576 4.4235 0.0411
56801.3570 6.1457 0.0487
56780.3187 4.1556 0.0482
56744.5276 5.7400 0.0491
57433.5379 4.6937 0.0348
57223.3746 4.2636 0.0383
56715.5630 4.9449 0.0431
56781.3610 5.9853 0.0543
57220.2754 4.1720 0.0384
56811.4451 6.1207 0.0457
56722.4603 5.0082 0.0449
57508.4204 4.5725 0.0375
56807.3013 6.0645 0.0458
56841.3295 6.3649 0.0535
57567.3072 4.5615 0.0397
56712.4916 4.8772 0.0460
57547.4049 4.5910 0.0359
56772.5497 6.0130 0.0545
57104.4873 4.3206 0.0468
57213.2988 4.2065 0.0418
56829.3180 6.0528 0.0587
57166.3406 4.3578 0.0691
57185.4755 4.4141 0.0458
57078.4806 4.9728 0.0547
56865.2991 6.3321 0.0613
57105.5696 4.1865 0.0841
53770.6220 10.8357 0.0374
54620.3581 6.8596 0.0575
