57420.5648 2.3119 0.0300
53472.5316 3.2591 0.0097
57191.4456 2.3079 0.0351
56833.3407 2.5498 0.0389
56839.3248 2.7587 0.0464
56831.3281 2.7061 0.0404
56783.3558 2.3780 0.0588
57520.3246 2.3479 0.0395
56723.5016 2.8153 0.0446
56805.4223 2.5543 0.0452
57479.5576 2.3001 0.0393
57542.3711 2.3338 0.0316
57160.3779 2.4208 0.0325
57157.4560 2.3073 0.0391
56776.4714 2.6029 0.0427
56798.4341 2.6178 0.0408
56835.3306 2.6716 0.0408
56803.4771 2.5271 0.0533
56837.3334 2.5382 0.0432
57492.5572 2.3810 0.0376
56809.4686 2.5799 0.0459
56741.6140 2.6904 0.0626
57216.2878 2.3641 0.0356
57134.4855 2.4405 0.0389
56801.3570 2.6602 0.0446
56780.3187 1.7065 0.0459
56744.5276 2.7109 0.0457
57433.5379 2.3889 0.0316
57223.3746 2.3027 0.0363
56715.5630 2.8639 0.0408
56781.3610 2.6121 0.0510
57220.2754 2.2494 0.0362
56811.4451 2.5866 0.0410
56722.4603 2.8603 0.0426
57508.4204 2.3155 0.0345
56751.3553 2.7294 0.0462
56807.3013 2.4454 0.0408
56841.3295 2.6984 0.0498
57567.3072 2.2378 0.0365
56712.4916 2.8512 0.0440
57547.4049 2.2115 0.0324
56772.5497 2.5208 0.0513
57213.2988 2.3272 0.0392
57104.4873 2.2814 0.0445
53474.4540 3.2723 0.0134
56778.3099 2.6709 0.0650
57123.5590 2.3516 0.0796
57166.3406 2.3761 0.0662
57185.4755 2.2558 0.0435
57078.4806 2.3140 0.0501
57105.5696 2.3682 0.0805
53770.6220 2.8338 0.0273
54620.3581 2.9757 0.0481
