57479.5240 7.3158 0.0266
52698.6084 8.0194 0.0128
56715.4984 7.9619 0.0397
57420.5453 6.5145 0.0343
56803.4112 7.6936 0.0409
56743.5101 7.5971 0.0403
57567.2896 6.0901 0.0337
56741.5899 7.5466 0.0548
56723.4803 7.9215 0.0431
56781.3397 7.2839 0.0501
56809.4460 7.8614 0.0436
56721.5901 7.9677 0.0473
56798.4117 7.6340 0.0388
56778.2875 7.3821 0.0450
56811.4234 7.6427 0.0391
56805.4000 7.7454 0.0406
56783.3308 7.4356 0.0504
57520.3008 6.6210 0.0459
57542.3509 6.2537 0.0314
56776.4499 7.4431 0.0417
57460.4734 7.0125 0.0356
56833.3155 7.7980 0.0399
57508.3994 7.0548 0.0342
56780.2967 7.2252 0.0469
56835.3093 7.6680 0.0392
56831.3066 7.7141 0.0398
56744.5344 7.6726 0.0421
56751.3336 7.5391 0.0476
56841.3074 7.7976 0.0461
57492.5332 6.9454 0.0376
56837.3096 7.8498 0.0410
56801.3352 7.6166 0.0440
56839.3033 7.7749 0.0429
57459.5373 7.4636 0.0365
56772.5257 7.4878 0.0486
56807.2799 7.7003 0.0435
56712.4708 7.8845 0.0469
57433.5183 7.2117 0.0353
57216.2664 6.1918 0.0397
56829.3208 7.6988 0.0566
56800.5027 7.5980 0.0769
57213.2777 6.2208 0.0367
57194.3999 6.3343 0.0396
52815.2957 8.5320 0.0118
57133.4106 5.8256 0.0367
57220.2508 4.3765 0.0879
57223.3531 6.2298 0.0399
57157.4336 5.8697 0.0402
57160.3564 5.7920 0.0368
56722.4392 8.0085 0.0557
57547.3854 6.4228 0.0352
57419.5251 6.6857 0.0672
57191.4184 6.3378 0.0514
57185.4502 6.1501 0.0639
57104.4484 6.1430 0.0548
57123.5278 6.2064 0.0932
57134.4666 6.0114 0.0649
56711.5225 8.0221 0.0918
57155.3464 6.3788 0.2470
57195.3988 6.2272 0.0628
57078.4234 6.4956 0.0579
57166.3176 1.1669 0.0901
57156.4557 5.6853 0.0473
57105.5577 6.4604 0.0880
54620.3656 9.9917 0.0642
53770.6182 8.1675 0.0325
