57420.5582 7.4955 0.0332
56743.5383 5.8031 0.0445
56741.6094 5.7220 0.0624
53472.4612 6.5381 0.0096
56744.5188 5.7764 0.0466
56780.3104 5.6528 0.0518
57479.5491 7.9521 0.0467
56778.3007 5.7099 0.0472
57220.2668 5.3769 0.0383
56776.4632 5.8429 0.0467
57216.2792 5.3432 0.0385
57223.3660 5.3687 0.0392
56841.3211 5.6648 0.0527
57508.4126 7.2258 0.0402
57542.3634 6.4646 0.0389
56805.4134 5.8042 0.0478
57185.4654 5.1468 0.0426
56781.3529 5.6908 0.0519
57433.5303 7.6844 0.0391
57492.5483 7.5395 0.0454
57520.3156 6.8337 0.0454
56803.4668 5.8344 0.0525
56772.5406 5.8565 0.0569
56809.4595 5.8116 0.0476
57567.2988 5.7018 0.0371
56798.4255 5.6997 0.0425
56783.3458 5.7772 0.0565
57160.3693 5.1723 0.0349
57547.3970 6.4135 0.0382
57213.2908 5.4685 0.0355
56751.3471 5.6580 0.0497
57157.4471 5.0697 0.0414
57123.5441 5.3539 0.0677
57104.4669 5.2556 0.0644
57133.6028 5.2204 0.0557
56807.2921 5.6909 0.0700
56839.3155 5.6037 0.0663
57191.4316 5.2841 0.0553
56837.3235 5.8166 0.0645
56833.3278 5.7682 0.0614
56712.4825 5.5734 0.0642
56831.3189 5.7514 0.0609
56715.5538 5.4898 0.0603
56722.4502 5.5518 0.0636
57459.5499 7.9702 0.0592
56723.4924 5.6665 0.0683
56835.3214 5.6703 0.0601
57134.4738 5.4138 0.0631
57194.4118 5.3210 0.0538
57166.3310 5.1311 0.0697
56801.3478 5.7702 0.0654
56811.4358 5.9109 0.0608
54620.3631 3.7533 0.0499
