57420.5648 12.7875 0.0368
53472.5316 11.6725 0.0126
56833.3407 16.0445 0.0540
57134.4846 14.8769 0.0508
56831.3281 15.5639 0.0562
56805.4223 15.7339 0.0608
56751.3553 16.3912 0.0616
56723.5016 8.7746 0.0508
56839.3248 16.2165 0.0619
56798.4341 15.6913 0.0561
56835.3306 15.7824 0.0570
56803.4771 15.5993 0.0671
56837.3334 15.8267 0.0589
56809.4686 15.6019 0.0615
56801.3570 15.8474 0.0594
57433.5379 12.9747 0.0455
56715.5630 16.1022 0.0569
56811.4451 15.9523 0.0573
56807.3013 15.3868 0.0574
56841.3295 16.2416 0.0634
57104.4873 13.1397 0.0596
56741.6138 15.8598 0.0754
56781.3600 15.7158 0.0918
57542.3702 13.1158 0.0644
56722.4592 15.8840 0.0826
56778.3078 15.4995 0.0845
57520.3235 12.8054 0.0692
57567.3062 12.8771 0.0662
57078.4806 13.3498 0.0683
56783.3531 15.6454 0.0957
57547.4040 12.9747 0.0658
53474.4540 11.8609 0.0181
57123.5559 13.9113 0.0883
56776.4704 15.3687 0.0813
57160.3768 14.3790 0.0665
56712.4906 15.8057 0.0837
57479.5565 12.6660 0.0692
56744.5265 15.7902 0.0848
57508.4194 12.9255 0.0668
57191.4410 13.6685 0.0673
57216.2868 13.7477 0.0732
56772.5486 15.5442 0.0903
57213.2983 13.7370 0.0657
56780.3177 15.6502 0.0866
57492.5562 13.0340 0.0715
57223.3735 13.6816 0.0698
57220.2743 13.7255 0.0686
57157.4549 14.4193 0.0773
57166.3394 14.3805 0.1200
57105.5696 4.4785 0.0833
57185.4743 13.7535 0.0807
53770.6220 11.6307 0.0374
54620.3581 13.0274 0.0687
