52730.5705 4.2968 0.0264
53847.5730 4.1174 0.0274
53462.4934 4.4458 0.0405
53911.3302 3.7002 0.0183
53851.4182 3.9866 0.0158
56801.3749 3.5823 0.0295
53853.4352 4.0294 0.0160
53586.2942 3.4439 0.0113
53524.3013 3.6355 0.0098
54186.5147 4.6514 0.0170
52698.6084 4.2766 0.0110
54531.5740 6.0696 0.0102
53466.6138 4.4637 0.0124
52710.6200 4.2008 0.0134
54570.4284 5.7528 0.0230
53799.4817 3.7940 0.0175
52817.2960 4.0217 0.0250
54262.4012 4.7585 0.0134
54209.4929 4.9267 0.0119
53583.3057 3.4969 0.0128
57191.4580 4.4745 0.0363
53505.3888 4.0612 0.0176
56833.3526 3.4426 0.0353
53769.6082 4.0953 0.0113
53146.4901 3.0855 0.0123
54117.6461 4.2696 0.0115
54524.5266 6.0347 0.0189
53553.4142 3.7189 0.0126
54144.5888 3.9965 0.0125
54511.5807 6.1295 0.0114
54255.3352 4.8212 0.0176
53446.5324 4.4738 0.0124
54621.4059 4.7310 0.0124
54557.5455 5.6713 0.0132
54561.4264 5.7732 0.0136
52813.3474 4.2143 0.0153
53109.5778 2.8843 0.0161
54588.5522 5.6455 0.0168
53175.3845 3.3723 0.0116
54183.5063 3.9238 0.0129
53551.3290 3.7420 0.0119
53939.3067 4.0432 0.0129
53772.6264 4.1142 0.0133
52792.4193 4.6095 0.0210
53527.3526 3.6787 0.0119
54535.5077 5.9709 0.0125
53943.3027 4.0740 0.0131
54259.3128 4.0615 0.0115
53138.4614 3.0315 0.0125
53200.2667 3.5874 0.0121
53149.3330 3.1540 0.0115
53906.3684 3.4232 0.0142
52722.5967 4.3095 0.0243
53531.3615 3.6880 0.0123
53766.6170 4.0719 0.0119
53411.6236 4.1788 0.0119
53495.4394 4.3202 0.0130
53916.3248 3.4811 0.0156
52815.2953 4.1905 0.0090
54176.5642 4.4956 0.0127
54124.6309 4.1577 0.0118
54624.3833 5.5170 0.0136
54205.4858 4.8393 0.0142
54594.4526 5.5411 0.0127
54591.3863 5.6689 0.0124
53195.3465 3.5349 0.0116
53743.6336 3.6467 0.0110
54600.4459 5.4145 0.0284
53518.4479 3.7268 0.0248
54538.5772 6.0526 0.0148
54113.6612 4.2589 0.0155
53083.6071 3.2724 0.0123
53502.3879 4.1721 0.0135
54597.4509 5.5363 0.0126
54120.6630 4.1838 0.0156
53500.3158 4.2561 0.0127
54528.5221 6.1513 0.0118
56712.5038 4.6554 0.0451
53892.3754 3.4914 0.0249
52791.4573 4.5713 0.0215
56751.3675 4.0182 0.0457
52721.6238 4.2887 0.0326
56744.5399 4.0040 0.0482
56837.3458 3.4410 0.0441
53888.4048 3.4821 0.0152
54151.6511 3.9355 0.0151
57220.2890 4.0170 0.0367
57542.3828 5.5207 0.0364
53859.3678 3.9727 0.0179
57216.3027 4.0504 0.0377
53469.5196 4.5117 0.0144
56715.5752 4.3328 0.0417
56839.3381 3.4581 0.0490
54153.5976 3.8785 0.0140
56811.4574 3.4177 0.0421
56741.6340 4.2532 0.0665
56809.4820 3.3321 0.0479
53936.3082 4.0274 0.0144
53883.3877 3.5473 0.0145
56723.5137 4.5635 0.0463
54179.5227 4.5735 0.0140
56798.4478 3.4771 0.0473
52790.4020 4.6352 0.0400
53165.4108 3.2399 0.0126
54614.3932 5.4137 0.0151
54618.4147 5.5377 0.0141
57547.4163 5.4748 0.0379
53117.4860 2.7310 0.0124
53473.5887 4.5662 0.0161
57213.3122 4.2324 0.0345
56805.4347 3.5531 0.0458
56831.3404 3.3231 0.0404
57134.4954 4.4761 0.0410
56807.3136 3.5110 0.0418
53121.5140 2.8056 0.0125
54563.4950 5.8322 0.0152
56841.3435 3.5661 0.0490
53875.3602 3.7866 0.0134
57123.5755 4.3970 0.0577
53879.3092 3.5360 0.0143
53855.4169 4.0823 0.0140
53178.3759 3.3582 0.0128
53390.6497 3.8281 0.0141
56722.4730 4.6324 0.0463
57492.5703 5.4703 0.0419
57479.5706 5.4501 0.0426
57420.5822 4.9469 0.0449
57223.3876 5.0268 0.0401
54266.2931 4.6939 0.0142
54201.4521 4.7049 0.0147
54213.5730 4.8922 0.0172
53578.3439 3.5397 0.0183
54234.4885 4.6129 0.0141
56835.3435 3.4005 0.0411
54229.4794 4.5608 0.0222
53523.4194 3.6275 0.0197
56803.4932 3.3780 0.0729
53563.3393 3.5674 0.0249
53463.5896 4.3831 0.0268
57157.4700 4.7168 0.0457
57166.3553 4.9990 0.0524
54620.3574 5.5009 0.0405
56772.5638 3.9089 0.0743
56776.4846 3.7433 0.0593
56778.3220 3.8408 0.0651
56783.3709 3.7063 0.0765
57160.5099 4.5901 0.0581
57433.5514 5.0031 0.0481
56781.3742 3.8399 0.0689
57508.4332 5.2902 0.0529
57520.3387 5.2185 0.0578
57078.4942 4.1964 0.0539
57185.4913 4.3290 0.0597
56780.3326 3.8890 0.0662
53890.4800 3.4606 0.0684
53198.3064 3.5649 0.0962
57105.5754 4.2665 0.0852
57104.5235 4.2758 0.0767
52816.3092 3.9105 0.0199
