57420.5593 3.5917 0.0340
57492.5551 3.4006 0.0260
57479.5555 3.3500 0.0276
57542.3692 4.2596 0.0240
57520.3223 3.9934 0.0289
57508.4185 3.8093 0.0254
57433.5360 3.3640 0.0227
57567.3051 4.4921 0.0277
57547.4029 4.3861 0.0249
57123.5560 2.8820 0.0799
57216.2870 3.4007 0.0609
53472.5316 3.8260 0.0099
57157.4552 4.6754 0.0882
57134.4881 7.7174 0.0990
57191.4456 3.5038 0.0352
56833.3407 4.1584 0.0397
56831.3281 4.1690 0.0412
56783.3558 3.6621 0.0579
56723.5016 3.7269 0.0442
56805.4223 3.8951 0.0455
57160.3779 3.5777 0.0332
56839.3248 4.0791 0.0464
56798.4341 3.8168 0.0409
56835.3306 4.2005 0.0417
56803.4771 3.8304 0.0529
56837.3334 4.1922 0.0440
57213.2983 3.6625 0.0686
56741.6140 3.2252 0.0604
56776.4714 3.5775 0.0423
56778.3088 3.6373 0.0451
56801.3570 3.9427 0.0447
56780.3187 3.5269 0.0465
56744.5276 3.4848 0.0450
56751.3553 3.6170 0.0455
57223.3746 3.5991 0.0367
56715.5630 3.6788 0.0406
56781.3610 3.5514 0.0501
57220.2754 3.5164 0.0368
56811.4451 3.9448 0.0416
56722.4603 3.4524 0.0418
56809.4686 3.9748 0.0461
56807.3013 4.0873 0.0421
56841.3295 4.2020 0.0498
56712.4916 3.7608 0.0434
56772.5497 3.6530 0.0507
57104.4873 2.4352 0.0427
53474.4540 3.8291 0.0135
57166.3406 3.6272 0.0658
57185.4755 3.6199 0.0440
57078.4806 2.7827 0.0485
57105.5696 2.6151 0.0776
53770.6220 3.3249 0.0274
54620.3581 3.4271 0.0478
