57420.5582 2.5161 0.0286
56743.5383 1.9951 0.0399
56741.6094 2.1062 0.0584
56744.5188 2.0476 0.0403
56780.3104 2.2099 0.0465
56833.3288 2.4005 0.0386
56807.2931 2.2139 0.0423
57479.5491 2.2845 0.0391
56712.4835 2.0766 0.0398
56778.3007 2.3943 0.0416
56837.3245 2.3931 0.0402
57220.2668 2.1909 0.0328
57567.2988 2.0486 0.0312
56776.4632 2.4074 0.0408
57191.4328 2.2081 0.0341
56831.3199 2.3251 0.0370
57216.2792 2.2690 0.0329
56839.3166 2.4033 0.0427
57223.3660 2.2255 0.0339
56841.3211 2.4248 0.0480
57194.4128 2.3247 0.0331
56722.4512 2.1133 0.0391
57542.3634 2.1265 0.0312
56723.4935 1.9988 0.0442
56805.4134 2.2576 0.0416
57508.4126 2.3688 0.0320
57185.4654 2.2223 0.0381
56781.3529 2.3485 0.0468
57433.5303 2.5160 0.0303
53472.4628 1.7130 0.0086
56801.3488 2.2704 0.0409
57492.5483 2.3565 0.0370
57520.3156 2.2830 0.0399
56811.4368 2.3503 0.0372
56772.5406 2.3229 0.0519
56809.4595 2.2780 0.0414
56803.4668 2.2324 0.0470
56798.4255 2.1630 0.0365
56783.3458 2.3458 0.0519
56715.5548 2.1204 0.0369
57160.3693 2.3244 0.0299
57547.3970 2.0433 0.0305
57213.2908 2.3187 0.0301
56835.3225 2.5516 0.0375
56751.3471 2.2237 0.0438
57157.4471 2.3804 0.0370
57123.5441 2.1551 0.0636
57104.4669 2.0916 0.0577
57133.6028 2.1844 0.0499
57459.5499 2.3965 0.0471
57134.4738 2.2994 0.0553
57166.3310 2.3430 0.0634
54620.3631 1.9548 0.0446
