53147.4525 0.9858 0.0068
56744.5358 1.4397 0.0446
56805.4306 1.1252 0.0418
56801.3699 1.2617 0.0528
56723.5097 1.5196 0.0432
56809.4772 1.2538 0.0474
56833.3445 1.1438 0.0583
56807.3085 1.0800 0.0618
56780.3265 1.2468 0.0623
57433.5445 0.7804 0.0423
56778.3160 1.5462 0.0619
56783.3648 1.3274 0.0736
56776.4785 1.2887 0.0578
57185.4833 0.7875 0.0552
56811.4523 1.0269 0.0545
56837.3407 1.1290 0.0574
56781.3681 1.2939 0.0670
57220.2834 0.7439 0.0494
56772.5574 1.2004 0.0675
56798.4412 1.2283 0.0568
56712.4987 1.2503 0.0575
56839.3331 1.1761 0.0629
56722.4674 1.2952 0.0555
56741.6289 1.2885 0.0507
56751.3624 1.2230 0.0597
57078.4898 0.7769 0.0459
57542.3781 0.6925 0.0416
57223.3821 0.8454 0.0488
57123.5684 0.9111 0.0774
56841.3382 1.0242 0.0644
56831.3353 1.1263 0.0538
57420.5756 0.7124 0.0474
56835.3385 1.1196 0.0541
56715.5701 1.0983 0.0527
57547.4116 0.7695 0.0444
57134.4902 0.6859 0.0639
57105.5725 0.7721 0.0767
57191.4511 0.7887 0.0593
57157.4645 0.6958 0.0590
57160.5049 0.7029 0.0606
56803.4907 1.2278 0.0649
57479.5658 0.6901 0.0605
57104.5182 0.6664 0.0493
57216.2948 0.6871 0.0718
57520.3316 0.6435 0.0856
57492.5656 0.7199 0.0560
54620.3618 1.0141 0.0408
57166.3502 0.7927 0.0657
