57420.5630 1.7353 0.0253
57479.5598 1.5864 0.0258
57433.5398 1.6235 0.0201
57547.4068 1.7867 0.0212
57508.4224 1.6760 0.0222
57492.5594 1.5815 0.0234
57542.3732 1.7639 0.0206
57520.3267 1.7413 0.0263
57567.3077 1.5496 0.0313
52813.3181 1.9052 0.0078
57191.4456 1.5854 0.0319
56833.3407 1.1551 0.0336
57134.4846 1.6071 0.0351
56831.3281 1.1619 0.0343
56783.3558 1.2300 0.0531
56805.4223 1.0923 0.0389
56723.5016 1.3731 0.0388
57123.5575 1.5492 0.0521
57160.3779 1.7423 0.0293
57157.4560 1.7932 0.0359
56776.4714 1.2398 0.0370
56798.4341 1.2702 0.0354
56835.3306 1.1587 0.0349
56837.3334 1.1748 0.0375
56809.4686 1.2283 0.0394
56839.3248 1.1317 0.0397
57216.2878 1.7035 0.0321
56778.3088 1.1747 0.0395
56801.3570 1.2051 0.0389
56780.3187 1.2581 0.0414
56744.5276 1.3163 0.0400
56751.3553 1.3074 0.0404
57223.3746 1.4936 0.0325
56715.5630 1.1846 0.0345
56781.3610 1.2991 0.0451
57220.2754 1.5648 0.0327
56811.4451 1.1009 0.0350
56722.4603 1.2167 0.0365
56807.3013 1.1856 0.0347
56841.3295 1.1365 0.0437
56712.4916 1.3848 0.0381
56772.5497 1.2663 0.0460
56803.4770 1.0649 0.0506
57104.4873 1.8373 0.0403
57213.2988 1.6864 0.0353
57166.3419 4.7267 0.0926
56829.3180 1.1282 0.0461
56741.6149 1.1356 0.0493
57185.4755 1.6208 0.0401
57078.4806 1.6909 0.0454
56865.2991 1.1622 0.0472
57105.5696 1.6347 0.0724
53770.6220 1.7890 0.0242
54620.3581 2.3399 0.0436
