57420.5623 5.1059 0.0320
57492.5554 4.7846 0.0319
57479.5558 5.0519 0.0335
57542.3695 4.6760 0.0283
57520.3227 4.6545 0.0339
57567.3054 4.2575 0.0322
57508.4188 5.0194 0.0309
57433.5363 4.8105 0.0284
57547.4032 4.4746 0.0289
57191.4456 3.5017 0.0352
56833.3407 4.3289 0.0400
57123.5562 3.6233 0.0594
56839.3248 4.1564 0.0465
56831.3281 4.3121 0.0415
56783.3558 3.8874 0.0580
56805.4223 4.1238 0.0458
56723.5016 3.9834 0.0446
56741.6140 3.7815 0.0611
57160.3779 3.7367 0.0335
57157.4560 3.6650 0.0394
56776.4714 3.7605 0.0426
56798.4341 4.0955 0.0414
56835.3306 4.3283 0.0420
56803.4771 3.9994 0.0531
56837.3334 4.2203 0.0440
56809.4686 4.3108 0.0467
57216.2878 3.5136 0.0362
56778.3088 3.7560 0.0452
57134.4855 3.9897 0.0395
56801.3570 3.9706 0.0447
56780.3187 3.7856 0.0469
56744.5276 3.6465 0.0453
57223.3746 3.5511 0.0366
56715.5630 3.9187 0.0410
56781.3610 3.8550 0.0505
57220.2754 3.5355 0.0368
56811.4451 4.2100 0.0420
56772.5497 3.7053 0.0509
56722.4603 3.9177 0.0425
56751.3553 3.6239 0.0455
56807.3013 4.1349 0.0421
56841.3295 4.3628 0.0500
56712.4916 4.0095 0.0439
57104.4873 4.0340 0.0458
57213.2988 3.5753 0.0400
53472.5337 2.9825 0.0120
57166.3406 3.7101 0.0660
57185.4755 3.5480 0.0439
57078.4806 4.1778 0.0517
57105.5696 4.2576 0.0835
53474.4572 3.0161 0.0186
53941.3114 1.5191 0.0347
53770.6220 3.2142 0.0273
54620.3581 2.6909 0.0457
