57420.5609 10.2158 0.0383
56833.3397 9.0861 0.0401
56751.3522 9.3427 0.0437
57160.3754 7.7322 0.0496
57479.5551 10.3500 0.0385
57433.5356 10.3831 0.0350
57520.3220 9.3847 0.0385
57542.3689 10.0833 0.0349
57508.4181 10.3250 0.0375
57223.3721 9.0868 0.0564
57547.4026 9.9446 0.0356
57492.5547 10.2629 0.0376
57567.3047 9.8025 0.0397
57216.2846 8.9538 0.0482
53472.5316 10.7917 0.0125
57134.4823 7.1910 0.0457
57123.5531 7.5218 0.0539
57078.4779 7.7348 0.0372
56712.4876 8.6689 0.0492
56783.3499 9.0899 0.0591
56715.5589 9.5138 0.0480
57157.4515 7.4731 0.0437
56722.4562 7.6356 0.0470
56809.4644 8.9452 0.0531
56841.3254 9.1963 0.0547
56781.3570 8.9875 0.0548
56811.4410 8.8269 0.0479
57133.6087 7.0677 0.0522
56780.3146 8.8525 0.0531
56805.4182 8.8633 0.0515
57191.4374 8.0546 0.0456
56772.5452 9.1160 0.0575
56744.5234 9.2640 0.0507
56798.4301 8.9709 0.0469
57220.2711 8.7952 0.0439
56741.6082 9.1992 0.0638
56803.4723 8.8681 0.0551
56807.2972 8.8447 0.0499
56778.3048 9.0469 0.0518
56837.3290 9.2315 0.0505
56835.3266 9.2721 0.0481
56801.3529 9.0157 0.0511
57213.2951 8.7725 0.0402
56776.4673 9.1038 0.0508
56839.3207 9.0397 0.0516
56831.3240 9.0624 0.0476
56723.4975 9.2315 0.0515
57185.4723 8.0887 0.0679
57166.3371 7.5062 0.0504
53474.4540 10.8170 0.0177
57104.4841 8.0142 0.0864
57105.5696 7.7000 0.2241
