53472.5332 2.9167 0.0110
57157.4560 2.8385 0.0399
57160.3779 3.3880 0.0341
57420.5657 3.3749 0.0447
57479.5576 3.7351 0.0408
57492.5572 3.7740 0.0398
56798.4331 3.1772 0.0591
56781.3600 2.8668 0.0729
56811.4440 3.2441 0.0595
57542.3702 3.3418 0.0470
56722.4592 2.9517 0.0611
57520.3235 3.5754 0.0579
56807.3003 3.2549 0.0587
56841.3285 3.1196 0.0715
57567.3062 3.0249 0.0490
56712.4906 2.9149 0.0628
56778.3078 2.8570 0.0644
56783.3531 2.7843 0.0812
56801.3559 3.1566 0.0650
57547.4040 3.2690 0.0483
56751.3543 2.8657 0.0661
57134.4793 3.5210 0.0600
57104.4834 3.4854 0.0643
53474.4540 2.9405 0.0132
56833.3360 3.0974 0.0614
57123.5559 3.3084 0.0800
57223.3735 2.7278 0.0520
56723.5006 2.9040 0.0622
57216.2868 2.8083 0.0537
56744.5265 2.8256 0.0640
57508.4194 3.5287 0.0505
57191.4410 2.9568 0.0512
56837.3324 3.1716 0.0627
56809.4675 3.2091 0.0664
56803.4760 3.0217 0.0750
57166.3406 3.3828 0.0677
56776.4704 2.7984 0.0609
56831.3270 3.1914 0.0585
56741.6125 2.8643 0.0897
57220.2743 2.7682 0.0501
56835.3296 3.0893 0.0587
57078.4806 3.4624 0.0526
56780.3177 2.9476 0.0676
56839.3237 3.1917 0.0668
56805.4213 3.1300 0.0661
56772.5486 2.7716 0.0732
56715.5619 2.8538 0.0580
57213.2983 2.7165 0.0470
57433.5369 3.4117 0.0475
57185.4743 2.9325 0.0632
