57479.5339 1.8142 0.0188
57420.5525 1.5668 0.0262
57520.3138 1.6779 0.0286
57542.3621 1.7914 0.0186
57508.4110 1.7200 0.0200
57492.5463 1.7184 0.0224
56715.4984 1.8639 0.0315
57547.3989 1.8146 0.0204
56803.4112 1.8197 0.0332
56743.5101 1.8973 0.0320
57433.5321 1.7129 0.0195
57213.2904 1.6178 0.0446
57567.2896 1.8552 0.0270
56723.4803 1.9121 0.0337
56811.4234 1.8222 0.0297
56781.3397 2.0327 0.0426
56809.4460 1.7916 0.0334
56778.2875 2.0229 0.0366
56721.5901 1.9015 0.0379
56741.5910 1.8645 0.0507
56798.4117 1.8278 0.0299
56780.2967 2.0033 0.0392
56805.4000 1.8897 0.0313
56837.3096 1.7151 0.0316
56839.3033 1.6027 0.0336
56776.4499 2.0298 0.0331
57460.4734 1.7495 0.0270
56841.3074 1.7294 0.0384
56835.3093 1.7108 0.0297
56831.3066 1.7454 0.0300
56833.3155 1.7794 0.0305
56751.3336 1.9877 0.0397
56783.3308 2.0003 0.0436
57216.2774 1.7997 0.0478
56801.3352 1.8812 0.0354
57459.5373 1.7790 0.0276
56772.5257 1.9633 0.0413
56807.2799 1.8635 0.0332
56744.5344 1.8436 0.0336
57157.4398 1.6123 0.0400
57223.3590 1.5886 0.0389
57160.3861 1.6628 0.0387
52814.3124 1.2645 0.0082
56712.4708 1.7493 0.0368
56829.3208 1.9133 0.0445
56800.5027 1.8432 0.0652
57194.3999 1.6785 0.0315
57133.4106 1.6337 0.0300
57123.5493 1.5428 0.0704
56722.4392 1.7825 0.0430
57134.4790 1.6111 0.0581
57419.5251 1.6266 0.0601
57191.4184 1.5816 0.0417
57104.4717 1.4185 0.0517
57156.4565 1.7441 0.0572
57220.2523 1.8165 0.0869
56711.5225 1.6246 0.0768
57105.5656 1.4411 0.1076
57195.3988 1.7659 0.0508
57185.4502 1.5524 0.0535
57078.4234 1.3946 0.0511
57166.3176 1.5540 0.0896
