57420.5667 3.0380 0.0240
56833.3425 3.8355 0.0306
57134.4845 3.6135 0.0309
56741.6190 4.3295 0.0503
57191.4457 3.4519 0.0286
57508.4214 2.9213 0.0277
57479.5587 3.0554 0.0314
57542.3722 2.9704 0.0259
56722.4613 4.3616 0.0349
56798.4351 4.1623 0.0334
56835.3316 3.8084 0.0328
56811.4461 3.8034 0.0329
56807.3023 3.9196 0.0338
56837.3344 3.8391 0.0347
57223.3757 3.3500 0.0294
56809.4696 3.7553 0.0369
56772.5508 4.3685 0.0415
57220.2766 3.4032 0.0298
56778.3099 4.3600 0.0372
56712.4926 4.3163 0.0354
56744.5287 4.3414 0.0373
56803.4783 3.9302 0.0418
56801.3580 3.9661 0.0362
56780.3197 4.3111 0.0382
57520.3257 2.9694 0.0317
57216.2889 3.3232 0.0289
57492.5583 2.9428 0.0295
56751.3563 4.2954 0.0371
56781.3621 4.1894 0.0407
56783.3574 4.2586 0.0461
56715.5640 4.3746 0.0332
56839.3258 3.7070 0.0365
56841.3305 3.8220 0.0391
57547.4059 2.9123 0.0263
57123.5590 3.6464 0.0442
56776.4724 4.4261 0.0351
57157.4572 3.5504 0.0318
56831.3291 3.7465 0.0321
57433.5388 3.1192 0.0258
56723.5026 4.2939 0.0363
56805.4233 3.9608 0.0364
57567.3077 2.8526 0.0339
57160.3784 3.6013 0.0299
57213.3003 3.3627 0.0299
52813.3181 3.0528 0.0095
57166.3428 3.6513 0.0438
57104.4898 3.9586 0.0365
57078.4820 3.6886 0.0392
57185.4767 3.4311 0.0369
56829.3180 3.7673 0.0545
57105.5701 3.7419 0.0569
56865.2991 3.8555 0.0567
53770.6220 5.0583 0.0292
54620.3581 3.2782 0.0465
