57420.5656 3.7600 0.0229
56833.3441 3.5439 0.0302
57479.5598 3.4470 0.0276
57542.3732 3.4157 0.0232
57547.4068 3.3686 0.0236
57433.5398 3.4957 0.0230
57492.5594 3.4218 0.0259
57508.4224 3.4062 0.0248
57520.3267 3.3564 0.0278
57134.4868 3.1359 0.0303
56741.6221 3.7693 0.0499
57191.4478 3.2780 0.0289
56744.5308 3.6443 0.0368
56801.3600 3.7308 0.0367
56776.4745 3.5831 0.0345
56723.5046 3.6129 0.0362
56841.3331 3.5988 0.0392
56835.3339 3.7056 0.0330
57223.3778 3.4966 0.0299
56715.5660 3.8216 0.0325
56798.4371 3.7695 0.0336
56781.3641 3.5783 0.0399
57216.2911 3.4671 0.0293
56751.3583 3.5815 0.0364
56712.4947 3.7480 0.0350
56722.4633 3.5797 0.0341
56809.4717 3.8280 0.0377
56831.3311 3.5973 0.0322
56772.5530 3.6257 0.0418
57220.2789 3.4453 0.0304
57157.4594 3.2045 0.0309
56805.4254 3.7240 0.0363
56780.3220 3.5236 0.0374
56811.4481 3.6299 0.0332
56807.3044 3.5729 0.0341
56839.3282 3.5131 0.0368
56783.3606 3.5352 0.0454
56778.3119 3.6056 0.0372
56837.3365 3.6028 0.0349
57123.5598 2.9868 0.0615
57567.3077 3.3883 0.0350
57160.4285 3.1532 0.0315
52813.3181 2.4893 0.0083
56803.4804 3.8618 0.0486
57213.3029 3.3246 0.0301
57166.3446 3.0556 0.0432
57078.4847 3.0206 0.0351
57104.5023 3.0462 0.0352
57105.5706 2.9934 0.0450
57185.4785 3.3650 0.0483
56829.3175 3.5033 0.0750
56865.2985 3.8038 0.0778
