57420.5506 12.0134 0.0548
57223.3584 12.9466 0.0702
57213.2831 12.7010 0.0648
57508.4055 10.4193 0.0662
57194.4053 12.6830 0.0687
57479.5424 10.8693 0.0675
57157.4393 12.0966 0.0752
57433.5237 11.9347 0.0642
57542.3566 10.9614 0.0668
57520.3078 10.6561 0.0686
57078.4461 11.7812 0.0970
57459.5435 11.2681 0.0669
57547.3904 10.8015 0.0646
57133.4159 12.2372 0.1088
57160.3612 12.3725 0.1034
57220.2582 12.8539 0.1194
57195.4013 12.0831 0.1063
57134.4690 12.1907 0.1133
57191.4241 12.4139 0.1107
57216.2711 12.6358 0.1092
57104.4590 12.6934 0.0984
57185.4564 12.8307 0.1248
57105.5608 12.6607 0.1085
57492.5393 10.3476 0.1162
57166.3221 12.2169 0.1329
