57420.5641 1.8445 0.0393
52813.3181 1.6831 0.0081
56805.4223 1.9314 0.0427
56803.4771 1.9126 0.0508
56809.4686 1.9691 0.0435
56801.3570 2.0761 0.0422
56811.4451 2.1053 0.0391
56807.3013 2.1400 0.0393
56833.3438 1.9659 0.0478
57191.4488 1.5970 0.0451
57134.4881 2.1334 0.0496
57542.3721 1.6326 0.0423
56837.3344 2.1154 0.0571
57220.2765 1.5725 0.0506
56798.4351 1.8359 0.0538
56723.5026 1.8447 0.0598
56829.3180 2.0866 0.0514
57123.5590 2.0216 0.0759
57567.3083 1.5933 0.0535
57492.5583 1.6323 0.0491
56835.3316 2.1391 0.0547
57479.5587 1.7032 0.0525
56778.3099 1.9677 0.0608
56741.6154 1.7452 0.0817
56783.3584 2.0444 0.0812
56744.5287 1.7475 0.0612
57520.3257 1.8971 0.0531
57216.2889 1.7349 0.0453
57223.3757 1.5670 0.0477
56781.3621 1.9187 0.0671
56780.3197 1.9186 0.0624
56722.4613 1.8722 0.0549
56839.3258 2.1748 0.0610
56841.3305 2.1496 0.0663
57547.4059 1.5243 0.0431
56712.4926 1.9439 0.0572
57160.3789 1.8351 0.0436
56751.3563 1.8589 0.0606
57433.5388 1.7951 0.0420
56772.5509 2.0313 0.0683
57157.4572 1.8589 0.0498
56831.3291 2.0282 0.0530
56715.5640 1.9475 0.0535
56776.4725 1.8659 0.0565
56865.2991 2.0557 0.0530
57508.4214 1.6912 0.0474
57078.4811 2.3448 0.0792
57105.5696 2.2983 0.0773
53474.4572 1.5620 0.0172
57185.4767 1.6859 0.0576
53472.5382 1.5560 0.0207
57213.2999 1.5853 0.0688
57166.3419 1.7166 0.0875
57104.4950 2.2115 0.0511
53770.6220 0.9416 0.0234
54620.3581 1.5981 0.0425
