57420.5540 1.3469 0.0287
56743.5234 1.9455 0.0358
56803.4428 2.0270 0.0445
56741.6039 2.0252 0.0597
57220.2624 1.6044 0.0364
56801.3447 1.8857 0.0419
57133.5964 1.5997 0.0425
56722.4472 2.3209 0.0403
53467.4922 0.9646 0.0076
56723.4894 2.3645 0.0428
57194.4085 1.1104 0.0317
57433.5265 1.3625 0.0292
56798.4214 1.8058 0.0378
57223.3617 1.5813 0.0338
56751.3430 2.2503 0.0462
56783.3403 2.0753 0.0540
56772.5360 2.0637 0.0496
57185.4684 1.3828 0.0440
57160.3650 1.5799 0.0303
56841.3171 1.6196 0.0480
57542.3595 1.8332 0.0308
57157.4427 1.5554 0.0363
56712.4795 2.3433 0.0423
57459.5467 1.4285 0.0349
57216.2749 1.4797 0.0324
57520.3112 1.9590 0.0401
56811.4327 1.7726 0.0378
57567.2949 1.7350 0.0350
56715.5507 2.4651 0.0397
56780.3062 1.9726 0.0487
57479.5453 1.7455 0.0427
56805.4093 1.8727 0.0415
56839.3125 1.6191 0.0442
56835.3184 1.5855 0.0374
56744.5528 2.1803 0.0448
57508.4085 1.9457 0.0319
56781.3489 2.0202 0.0481
56776.4591 2.0686 0.0404
56837.3204 1.6411 0.0400
57078.4502 1.5780 0.0438
57213.2865 1.4741 0.0297
56831.3158 1.6863 0.0378
56778.2967 2.0075 0.0438
56833.3247 1.6128 0.0374
57547.3932 1.7612 0.0311
56807.2890 1.9978 0.0408
57492.5435 1.9398 0.0374
56809.4559 1.9126 0.0470
57134.4710 1.6798 0.0431
53884.4341 1.1058 0.0116
57195.4028 1.3333 0.0522
57123.5397 1.6473 0.1246
57104.4634 1.4736 0.0632
57191.4276 1.2183 0.0588
57105.5621 1.6941 0.0729
57166.3288 1.4006 0.0808
