53472.5316 1.2979 0.0089
57420.5641 1.1381 0.0385
52813.3181 1.3888 0.0079
57191.4488 1.1007 0.0441
56833.3438 1.1523 0.0462
56798.4351 1.1392 0.0522
57542.3721 1.1460 0.0409
57220.2765 1.0190 0.0492
56839.3258 1.1340 0.0586
56811.4461 1.0929 0.0524
56829.3180 1.2291 0.0492
57123.5590 1.0258 0.0747
57567.3083 0.9821 0.0518
56809.4696 0.9746 0.0586
57492.5583 1.1172 0.0478
53474.4540 1.3235 0.0118
56803.4782 1.1031 0.0705
56835.3316 1.0980 0.0520
57479.5587 1.0231 0.0513
56778.3099 1.3471 0.0595
56837.3344 1.1262 0.0548
56783.3584 1.1592 0.0794
57134.4916 1.1683 0.0482
56744.5287 1.2863 0.0600
56776.4725 1.1595 0.0548
57520.3257 1.1760 0.0519
57216.2889 1.1240 0.0437
57223.3757 1.0247 0.0464
56781.3621 1.1554 0.0654
56780.3197 1.1423 0.0607
56722.4613 1.4884 0.0540
56807.3023 1.2865 0.0542
56841.3305 1.1097 0.0641
57547.4059 1.1155 0.0420
56712.4926 1.2089 0.0553
57160.3789 1.0243 0.0415
56751.3563 1.2486 0.0591
57433.5388 1.1904 0.0403
56772.5509 1.2004 0.0665
57157.4572 1.1055 0.0482
56831.3291 1.1904 0.0508
56715.5640 1.4776 0.0524
56865.2991 1.1683 0.0505
56801.3580 1.2627 0.0563
56723.5026 1.4198 0.0588
57508.4214 1.1989 0.0461
56805.4233 1.3631 0.0576
57078.4811 1.1021 0.0748
57105.5696 1.0568 0.0726
57185.4767 1.0840 0.0561
57213.2999 1.0829 0.0668
56741.6164 1.2142 0.0704
57166.3419 1.1000 0.0857
57104.4950 1.1120 0.0476
53770.6220 1.1232 0.0237
54620.3581 1.4122 0.0420
