57420.5718 2.8940 0.0299
56833.3442 2.5786 0.0359
52813.3181 3.2763 0.0087
56741.6247 2.7511 0.0603
56805.4265 2.6292 0.0424
56781.3651 2.6908 0.0472
57492.5616 2.6827 0.0339
56798.4382 2.5785 0.0391
57542.3753 2.7483 0.0312
56841.3344 2.6522 0.0467
57157.4605 3.9875 0.0391
57520.3289 2.8116 0.0388
56801.3611 2.6612 0.0437
57213.3036 3.4026 0.0326
56809.4728 2.6136 0.0442
56839.3294 2.6713 0.0436
56712.4957 2.9814 0.0415
57508.4244 2.7150 0.0331
57191.4470 3.1464 0.0355
56722.4643 2.9056 0.0406
57134.4858 3.5731 0.0379
56835.3351 2.5854 0.0381
56723.5056 2.8368 0.0430
56811.4492 2.5261 0.0384
57223.3789 3.2946 0.0360
57216.2922 3.2106 0.0355
56778.3129 2.8099 0.0443
56783.3617 2.7083 0.0536
57220.2801 3.1937 0.0360
57479.5619 2.9260 0.0382
56807.3055 2.5519 0.0397
56780.3231 2.7533 0.0446
56837.3376 2.4591 0.0405
56831.3322 2.6196 0.0372
57547.4087 2.7110 0.0314
56751.3593 2.9098 0.0433
56744.5318 2.8351 0.0435
56772.5541 2.8125 0.0505
56715.5670 2.9210 0.0378
56776.4755 2.6632 0.0408
57433.5416 3.0224 0.0311
56803.4819 2.5995 0.0608
57160.4616 3.3962 0.0427
57078.4859 3.5882 0.0393
57166.3455 3.2293 0.0494
57105.5711 3.6656 0.0560
56829.3180 2.4662 0.0508
57104.5060 3.6203 0.0462
57185.4795 3.2577 0.0646
57123.5621 3.5495 0.0787
56865.2991 2.6044 0.0537
57567.3097 2.7800 0.0887
