57420.5648 4.0530 0.0301
53472.5316 7.9303 0.0117
57191.4456 3.1201 0.0348
56833.3407 1.3147 0.0355
57134.4846 3.0381 0.0378
56831.3281 1.4997 0.0367
56783.3558 1.6568 0.0551
57508.4204 4.4818 0.0374
57520.3246 4.3135 0.0404
57433.5379 4.2728 0.0340
56723.5016 1.6645 0.0410
57479.5576 4.3526 0.0403
57123.5575 2.8752 0.0535
57542.3711 4.1530 0.0340
57160.3779 3.1533 0.0326
57157.4560 3.2413 0.0389
56776.4714 1.5854 0.0393
56798.4341 1.5769 0.0373
57492.5572 4.6725 0.0402
56751.3553 1.4763 0.0421
56741.6140 1.4773 0.0579
57216.2878 3.1299 0.0356
56778.3088 1.5520 0.0416
56780.3187 1.4707 0.0431
56744.5276 1.5537 0.0419
57223.3746 3.0768 0.0359
56712.4916 1.8557 0.0406
56781.3610 1.4987 0.0468
57220.2754 3.0068 0.0362
56722.4603 1.9878 0.0396
57567.3072 4.1340 0.0389
57547.4049 4.1220 0.0351
56772.5497 1.5380 0.0476
57213.2988 3.1517 0.0394
57104.4873 2.9885 0.0438
56811.4440 1.6332 0.0530
56841.3285 1.7924 0.0658
56807.3003 1.6653 0.0521
56801.3559 1.7917 0.0592
53474.4540 7.9737 0.0165
56835.3296 1.6982 0.0528
56837.3324 1.8513 0.0568
56809.4675 1.6582 0.0597
56803.4760 1.6013 0.0689
57166.3406 3.1457 0.0646
57185.4755 3.3015 0.0432
57078.4806 3.0032 0.0500
56839.3237 2.0327 0.0612
56805.4213 1.8108 0.0600
56715.5619 1.5556 0.0524
57105.5696 3.0645 0.0815
54620.3581 5.8607 0.0539
