57420.5648 4.1877 0.0304
57191.4456 4.1626 0.0362
56833.3407 3.4284 0.0384
57134.4846 3.9820 0.0391
56831.3281 3.5596 0.0400
56783.3558 3.8894 0.0575
53472.5332 3.6794 0.0112
57520.3246 3.7430 0.0399
56772.5497 4.0024 0.0509
56723.5016 3.7541 0.0449
57157.4560 4.0702 0.0402
57123.5575 3.9749 0.0547
57542.3711 3.7345 0.0332
57160.3779 4.0553 0.0340
57479.5576 3.9871 0.0399
56776.4714 3.9687 0.0433
56798.4341 3.8178 0.0408
56835.3306 3.3922 0.0402
56837.3334 3.4996 0.0427
57492.5572 3.8860 0.0387
56751.3553 4.2048 0.0470
56741.6140 4.3272 0.0620
57216.2878 4.2312 0.0375
56778.3088 3.9224 0.0453
56780.3187 3.8596 0.0468
56744.5276 4.3493 0.0467
57433.5379 4.1624 0.0337
57223.3746 4.1648 0.0377
56781.3610 3.9455 0.0505
57220.2754 4.2977 0.0383
56722.4603 3.2861 0.0420
57508.4204 3.7774 0.0360
56839.3248 3.4995 0.0454
56841.3295 3.5888 0.0485
57567.3072 3.7644 0.0384
56712.4916 3.9213 0.0444
57547.4049 3.5985 0.0341
57213.2988 4.2827 0.0415
57104.4873 3.8454 0.0458
56715.5631 3.8596 0.0495
56811.4461 3.7352 0.0580
56809.4696 3.5150 0.0639
53474.4540 3.7059 0.0135
56803.4782 3.7053 0.0751
56801.3580 3.6616 0.0614
56807.3023 3.6577 0.0589
57166.3406 4.0992 0.0670
57185.4755 4.0934 0.0445
57078.4806 3.9100 0.0517
56805.4233 3.5962 0.0626
57105.5696 3.8141 0.0827
53770.6220 2.8397 0.0265
54620.3581 3.8138 0.0486
