57420.5528 1.0256 0.0244
56837.3174 0.8058 0.0315
57157.4393 1.2118 0.0297
57433.5237 1.1280 0.0241
57213.2831 0.9206 0.0235
57542.3566 1.0871 0.0244
57160.3618 1.2453 0.0247
57479.5424 1.2085 0.0317
57194.4053 1.0270 0.0262
57223.3585 1.0193 0.0270
57520.3078 1.0802 0.0316
57459.5434 1.2224 0.0277
56835.3154 0.8131 0.0297
57508.4054 1.0285 0.0259
56831.3127 0.8095 0.0299
56833.3217 0.8137 0.0304
57547.3904 0.9965 0.0246
57567.2921 1.0055 0.0315
57185.4575 1.1188 0.0350
56751.3395 0.8289 0.0398
57220.2584 0.9933 0.0332
56712.4761 0.7456 0.0354
57216.2711 0.9956 0.0290
57492.5399 1.0960 0.0329
56715.5472 0.8356 0.0379
57191.4242 0.9965 0.0344
56722.4449 0.7533 0.0352
56839.3094 0.7955 0.0420
56743.5080 1.5196 0.0399
57133.4154 1.0893 0.0328
53467.4890 1.3526 0.0082
57195.4013 1.0374 0.0421
57134.4690 0.9992 0.0472
57105.5609 0.9573 0.0412
56776.4576 0.7845 0.0411
56811.4305 0.7104 0.0398
56798.4189 0.7700 0.0439
56744.5486 0.7884 0.0479
57460.4772 1.1897 0.0858
56805.4062 0.7482 0.0569
56809.4523 0.7775 0.0579
56783.3367 0.7519 0.0614
56723.4879 0.8480 0.0481
56841.3145 0.8937 0.0566
56780.3025 0.7183 0.0551
57166.3209 1.2114 0.0690
56781.3464 0.7402 0.0572
57123.5324 0.9945 0.0720
53884.4341 1.2986 0.0117
56778.2936 0.7480 0.0619
56772.5355 0.8070 0.0662
56801.3422 0.6764 0.0710
56741.5917 0.7315 0.0701
57078.4308 0.9713 0.0468
56803.4023 0.7142 0.0781
54620.3656 1.4913 0.0452
56807.2865 0.6721 0.0676
57104.4590 1.1691 0.0631
53770.6182 1.0402 0.0235
