57420.5625 3.1862 0.0309
56833.3397 4.2445 0.0366
53472.5316 6.5971 0.0112
56712.4876 3.8959 0.0453
56783.3499 3.7960 0.0558
56715.5589 4.0145 0.0429
57157.4515 3.6366 0.0405
56722.4562 3.9236 0.0444
56809.4644 3.9541 0.0491
56839.3207 4.3053 0.0479
56841.3254 4.3093 0.0515
56781.3570 3.7288 0.0509
56835.3266 4.2196 0.0434
56811.4410 3.8893 0.0435
57492.5529 4.0005 0.0389
56751.3512 3.6026 0.0478
57133.6087 3.7512 0.0512
57213.2951 3.3432 0.0346
56780.3146 3.8060 0.0492
57160.3736 3.8219 0.0353
57123.5514 4.0319 0.0546
56772.5452 3.6839 0.0531
57191.4374 3.4985 0.0416
56805.4182 3.8146 0.0474
56744.5234 3.5882 0.0454
57223.3703 3.1496 0.0379
57547.4010 4.3492 0.0371
57220.2711 3.1413 0.0380
56741.6082 3.7376 0.0617
56803.4723 3.9590 0.0516
57508.4165 4.0075 0.0383
56831.3240 4.2726 0.0435
57134.4821 3.9466 0.0478
56807.2972 3.9978 0.0459
57433.5341 3.4249 0.0344
56778.3048 3.7816 0.0471
56798.4301 3.8953 0.0424
56837.3290 4.1988 0.0462
56801.3529 3.9421 0.0468
57567.3029 4.2936 0.0413
56776.4673 3.7033 0.0460
57542.3673 4.2866 0.0360
57216.2834 3.2298 0.0375
57479.5533 3.9700 0.0413
57520.3201 4.2292 0.0435
56723.4975 3.9009 0.0471
57078.4761 4.0634 0.0488
57166.3371 3.7171 0.0477
53474.4540 6.6907 0.0157
57185.4701 3.7191 0.0609
57104.4732 3.8746 0.0795
