57420.5648 9.8422 0.0346
52813.3181 12.1921 0.0117
57191.4456 9.4167 0.0419
56833.3407 11.8518 0.0492
57134.4846 9.4245 0.0448
56839.3248 11.8343 0.0564
56751.3553 12.3064 0.0566
56831.3281 11.7690 0.0516
56783.3558 11.8864 0.0651
57520.3246 10.0398 0.0465
56805.4223 12.2192 0.0564
56723.5016 12.5642 0.0556
57123.5575 9.3653 0.0583
57542.3711 10.5555 0.0430
57160.3779 9.5184 0.0412
57157.4560 9.6063 0.0468
56776.4714 11.8345 0.0532
56798.4341 11.9998 0.0515
56835.3306 11.8991 0.0522
56803.4771 12.2329 0.0628
56837.3334 11.8144 0.0538
57492.5572 10.0327 0.0470
56809.4686 11.9930 0.0570
56741.6140 12.4064 0.0685
57216.2878 9.3070 0.0444
56778.3088 11.9067 0.0559
57479.5576 10.0550 0.0464
56801.3570 11.9769 0.0547
56780.3187 11.8496 0.0567
56744.5276 12.4695 0.0564
57433.5379 10.2258 0.0424
57223.3746 9.3047 0.0441
56715.5630 12.8040 0.0528
56781.3610 11.9363 0.0602
57220.2754 9.2876 0.0448
56811.4451 12.2002 0.0527
56722.4603 12.6762 0.0541
57508.4204 10.0941 0.0449
56807.3013 11.9596 0.0531
56841.3295 11.9062 0.0581
57567.3072 10.4545 0.0481
56712.4916 12.7767 0.0553
57547.4049 10.6658 0.0443
56772.5497 12.0443 0.0595
57104.4873 9.8696 0.0552
57213.2988 9.3009 0.0494
56829.3180 12.0395 0.0703
57166.3406 9.7200 0.0762
57185.4755 9.3707 0.0512
57078.4806 8.8911 0.0606
56865.2991 11.7203 0.0729
57105.5696 9.4055 0.0980
53770.6220 11.0975 0.0370
54620.3581 12.9199 0.0684
