57420.5641 4.3496 0.0413
52813.3181 3.3428 0.0086
57191.4488 4.0266 0.0476
56833.3438 4.2047 0.0509
57134.4881 4.0222 0.0508
56798.4351 4.1304 0.0574
57542.3721 4.3753 0.0477
57220.2765 4.4240 0.0552
56839.3258 4.2825 0.0642
57123.5590 4.2191 0.0765
56723.5026 4.3166 0.0633
56829.3180 4.2153 0.0557
56837.3344 4.2066 0.0605
57567.3083 4.2761 0.0585
56809.4696 3.8559 0.0634
56811.4461 4.0640 0.0579
57492.5583 4.3432 0.0544
56803.4782 3.9812 0.0742
56835.3316 4.2186 0.0577
57479.5587 4.3760 0.0561
56778.3099 4.2769 0.0642
56741.6154 4.6085 0.0838
56783.3584 4.2455 0.0824
56780.3197 4.3035 0.0656
56744.5287 4.5052 0.0650
56776.4725 4.3672 0.0603
57520.3257 4.3698 0.0566
57216.2889 4.4696 0.0500
57223.3757 4.4806 0.0527
56781.3621 4.2055 0.0702
56722.4613 4.6249 0.0598
56807.3023 4.1145 0.0592
56841.3305 4.4047 0.0686
57547.4059 4.6162 0.0496
56712.4926 4.6297 0.0618
57160.3789 4.1156 0.0470
56751.3563 4.5768 0.0646
57433.5388 4.2968 0.0467
56772.5509 4.3291 0.0706
57157.4572 4.0264 0.0528
56831.3291 4.1273 0.0565
56715.5640 4.4442 0.0573
56865.2991 4.2287 0.0576
56801.3580 3.9661 0.0608
57508.4214 4.4136 0.0523
56805.4233 4.0357 0.0625
57078.4811 4.2354 0.0828
57105.5696 4.1671 0.0816
57185.4767 4.0947 0.0618
57213.2999 4.5803 0.0763
57166.3419 3.9877 0.0912
57104.4950 3.9892 0.0553
54620.3581 4.2029 0.0487
