57420.5648 2.0260 0.0282
53472.5316 2.5468 0.0097
57191.4456 1.7354 0.0328
57134.4846 1.8341 0.0363
56783.3558 1.6706 0.0543
56772.5497 1.7519 0.0475
57157.4560 1.8210 0.0368
57123.5575 1.7910 0.0520
57542.3711 1.9004 0.0301
57160.3779 1.8823 0.0304
57479.5576 1.8794 0.0371
56776.4714 1.7739 0.0397
56798.4341 1.7425 0.0377
57492.5572 1.9029 0.0358
56751.3553 1.6904 0.0425
56741.6140 1.7877 0.0578
57216.2878 1.6806 0.0330
56778.3088 1.6461 0.0418
56780.3187 1.7700 0.0433
56744.5276 1.8067 0.0425
57433.5379 2.0483 0.0301
57223.3746 1.6776 0.0338
56781.3610 1.6500 0.0467
57220.2754 1.7249 0.0343
57567.3072 1.4386 0.0344
57547.4049 1.8834 0.0312
57213.2988 1.6920 0.0365
57104.4873 1.7133 0.0420
56833.3438 1.7972 0.0478
57508.4214 2.0289 0.0484
56723.5026 1.6528 0.0594
56837.3344 1.7434 0.0566
56809.4696 1.7239 0.0599
53474.4540 2.5481 0.0131
56803.4782 1.7097 0.0707
56835.3316 1.7338 0.0537
57520.3257 1.9143 0.0529
56839.3258 1.8575 0.0601
56715.5640 1.6446 0.0523
56801.3580 1.6720 0.0570
56807.3023 1.7263 0.0540
56841.3305 1.8750 0.0645
56712.4926 1.6781 0.0570
57166.3406 1.8122 0.0616
56722.4613 1.6022 0.0547
56811.4461 1.7134 0.0537
57185.4755 1.6653 0.0403
57078.4806 2.8342 0.0501
56831.3291 1.8294 0.0527
56805.4233 1.7477 0.0585
57105.5696 1.7196 0.0766
53770.6220 2.3445 0.0255
54620.3581 1.9488 0.0430
