57420.5631 2.0786 0.0230
56833.3408 2.0968 0.0248
57191.4420 2.1212 0.0248
56722.4582 2.3787 0.0279
56712.4896 2.3751 0.0287
56831.3260 2.1484 0.0264
56805.4202 2.7490 0.0304
56723.4995 2.0040 0.0289
56807.2993 2.2682 0.0275
56803.4747 2.6563 0.0345
56839.3227 2.5595 0.0304
57508.4185 2.1270 0.0234
56837.3312 2.6188 0.0289
56809.4665 2.7892 0.0311
56835.3286 2.4753 0.0270
56801.3549 2.3076 0.0294
57134.4847 2.2386 0.0322
57567.3055 1.8959 0.0265
56780.3163 2.5087 0.0361
57160.3754 2.2495 0.0251
56841.3278 2.7064 0.0387
57433.5356 2.2020 0.0246
56811.4434 2.2016 0.0314
57542.3689 2.1086 0.0248
57216.2853 2.2370 0.0268
56751.3529 1.4900 0.0338
57220.2729 2.2436 0.0285
56778.3065 2.5272 0.0347
56776.4690 2.4263 0.0330
57223.3721 2.0789 0.0278
56715.5613 2.1110 0.0307
57157.4534 2.1950 0.0293
57492.5547 1.8291 0.0277
57520.3234 2.1362 0.0310
57547.4026 1.9132 0.0251
56741.6106 2.0786 0.0459
56798.4318 2.7075 0.0310
56772.5471 2.3436 0.0398
56744.5252 2.2023 0.0335
57213.2961 2.2353 0.0283
53472.5316 3.7050 0.0104
56781.3600 2.5018 0.0468
57133.6087 2.3914 0.0462
57479.5565 2.2441 0.0376
56783.3546 2.3972 0.0539
57166.3383 2.0731 0.0391
57185.4728 1.9791 0.0337
57123.5560 2.1389 0.0513
57078.4785 2.3712 0.0424
53474.4540 3.6773 0.0140
57104.4841 2.2760 0.0428
57105.5696 2.2222 0.0778
53770.6220 3.4034 0.0270
54620.3581 3.5731 0.0482
