57420.5648 3.0097 0.0293
53472.5316 2.9996 0.0096
57191.4456 2.8801 0.0345
56833.3407 2.6834 0.0372
57134.4846 2.5742 0.0374
56839.3248 2.7698 0.0441
56751.3553 2.2509 0.0440
56831.3281 2.7068 0.0385
56783.3558 2.6098 0.0561
57520.3246 2.9422 0.0390
56723.5016 2.0602 0.0421
56805.4223 2.6644 0.0432
57479.5576 2.8318 0.0384
57123.5575 2.6390 0.0537
57542.3711 3.2540 0.0324
57160.3779 2.5794 0.0315
57157.4560 2.6857 0.0382
56776.4714 2.4660 0.0409
56798.4341 2.6044 0.0388
56835.3306 2.7582 0.0391
56803.4771 2.6436 0.0508
56837.3334 2.7768 0.0414
57492.5572 2.8336 0.0370
56809.4686 2.6171 0.0437
56741.6140 2.1768 0.0594
57216.2878 2.9198 0.0353
56778.3088 2.5588 0.0431
56801.3570 2.6089 0.0424
56780.3187 2.4094 0.0446
56744.5276 2.2619 0.0434
57433.5379 3.0611 0.0317
57223.3746 3.0118 0.0360
56715.5630 1.9531 0.0380
56781.3610 2.4742 0.0483
57220.2754 2.9234 0.0360
56811.4451 2.5817 0.0390
56722.4603 2.0560 0.0400
57508.4204 2.7810 0.0342
56807.3013 2.5770 0.0389
56841.3295 2.8355 0.0475
57567.3072 3.5235 0.0379
56712.4916 2.0391 0.0414
57547.4049 3.3577 0.0337
56772.5497 2.5348 0.0490
57213.2988 2.8662 0.0387
57104.4873 2.5670 0.0433
53474.4540 3.0365 0.0130
57166.3406 2.8288 0.0644
57185.4755 2.8938 0.0427
57078.4806 2.7299 0.0492
57105.5696 2.6584 0.0786
53770.6220 3.0712 0.0269
54620.3581 3.5032 0.0478
