57420.5562 1.3013 0.0204
56744.5358 1.2280 0.0294
56778.2987 1.2672 0.0291
56801.3468 1.3453 0.0286
57160.3671 1.1243 0.0206
57213.2886 1.2062 0.0205
57508.4106 1.3389 0.0218
56780.3083 1.3163 0.0327
56839.3145 1.3598 0.0301
57220.2646 1.1870 0.0239
56783.3430 1.3145 0.0362
57520.3134 1.3082 0.0275
57185.4669 1.0894 0.0286
57433.5284 1.3771 0.0205
56776.4612 1.2527 0.0278
56837.3225 1.3116 0.0277
56712.4815 1.3604 0.0283
57567.2968 1.3654 0.0230
56722.4492 1.3920 0.0274
57479.5472 1.3460 0.0284
56811.4347 1.3477 0.0259
57157.4449 1.1480 0.0252
56805.4114 1.3384 0.0287
56798.4234 1.3181 0.0258
56841.3191 1.3134 0.0332
57216.2770 1.2064 0.0225
56715.5528 1.2345 0.0262
57223.3639 1.2566 0.0234
57542.3614 1.3468 0.0212
56835.3204 1.3441 0.0258
56751.3450 1.4323 0.0310
56781.3509 1.3082 0.0325
57194.4107 1.1594 0.0227
56803.4568 1.3768 0.0320
57547.3951 1.3831 0.0214
56831.3178 1.4517 0.0260
56833.3268 1.3195 0.0263
56807.2910 1.3626 0.0294
56723.4911 1.2963 0.0305
56772.5382 1.2923 0.0354
56809.4579 1.3954 0.0305
56743.5263 1.2371 0.0302
57459.5479 1.3377 0.0286
57191.4317 1.1288 0.0293
53472.4612 1.2652 0.0077
57492.5467 1.4182 0.0264
57134.4721 1.2574 0.0333
57104.4661 1.2109 0.0465
57133.5985 1.0987 0.0326
56741.5996 1.2843 0.0337
57166.3303 1.0741 0.0492
57195.4028 1.1633 0.0515
57123.5443 1.1953 0.0695
54620.3631 1.3706 0.0414
57078.4382 1.2326 0.0370
57105.5621 1.2350 0.0716
