57420.5648 2.9499 0.0290
52813.3181 1.6160 0.0079
57191.4456 3.4520 0.0345
56833.3407 3.7474 0.0383
57134.4846 3.2385 0.0376
56839.3248 3.6222 0.0448
56751.3553 3.7879 0.0450
56831.3281 3.8446 0.0400
56783.3558 3.7547 0.0565
57520.3246 2.6263 0.0380
56805.4223 3.9976 0.0448
56723.5016 3.6848 0.0432
57123.5575 3.5254 0.0538
57542.3711 2.7781 0.0307
57160.3779 3.1683 0.0319
57157.4560 3.3040 0.0383
56776.4714 3.6475 0.0417
56798.4341 4.0906 0.0406
56835.3306 3.6723 0.0401
56803.4771 3.9018 0.0520
56837.3334 3.6626 0.0423
57492.5572 2.4901 0.0358
56809.4686 3.8589 0.0451
56741.6140 3.6619 0.0594
57216.2878 3.3933 0.0353
56778.3088 3.6828 0.0445
57479.5576 2.4817 0.0376
56801.3570 3.8657 0.0437
56780.3187 3.8248 0.0461
56744.5276 3.6343 0.0443
57433.5379 2.7619 0.0305
57223.3746 3.2929 0.0356
56715.5630 3.6217 0.0396
56781.3610 3.8753 0.0497
57220.2754 3.2981 0.0359
56811.4451 3.9615 0.0410
56722.4603 3.6773 0.0414
57508.4204 2.4640 0.0330
56807.3013 3.8299 0.0407
56841.3295 3.5926 0.0478
57567.3072 2.9342 0.0360
56712.4916 3.8085 0.0429
57547.4049 2.8774 0.0320
56772.5497 3.6105 0.0494
57104.4873 3.7017 0.0444
57213.2988 3.4249 0.0391
56829.3180 3.8895 0.0545
57166.3406 3.3599 0.0644
57185.4755 3.4374 0.0430
57078.4806 3.2763 0.0495
56865.2991 3.4569 0.0553
57105.5696 3.5230 0.0797
53770.6220 2.5736 0.0261
54620.3581 1.7767 0.0421
