57420.5648 1.3352 0.0273
57191.4456 1.0336 0.0306
56833.3407 1.2004 0.0334
57223.3746 1.2431 0.0320
56831.3281 1.1708 0.0341
56744.5276 1.2946 0.0392
57520.3246 1.0670 0.0358
56805.4223 1.3074 0.0391
56723.5016 1.1826 0.0378
57542.3711 1.2800 0.0281
57160.3779 0.9216 0.0277
57157.4560 0.9284 0.0343
56776.4714 1.2377 0.0365
56798.4341 1.2827 0.0349
56835.3306 1.2719 0.0350
56803.4771 1.2211 0.0464
56837.3334 1.1171 0.0368
57492.5572 1.2124 0.0335
56809.4686 1.3226 0.0397
56839.3248 1.1634 0.0394
57216.2878 1.2625 0.0312
56778.3088 1.2307 0.0392
57479.5576 1.1048 0.0354
52813.3164 1.5697 0.0090
56801.3570 1.2385 0.0383
56780.3187 1.3091 0.0410
57433.5379 1.3537 0.0278
56715.5630 1.3115 0.0344
56781.3610 1.2820 0.0443
57220.2754 1.1725 0.0320
56811.4451 1.2384 0.0352
56722.4603 1.2625 0.0361
57508.4204 1.0149 0.0304
56751.3553 1.3721 0.0400
56807.3013 1.2650 0.0348
56841.3295 1.0581 0.0429
57567.3072 1.2742 0.0329
56712.4916 1.3411 0.0375
57547.4049 1.2350 0.0289
56772.5497 1.2797 0.0449
57104.4873 0.9132 0.0384
57213.2988 1.0855 0.0341
57134.4877 0.8744 0.0357
56783.3551 1.1627 0.0542
56741.6149 1.2288 0.0482
56829.3180 1.3362 0.0493
57123.5585 0.8440 0.0433
57166.3406 0.8738 0.0585
57185.4755 0.9658 0.0387
57078.4806 0.8921 0.0441
56865.2991 1.0214 0.0497
57105.5696 0.7437 0.0688
53770.6220 2.0921 0.0250
54620.3581 1.5352 0.0407
