57420.5648 3.7133 0.0307
53472.5316 2.7136 0.0096
57191.4456 3.2636 0.0361
56833.3407 1.4157 0.0368
57134.4846 3.7605 0.0401
56751.3553 1.3906 0.0439
56831.3281 1.4711 0.0379
56783.3558 1.3483 0.0557
57520.3246 3.8078 0.0407
56723.5016 1.3811 0.0423
56805.4223 1.2454 0.0426
57479.5576 3.4697 0.0402
57123.5575 3.6207 0.0551
57542.3711 3.8124 0.0346
57160.3779 3.6711 0.0345
57157.4560 3.6694 0.0408
56776.4714 1.2568 0.0402
56798.4341 1.3434 0.0381
56835.3306 1.4600 0.0384
56803.4771 1.2765 0.0504
56837.3334 1.3970 0.0407
57492.5572 3.6261 0.0396
56809.4686 1.3621 0.0433
56839.3248 1.4161 0.0435
57216.2878 3.2985 0.0374
56778.3088 1.3375 0.0427
56801.3570 1.3344 0.0418
56780.3187 1.2901 0.0442
56744.5276 1.4627 0.0437
57433.5379 3.8016 0.0344
57223.3746 3.4707 0.0379
56715.5630 1.5293 0.0390
56781.3610 1.3179 0.0479
57220.2754 3.3903 0.0381
56811.4451 1.2685 0.0385
56722.4603 1.4543 0.0405
57508.4204 4.0012 0.0377
56807.3013 1.2963 0.0387
56841.3295 1.4613 0.0468
57567.3072 3.4556 0.0394
56712.4916 1.3849 0.0416
57547.4049 3.7993 0.0358
56772.5497 1.3484 0.0486
57213.2988 3.2029 0.0409
57104.4873 3.4207 0.0466
56741.6149 1.3857 0.0514
53474.4540 2.7389 0.0130
57166.3406 3.7337 0.0679
57185.4755 3.3802 0.0443
57078.4806 3.0978 0.0514
57105.5696 3.4271 0.0844
53770.6220 2.6707 0.0266
54620.3581 3.5381 0.0492
