57420.5648 11.7317 0.0359
57191.4456 14.3476 0.0468
56833.3407 8.7345 0.0453
57134.4846 15.7952 0.0509
56839.3248 9.9533 0.0539
56751.3553 7.7550 0.0507
56831.3281 8.3671 0.0469
56783.3558 6.9510 0.0596
57520.3246 8.4887 0.0447
56805.4223 8.3953 0.0513
56723.5016 8.8682 0.0509
57123.5575 15.3167 0.0622
57542.3711 7.6353 0.0388
57160.3779 15.0265 0.0477
57157.4560 15.2650 0.0533
57216.2878 13.4330 0.0497
56798.4341 8.1978 0.0467
56835.3306 9.2727 0.0486
56803.4771 8.1174 0.0574
56837.3334 9.6301 0.0509
57492.5572 11.4474 0.0487
56809.4686 8.4300 0.0521
56741.6140 7.6247 0.0633
56776.4714 6.9411 0.0466
56778.3088 7.0168 0.0492
57479.5576 12.4883 0.0488
56801.3570 7.9055 0.0494
56780.3187 7.0838 0.0505
56744.5276 7.5848 0.0500
57433.5379 12.1223 0.0448
57223.3746 12.9574 0.0483
56715.5630 10.4093 0.0496
56781.3610 7.1113 0.0539
57220.2754 12.8908 0.0492
56811.4451 8.7505 0.0482
56722.4603 9.0912 0.0494
57508.4204 8.8691 0.0431
56807.3013 8.3834 0.0481
56841.3295 10.1871 0.0559
57567.3072 9.9181 0.0472
56712.4916 10.8300 0.0528
57547.4049 7.3475 0.0394
56772.5497 7.1892 0.0537
57104.4873 14.7592 0.0625
57213.2988 14.3675 0.0565
56829.3180 8.6990 0.0644
52813.3181 17.9744 0.0211
57166.3406 14.1468 0.0830
57185.4755 14.0580 0.0567
57078.4806 14.7904 0.0693
56865.2991 10.9834 0.0716
57105.5696 13.6848 0.1091
54620.3581 13.6372 0.0694
