53472.4934 2.4495 0.0087
57492.5529 2.0342 0.0336
57420.5636 2.1146 0.0409
56833.3436 2.5256 0.0412
57479.5533 2.1338 0.0379
57078.4761 2.2708 0.0440
57157.4526 2.1612 0.0514
57508.4175 2.0371 0.0463
56751.3522 2.7665 0.0639
57542.3682 2.0834 0.0425
56841.3264 2.3737 0.0677
56741.6097 2.9003 0.0848
56778.3058 2.7152 0.0626
56776.4683 2.5027 0.0597
56803.4734 2.5010 0.0678
57160.3747 2.2826 0.0446
57133.6102 2.2583 0.0654
56712.4886 2.8673 0.0594
57213.2962 2.2995 0.0445
56805.4192 2.5821 0.0617
56783.3509 2.5267 0.0765
57223.3714 2.2509 0.0494
56839.3217 2.6322 0.0619
56781.3580 2.3586 0.0675
56772.5463 2.6466 0.0699
56811.4420 2.5210 0.0563
57220.2722 2.3446 0.0494
57433.5350 2.0207 0.0419
57191.4386 2.3931 0.0541
56837.3304 2.5720 0.0595
56801.3539 2.7980 0.0616
56780.3156 2.5535 0.0649
56798.4311 2.5933 0.0550
56831.3250 2.5559 0.0550
56723.4985 2.8198 0.0643
57547.4021 2.1281 0.0440
57520.3212 2.0681 0.0553
57216.2845 2.2490 0.0476
56835.3276 2.4695 0.0552
56744.5245 2.7374 0.0605
56715.5599 2.8659 0.0557
56722.4572 2.9378 0.0587
56809.4654 2.5104 0.0635
57123.5530 2.1358 0.0742
57567.3041 2.0193 0.0459
56807.2983 2.7495 0.0576
57166.3377 2.2436 0.0594
57185.4719 2.3714 0.0622
57104.4732 2.3333 0.0703
57134.4777 2.5288 0.0884
