52730.5710 1.5788 0.0228
53911.3267 1.5219 0.0189
53851.4203 1.5057 0.0144
53586.2942 1.2902 0.0101
53847.5764 1.6885 0.0229
52698.6084 1.5631 0.0094
53462.4907 1.3710 0.0217
53524.3005 1.3892 0.0095
57420.5763 1.2057 0.0286
53853.4318 1.4764 0.0177
54186.5143 1.3028 0.0176
53583.3046 1.2561 0.0102
53799.4817 1.3462 0.0155
52817.2960 1.4749 0.0212
54176.5500 2.6472 0.0536
54531.5709 1.5106 0.0089
54209.4929 1.3439 0.0095
54262.4012 1.3999 0.0113
53466.6115 1.4147 0.0113
56801.3688 1.4754 0.0395
54561.4254 1.4166 0.0097
52710.6188 1.6304 0.0128
53146.4901 1.3497 0.0111
53553.4142 1.3018 0.0107
54144.5888 1.2944 0.0105
53578.3431 1.2714 0.0147
53936.3074 1.4134 0.0107
53883.3893 1.5589 0.0114
54266.2923 1.4342 0.0104
53505.3885 1.3586 0.0178
53121.5132 1.3370 0.0102
54624.3821 1.4043 0.0106
54563.4941 1.4003 0.0110
52813.3474 1.5179 0.0130
53109.5778 1.3016 0.0150
54183.5063 1.4077 0.0110
53859.3669 1.4863 0.0146
53551.3290 1.3820 0.0101
53939.3067 1.3688 0.0108
56833.3478 1.7354 0.0381
52792.4193 1.6145 0.0182
53446.5324 1.3828 0.0103
53943.3027 1.3776 0.0108
53138.4614 1.2939 0.0112
53200.2667 1.2349 0.0106
53178.3751 1.1768 0.0098
53149.3330 1.3702 0.0104
53390.6489 1.3082 0.0108
53495.4394 1.2545 0.0107
53083.6071 1.2795 0.0109
52815.2953 1.5429 0.0077
53855.4161 1.5483 0.0106
53117.4850 1.3001 0.0100
53165.4100 1.3423 0.0099
53527.3526 1.4014 0.0102
54570.4281 1.3437 0.0235
53769.6079 1.3750 0.0104
53195.3465 1.2560 0.0100
53743.6336 1.3050 0.0092
53888.4064 1.5197 0.0120
53502.3879 1.3241 0.0116
54201.4537 1.2816 0.0107
54179.5219 1.3167 0.0101
53500.3158 1.3529 0.0107
54614.3916 1.4554 0.0121
56723.5097 1.4383 0.0413
52791.4573 1.5806 0.0188
53175.3837 1.3113 0.0112
56831.3363 1.7504 0.0369
54255.3344 1.4525 0.0175
52721.6238 1.7714 0.0312
56798.4422 1.6137 0.0399
54591.3855 1.4379 0.0107
54557.5447 1.4136 0.0118
56809.4772 1.5953 0.0462
53473.5871 1.4171 0.0135
57547.4125 1.4944 0.0300
56807.3096 1.5027 0.0407
56780.3275 1.4354 0.0432
54600.4451 1.4895 0.0298
56778.3170 1.4300 0.0420
56776.4795 1.3624 0.0396
56781.3691 1.3795 0.0479
53766.6162 1.3883 0.0110
57213.3079 1.5378 0.0297
57223.3832 1.5465 0.0341
56751.3634 1.5427 0.0410
56805.4306 1.5179 0.0403
54524.5258 1.4733 0.0187
54621.4051 1.4252 0.0112
53772.6256 1.3411 0.0126
54535.5069 1.5188 0.0106
54213.5714 1.3284 0.0144
57433.5460 1.3418 0.0285
57134.4907 1.5476 0.0379
56835.3395 1.7209 0.0374
53906.3676 1.4911 0.0138
57508.4284 1.4194 0.0311
54588.5514 1.4292 0.0159
57216.2975 1.5862 0.0323
56744.5358 1.4205 0.0431
56772.5585 1.3863 0.0482
53469.5180 1.4238 0.0119
56722.4684 1.4948 0.0383
57542.3791 1.3524 0.0286
54205.4850 1.3215 0.0130
53518.4471 1.3777 0.0265
54594.4518 1.4260 0.0109
54618.4132 1.4465 0.0111
54124.6301 1.3417 0.0109
56715.5711 1.4210 0.0358
56712.4997 1.4150 0.0390
54234.4869 1.3389 0.0114
57220.2845 1.4817 0.0340
54229.4779 1.3297 0.0204
57123.5698 1.6445 0.0552
56841.3393 1.6338 0.0444
52722.5960 1.7528 0.0256
53892.3762 1.4503 0.0239
53875.3586 1.4982 0.0112
54117.6453 1.3307 0.0103
53411.6227 1.3494 0.0110
54597.4501 1.4654 0.0110
54120.6622 1.3858 0.0154
53879.3075 1.5164 0.0124
57520.3333 1.3450 0.0369
54538.5764 1.5298 0.0131
54113.6604 1.3741 0.0155
54528.5213 1.4918 0.0098
57479.5663 1.2953 0.0368
56803.4885 1.4132 0.0522
54151.6495 1.2392 0.0124
56837.3417 1.7223 0.0396
54153.5960 1.2750 0.0117
53463.5851 1.4649 0.0209
54259.3121 1.3739 0.0106
57191.4517 1.5868 0.0357
57492.5660 1.3607 0.0342
53531.3606 1.3249 0.0117
57157.4650 1.5951 0.0374
57160.5054 1.5001 0.0367
56811.4533 1.5267 0.0375
56839.3341 1.7248 0.0435
53916.3240 1.4729 0.0152
54511.5799 1.5033 0.0092
56783.3659 1.4416 0.0514
57166.3513 1.6297 0.0430
53523.4176 1.3932 0.0194
53563.3393 1.3001 0.0227
57185.4838 1.4448 0.0522
54620.3589 1.6661 0.0258
57105.5730 1.6237 0.0532
56741.6289 1.6384 0.0520
52790.4043 1.6280 0.0681
57078.4898 1.3754 0.0457
53890.4800 1.5042 0.0610
57104.5182 1.6247 0.0509
54619.3119 1.4227 0.0585
