53586.2942 0.7469 0.0099
53524.3013 0.7581 0.0083
53853.4268 0.7084 0.0120
54531.5740 0.7505 0.0074
53851.4203 0.7156 0.0111
53466.6127 0.7361 0.0096
53583.3046 0.7444 0.0100
52710.6216 0.6712 0.0124
54209.4929 0.7412 0.0091
57420.5832 1.0167 0.0320
54624.3824 0.6837 0.0091
54262.4012 0.7319 0.0110
53505.3888 0.7679 0.0161
54186.5104 0.7191 0.0191
53769.6082 0.7124 0.0089
54561.4254 0.7246 0.0093
53146.4901 0.7375 0.0108
54535.5077 0.8375 0.0091
54151.6503 0.7379 0.0110
54153.5968 0.7328 0.0100
54524.5266 0.7534 0.0165
53553.4142 0.7525 0.0103
54144.5888 0.7347 0.0102
53578.3431 0.6932 0.0144
53411.6236 0.7533 0.0094
54511.5807 0.7338 0.0076
54213.5722 0.7259 0.0125
54614.3924 0.7002 0.0103
52814.3124 0.6837 0.0079
53936.3074 0.6694 0.0102
54255.3352 0.7512 0.0158
54600.4459 0.7121 0.0270
54621.4059 0.7105 0.0095
53175.3845 0.7198 0.0096
54266.2923 0.6877 0.0100
54557.5455 0.7406 0.0100
54234.4877 0.7226 0.0098
53859.3669 0.7205 0.0144
53200.2667 0.7067 0.0103
53473.5879 0.7304 0.0118
53121.5132 0.7247 0.0098
54591.3863 0.7236 0.0091
54179.5219 2.3730 0.0110
54563.4941 0.7239 0.0106
52813.3474 0.6757 0.0126
54117.6461 0.7085 0.0089
54570.4287 0.7323 0.0235
54588.5522 0.7089 0.0140
53883.3893 0.6777 0.0108
53109.5778 0.7823 0.0149
54183.5063 0.7318 0.0106
53551.3290 0.7538 0.0098
53855.4161 0.7083 0.0101
56833.3478 0.8105 0.0382
53446.5324 0.7377 0.0099
53943.3027 0.7012 0.0103
54259.3128 0.7271 0.0090
53138.4614 0.7376 0.0109
53469.5188 0.7241 0.0102
53178.3751 0.7238 0.0096
53149.3330 0.7019 0.0101
53906.3684 0.6753 0.0119
53390.6489 0.7552 0.0105
53531.3615 0.7304 0.0102
53916.3248 0.6857 0.0135
53117.4850 0.7767 0.0097
53766.6170 0.7065 0.0093
53495.4394 0.7423 0.0104
53911.3414 0.6570 0.0171
54176.5642 0.7373 0.0100
54124.6309 0.7096 0.0093
53875.3594 0.6870 0.0094
53799.4811 0.7236 0.0126
54205.4858 0.7355 0.0114
54594.4526 0.6948 0.0093
53165.4100 0.7179 0.0095
54618.4140 0.6853 0.0094
53527.3526 0.7418 0.0098
53772.6264 0.6936 0.0108
53195.3465 0.7218 0.0097
53743.6336 0.7123 0.0087
53083.6071 0.7747 0.0106
54229.4787 0.6910 0.0182
53500.3158 0.7469 0.0104
53888.4064 0.6711 0.0116
53518.4479 0.7728 0.0238
54538.5772 0.7053 0.0111
54113.6612 0.6852 0.0137
53502.3879 0.7649 0.0113
54597.4509 0.7155 0.0093
54120.6630 0.7218 0.0137
53879.3083 0.7076 0.0105
54201.4537 0.7306 0.0104
54528.5221 0.7186 0.0082
56831.3363 0.8988 0.0368
52730.5749 0.6751 0.0217
56801.3691 0.8772 0.0437
57547.4125 0.8292 0.0300
53939.3059 0.6681 0.0116
56751.3634 0.9221 0.0415
57433.5460 1.0197 0.0290
56835.3395 0.8245 0.0373
57216.2975 0.8802 0.0323
56744.5358 0.8844 0.0440
57542.3791 0.7869 0.0287
53462.4929 0.7629 0.0237
56722.4684 0.8837 0.0389
57160.5054 0.8472 0.0368
56712.4997 0.7981 0.0397
57220.2845 0.9375 0.0344
56841.3393 0.9338 0.0451
57213.3079 0.8796 0.0297
57223.3832 0.8101 0.0341
57479.5663 0.7976 0.0374
56837.3417 0.9168 0.0398
52792.4208 0.6821 0.0203
52817.2973 0.6635 0.0128
57157.4650 0.7640 0.0373
56811.4533 0.8705 0.0378
53523.4194 1.0262 0.0176
57508.4284 0.9448 0.0313
56798.4427 0.8342 0.0449
56715.5709 0.8681 0.0400
57191.4522 0.8417 0.0391
56807.3101 0.8755 0.0449
57166.3513 0.8195 0.0430
56805.4301 0.7967 0.0489
56723.5095 0.7091 0.0464
52790.3997 0.7146 0.0208
54620.3589 0.6864 0.0242
57492.5666 0.7004 0.0381
52815.2985 0.6802 0.0093
52791.4612 0.6722 0.0218
57134.4905 0.7848 0.0412
53892.3791 0.7064 0.0275
56839.3346 0.8832 0.0484
56783.3648 0.7614 0.0743
56803.4894 0.7383 0.0511
57105.5730 0.9470 0.0536
57123.5684 0.7767 0.0791
56741.6289 0.7569 0.0526
56772.5574 0.7897 0.0692
57185.4833 0.8271 0.0556
56781.3681 0.8329 0.0669
53463.5701 0.7045 0.0266
53847.5525 0.7416 0.0325
57520.3322 0.8778 0.0525
53563.3392 0.7075 0.0267
56809.4762 0.7591 0.0620
56778.3160 0.6977 0.0604
56776.4785 0.7774 0.0570
53890.4800 0.7949 0.0581
54619.3119 0.6558 0.0546
52722.5938 0.7444 0.0492
57078.4880 0.7364 0.0730
56780.3271 0.9223 0.0741
57104.5182 0.7709 0.0497
