57420.5763 5.1178 0.0312
56801.3688 3.9662 0.0409
56833.3478 3.9876 0.0398
53147.4525 4.8563 0.0085
56744.5358 3.9989 0.0451
56776.4795 3.9340 0.0419
56772.5585 3.9071 0.0490
56723.5097 4.0453 0.0435
56781.3691 4.0157 0.0495
57123.5698 3.9898 0.0547
56831.3363 4.1668 0.0393
57213.3079 4.3051 0.0331
57223.3832 4.3111 0.0368
57134.4907 4.1046 0.0399
56798.4422 4.0427 0.0417
56722.4684 4.0875 0.0408
56839.3341 3.8511 0.0448
57160.5054 4.2647 0.0391
56751.3634 3.9372 0.0427
56805.4306 3.8756 0.0424
57520.3333 5.0239 0.0405
57542.3791 5.0311 0.0346
56809.4772 4.0667 0.0480
57479.5663 5.4917 0.0411
56803.4885 4.1708 0.0534
56837.3417 3.9356 0.0413
57433.5460 5.1603 0.0346
56835.3395 3.9146 0.0393
57547.4125 4.8206 0.0354
57492.5660 4.9291 0.0394
56715.5711 3.9542 0.0383
57191.4517 4.2861 0.0381
56741.6278 4.0093 0.0600
56712.4997 3.9313 0.0413
56778.3170 3.8103 0.0438
57220.2845 4.3570 0.0374
57157.4650 4.3329 0.0399
56807.3096 4.0268 0.0433
56780.3275 3.8873 0.0450
56811.4533 4.0702 0.0402
56841.3393 3.8436 0.0450
57508.4284 4.9836 0.0364
57216.2975 4.3593 0.0359
56783.3659 3.8798 0.0519
57185.4838 4.4359 0.0545
57166.3513 4.2829 0.0450
57078.4898 4.2329 0.0501
57105.5730 4.0128 0.0574
57104.5182 4.0353 0.0557
54620.3618 4.0846 0.0471
