53147.4525 0.7320 0.0066
56831.3363 0.7398 0.0339
57160.5054 0.7696 0.0344
56809.4772 0.7982 0.0435
57191.4517 0.7899 0.0333
57547.4125 0.6965 0.0278
56835.3395 0.7272 0.0345
57213.3079 0.7702 0.0275
57216.2975 0.7678 0.0299
56798.4421 0.6970 0.0410
56712.4999 0.7470 0.0444
57157.4651 0.8956 0.0429
57134.4905 0.8196 0.0389
56841.3394 0.6886 0.0497
56811.4532 0.6855 0.0386
56744.5357 0.7349 0.0452
57420.5702 0.6721 0.0424
56837.3423 0.6827 0.0403
56833.3487 0.7949 0.0453
57223.3831 0.8551 0.0351
56805.4308 0.8104 0.0458
57220.2843 0.8246 0.0345
56780.3274 0.7417 0.0451
56783.3657 0.6771 0.0542
56776.4794 0.7460 0.0411
56723.5092 0.6801 0.0463
56781.3686 0.8396 0.0551
56722.4674 0.8481 0.0504
56751.3640 0.7148 0.0465
57123.5708 0.7999 0.0476
56807.3106 0.7121 0.0523
57185.4833 0.7312 0.0517
56839.3341 0.6888 0.0568
56715.5705 0.7246 0.0529
57542.3781 0.7212 0.0376
57078.4898 0.7719 0.0427
57508.4294 0.7098 0.0413
56778.3170 0.7228 0.0568
57166.3513 0.6472 0.0447
57433.5455 0.6906 0.0386
56772.5602 0.7346 0.0747
57520.3328 0.6977 0.0565
56803.4880 0.7019 0.0730
57104.5182 0.6887 0.0464
56741.6273 0.7253 0.0738
57492.5656 0.6964 0.0524
56801.3649 0.6709 0.0675
54620.3618 0.8060 0.0381
