57420.5729 4.9858 0.0267
56801.3655 4.4380 0.0359
56741.6252 4.4328 0.0502
56833.3443 4.4046 0.0339
56783.3628 4.4717 0.0447
57547.4097 4.7745 0.0308
57542.3762 4.8863 0.0304
57220.2812 4.8240 0.0327
57157.4616 4.8543 0.0340
56776.4765 4.4583 0.0364
57216.2933 4.8020 0.0319
56811.4502 4.5301 0.0351
56831.3332 4.3130 0.0339
57508.4254 4.9232 0.0320
56723.5066 4.6851 0.0379
56715.5680 4.6936 0.0341
56837.3386 4.3937 0.0363
56841.3356 4.3714 0.0398
56809.4739 4.4087 0.0394
57479.5630 5.0180 0.0346
56839.3306 4.2761 0.0383
56805.4275 4.3986 0.0373
56722.4654 4.6348 0.0358
56807.3065 4.3809 0.0371
56835.3362 4.3958 0.0345
56772.5552 4.3501 0.0423
57223.3800 4.8243 0.0321
57492.5628 4.9836 0.0328
57520.3300 4.8820 0.0347
57213.3047 4.9002 0.0295
56744.5328 4.5126 0.0383
57134.4871 4.8918 0.0337
57433.5426 5.0046 0.0302
56780.3242 4.4475 0.0390
56798.4392 4.5030 0.0353
56781.3661 4.4717 0.0411
57191.4482 4.8412 0.0321
56751.3604 4.5049 0.0378
56712.4967 4.7623 0.0367
56778.3139 4.4763 0.0388
57160.4787 4.9433 0.0368
56803.4840 4.2954 0.0490
57166.3467 5.0315 0.0442
57123.5653 5.1194 0.0560
57185.4814 4.8679 0.0453
57078.4864 4.9622 0.0387
57104.5101 4.9348 0.0395
57105.5716 4.8901 0.0497
57567.3097 4.7020 0.1074
54620.3618 3.5640 0.0457
