57420.5729 1.6594 0.0242
56801.3655 2.2005 0.0336
56833.3443 1.9987 0.0304
56783.3628 2.0129 0.0428
57547.4097 1.6034 0.0258
57542.3762 1.7044 0.0253
57220.2812 1.8524 0.0282
57157.4616 1.7294 0.0300
56776.4765 2.0539 0.0330
57216.2933 1.8245 0.0272
56811.4502 2.3542 0.0318
56831.3332 1.9049 0.0301
57508.4254 1.6464 0.0270
56741.6227 2.1068 0.0478
56723.5066 2.3024 0.0347
56715.5680 2.3990 0.0307
56837.3386 1.9327 0.0328
56841.3356 1.9453 0.0373
56809.4739 2.2620 0.0363
57479.5630 1.7581 0.0312
56839.3306 1.8661 0.0351
56805.4275 2.2935 0.0343
56722.4654 2.2833 0.0325
56807.3065 2.3263 0.0338
57492.5628 1.6111 0.0281
56772.5552 2.0872 0.0401
57223.3800 1.9679 0.0281
57520.3300 1.9138 0.0316
57213.3047 1.8776 0.0250
56744.5328 2.1198 0.0351
56835.3362 1.8816 0.0307
57134.4871 1.7027 0.0300
57433.5426 1.6798 0.0249
56780.3242 2.0560 0.0359
56798.4392 2.1979 0.0321
56781.3661 2.0349 0.0382
57191.4482 1.8331 0.0283
56751.3604 1.9505 0.0344
56712.4967 2.4641 0.0335
56778.3139 2.1264 0.0356
57160.4787 1.7241 0.0322
53147.4525 1.5799 0.0070
56803.4840 2.2650 0.0470
57166.3467 1.6057 0.0395
57185.4814 1.6884 0.0412
57078.4859 2.0224 0.0377
57123.5667 1.7283 0.0547
57104.5101 1.8880 0.0335
57105.5716 1.7430 0.0427
57567.3097 1.1718 0.0926
54620.3618 2.6550 0.0438
