57479.5240 25.5023 0.0377
56715.5070 14.6495 0.0405
56803.4089 14.0974 0.0416
52698.6084 20.0559 0.0172
56801.3363 14.2358 0.0440
57420.5453 22.7419 0.0462
56811.4244 14.0906 0.0399
56809.4471 13.9624 0.0435
56805.4011 14.1045 0.0412
56807.2809 13.9745 0.0434
56743.5101 14.3052 0.0470
56723.4813 14.0139 0.0429
56712.4718 14.9416 0.0463
56721.5907 14.1075 0.0512
57567.2896 24.2331 0.0517
56741.5899 13.7986 0.0601
56781.3397 14.1693 0.0569
56751.3336 14.9449 0.0551
56776.4499 14.4555 0.0493
56798.4117 14.6566 0.0463
56778.2875 14.3075 0.0526
56837.3096 14.9882 0.0488
57520.3008 23.4769 0.0588
57542.3509 24.0768 0.0496
57460.4734 25.8364 0.0548
56833.3155 15.0799 0.0479
57508.3994 24.4464 0.0515
56780.2967 14.1031 0.0540
56835.3093 14.9796 0.0474
56831.3066 15.0905 0.0481
56744.5344 14.5251 0.0491
56783.3308 14.0792 0.0563
56841.3074 14.7124 0.0526
57492.5332 23.7786 0.0549
56839.3033 14.8518 0.0504
57459.5373 25.4125 0.0547
56772.5257 14.6129 0.0555
56722.4401 13.9950 0.0505
52815.2953 20.2889 0.0139
57433.5183 25.0342 0.0540
57216.2664 17.0228 0.0535
56829.3208 15.2249 0.0675
56800.5027 14.2538 0.0864
57213.2777 16.9087 0.0497
57194.3999 16.3462 0.0519
57133.4106 15.7487 0.0479
57220.2508 17.1981 0.0954
57223.3531 17.2976 0.0534
57157.4336 15.8242 0.0517
57160.3564 16.1484 0.0495
57547.3854 23.9592 0.0549
57419.5251 23.2871 0.0851
57191.4184 16.3865 0.0664
57134.4666 15.7380 0.0827
57156.4565 15.5837 0.0820
57185.4502 16.1069 0.0804
57104.4484 15.3249 0.0703
57123.5278 15.2568 0.1059
57155.3464 16.6333 0.2720
57078.4252 14.6738 0.0470
56711.5225 14.9899 0.1038
57195.3988 16.1343 0.0818
57166.3176 16.3134 0.1278
57105.5577 14.3324 0.1095
54620.3656 17.4459 0.0781
53770.6182 18.1320 0.0424
