52730.5767 48.5052 0.0642
53847.5741 47.7753 0.0371
53462.4936 49.1761 0.0570
53911.3303 40.1597 0.0286
53851.4269 43.2111 0.0354
53586.2942 49.2914 0.0264
57420.5763 50.3541 0.0594
53524.3013 49.2161 0.0242
53853.4435 49.4298 0.0348
53583.3046 44.0229 0.0252
54186.5136 49.2095 0.0338
56801.3688 49.8163 0.0816
54561.4254 41.6064 0.0254
53146.4901 48.8138 0.0287
53553.4142 40.1912 0.0272
53578.3431 46.7238 0.0339
54624.3840 49.3859 0.0303
53799.4817 49.4032 0.0400
53939.3067 47.9722 0.0296
52813.3474 47.5162 0.0335
53943.3027 40.6708 0.0282
54531.5775 49.3352 0.0283
53466.6150 49.2151 0.0307
52817.2982 49.0347 0.0325
53505.3892 48.7235 0.0333
53495.4394 39.5199 0.0268
52815.2953 49.9578 0.0197
54176.5642 46.2072 0.0284
53117.4850 30.7474 0.0230
56833.3478 49.5105 0.0859
54262.4016 49.1558 0.0305
56723.5097 49.5390 0.0920
54153.5968 37.2586 0.0303
56831.3363 49.6435 0.0883
56798.4422 49.2546 0.0877
53769.6106 49.2185 0.0336
54144.5888 49.4571 0.0331
57123.5698 49.3312 0.0857
53936.3066 49.3316 0.0337
56809.4772 48.9262 0.0986
54113.6628 48.5886 0.0334
57547.4125 51.1344 0.0829
54179.5211 49.3268 0.0321
56741.6278 49.1663 0.1004
53109.5768 48.1080 0.0367
53531.3614 41.1835 0.0300
57213.3079 49.4177 0.0773
56807.3096 49.8048 0.0958
56780.3275 49.7992 0.0921
54557.5455 46.5600 0.0314
54234.4877 49.3132 0.0324
53859.3669 49.3823 0.0339
56778.3170 49.6406 0.0925
56776.4795 49.5304 0.0897
53138.4605 39.1619 0.0296
53121.5132 48.6468 0.0315
54151.6519 48.8209 0.0350
57223.3832 49.1129 0.0810
57134.4907 49.4596 0.0820
54183.5055 49.4304 0.0334
53195.3466 49.1067 0.0316
56751.3634 49.4509 0.0909
56805.4306 49.4557 0.0907
53175.3845 45.4209 0.0314
53883.3893 49.4961 0.0340
53446.5323 49.4281 0.0320
53200.2659 49.3030 0.0317
54618.4155 48.1090 0.0311
57433.5460 51.4477 0.0814
56835.3395 49.3774 0.0886
56841.3393 49.4666 0.0892
53411.6236 43.6009 0.0303
53551.3290 49.2496 0.0314
54563.4942 39.6612 0.0299
52722.5974 43.3073 0.0423
53149.3322 48.9142 0.0304
53855.4161 49.1897 0.0325
57216.2975 49.4577 0.0830
54614.3940 37.3816 0.0293
56744.5358 49.6822 0.0932
54588.5538 38.5947 0.0332
56772.5585 49.4728 0.0928
52790.4020 40.9042 0.0597
53083.6063 48.5085 0.0330
56722.4684 49.7402 0.0887
53178.3751 48.9209 0.0315
53906.3684 49.0892 0.0365
57542.3791 51.1294 0.0811
53390.6489 49.0218 0.0323
53916.3248 49.4849 0.0371
54538.5787 38.0784 0.0314
54528.5237 49.7271 0.0297
54209.4905 37.1802 0.0293
56715.5711 49.6257 0.0870
56781.3691 49.8797 0.0976
56712.4997 49.5133 0.0889
57220.2845 49.1841 0.0836
53743.6323 49.4386 0.0318
54594.4526 37.2990 0.0283
53165.4100 48.6918 0.0310
53500.3174 45.2028 0.0304
53527.3526 49.2644 0.0314
57492.5660 51.0448 0.0853
57520.3333 51.1523 0.0789
54229.4787 41.0622 0.0354
54511.5823 49.5703 0.0295
54201.4529 49.2156 0.0331
53888.4064 49.4036 0.0334
53518.4479 48.9553 0.0413
57479.5663 50.9659 0.0789
54205.4874 47.5485 0.0336
56803.4885 49.3910 0.0994
54570.4308 49.7774 0.0397
56837.3417 49.4133 0.0896
54621.4075 37.9609 0.0290
54255.3336 49.7094 0.0344
57191.4517 48.9115 0.0817
53892.3770 49.9188 0.0384
57157.4650 49.3190 0.0835
57160.5054 49.2138 0.0826
56811.4533 49.2919 0.0883
56839.3341 49.6874 0.0943
57508.4284 51.5110 0.0826
56783.3659 49.6184 0.0946
54117.6461 49.1578 0.0372
54591.3884 49.4515 0.0358
53473.5900 49.2377 0.0391
54266.2944 49.3491 0.0371
53523.4186 48.9824 0.0449
54600.4480 49.5580 0.0496
52791.4522 34.0014 0.0408
57166.3513 49.4943 0.0901
54597.4530 49.4436 0.0366
54535.5098 49.5135 0.0364
53502.3901 49.1170 0.0373
53469.5210 49.2476 0.0377
54620.3589 48.9907 0.0713
53766.6192 49.1165 0.0384
57185.4838 49.0155 0.1044
53875.3616 49.3988 0.0381
54124.6309 49.2357 0.0372
54259.3150 49.2657 0.0369
53879.3105 49.3602 0.0390
54213.5743 49.2175 0.0427
52721.6225 21.0379 0.0462
52792.4183 48.9002 0.0510
53772.6286 49.1054 0.0396
54120.6630 49.0309 0.0400
54524.5287 49.3890 0.0406
57105.5730 49.5416 0.1278
52710.6258 48.3056 0.0537
53563.3376 48.6853 0.0560
57078.4898 49.1802 0.1117
53463.5717 48.9732 0.0801
57104.5182 49.4748 0.1323
53198.3064 48.9666 0.1480
