57420.5625 49.8489 0.0592
56833.3397 49.1756 0.0740
53472.5316 49.5372 0.0216
56712.4876 48.9968 0.0903
56783.3499 49.2634 0.0951
56715.5589 49.2149 0.0884
57157.4515 49.6359 0.0827
56722.4562 49.2420 0.0899
56809.4644 49.1289 0.0960
56839.3207 49.1402 0.0927
56841.3254 49.2054 0.0917
56781.3570 49.3231 0.0943
56835.3266 49.2248 0.0891
56811.4410 49.0264 0.0894
57492.5529 51.3952 0.0829
56751.3512 48.9179 0.0927
57133.6087 49.1008 0.0909
57213.2951 49.6526 0.0782
56780.3146 48.9510 0.0919
57160.3736 49.5735 0.0786
57123.5514 49.5110 0.0836
56772.5452 49.0567 0.0935
57191.4374 49.3623 0.0850
56805.4182 49.0538 0.0933
56744.5234 49.4138 0.0905
57223.3703 49.3796 0.0815
57547.4010 51.2299 0.0835
57220.2711 49.3661 0.0834
56741.6082 48.6499 0.0980
56803.4723 48.9640 0.0943
57508.4165 50.9117 0.0849
56831.3240 49.2107 0.0893
57134.4821 49.5566 0.0924
56807.2972 49.3214 0.0935
57433.5341 51.2136 0.0822
56778.3048 49.0269 0.0925
56798.4301 49.3996 0.0870
56837.3290 48.9968 0.0909
56801.3529 48.9905 0.0910
57567.3029 50.9703 0.0899
56776.4673 49.0188 0.0913
57542.3673 51.5270 0.0823
57216.2834 49.2853 0.0833
57479.5533 51.2992 0.0803
57520.3201 51.0842 0.0803
56723.4975 48.9273 0.0922
57078.4761 50.0118 0.0997
57166.3371 49.2346 0.0882
53474.4540 49.8482 0.0323
57185.4701 49.5122 0.1177
57104.4732 51.6685 0.1766
