57420.5540 68.5094 0.0672
56743.5233 67.3299 0.0855
56803.4428 66.6906 0.0925
53475.5639 65.1776 0.0225
56741.6039 67.5798 0.1061
57216.2749 68.3904 0.0950
57220.2624 67.9773 0.0940
56801.3447 67.7185 0.1027
57133.5964 67.6065 0.0969
56722.4472 67.7180 0.1015
57547.3932 70.3207 0.0960
56723.4894 67.8862 0.1040
57194.4085 68.3500 0.0917
57433.5265 70.2553 0.0937
56798.4214 68.2538 0.0986
57223.3617 68.2421 0.0928
56751.3430 67.8396 0.1050
56783.3403 67.9753 0.1066
56772.5360 67.7147 0.1015
57185.4684 68.2111 0.1052
57160.3650 68.6408 0.0894
56841.3171 67.6819 0.1027
57542.3595 70.6322 0.0950
57157.4427 68.5704 0.0934
56712.4795 68.0914 0.1030
57459.5467 70.2935 0.0992
57520.3112 69.9177 0.0905
56811.4327 67.8301 0.1001
57567.2949 70.0589 0.1010
56715.5507 67.9885 0.1011
56839.3125 68.1912 0.1071
56780.3062 67.4521 0.1064
57479.5453 69.9991 0.1025
56805.4093 68.0884 0.1039
56835.3184 67.9608 0.1007
56744.5528 67.9254 0.1052
57508.4085 69.9491 0.0939
56781.3489 67.8804 0.1060
56776.4591 67.8265 0.1012
56837.3204 67.7545 0.1017
57078.4502 62.3809 0.0983
57213.2865 68.4573 0.0886
56831.3158 67.7776 0.1015
56778.2967 67.4349 0.1049
56833.3247 67.6770 0.0994
56807.2890 67.9452 0.1068
57492.5435 71.4491 0.1020
56809.4559 68.0600 0.1182
57134.4710 68.2909 0.1109
53884.4341 67.7571 0.0333
57195.4028 68.4699 0.1453
53883.4566 62.7909 0.0328
57123.5397 67.8984 0.2275
57104.4634 68.1700 0.1908
57191.4276 68.9811 0.1630
53467.5113 65.2576 0.0491
57105.5621 68.5521 0.2019
57166.3288 68.0237 0.1783
