56743.5069 52.9279 0.0598
57420.5533 55.0485 0.0535
52698.6084 54.7520 0.0249
57508.4183 56.3424 0.0659
57542.3692 56.3916 0.0646
57520.3222 56.2042 0.0613
57479.5560 56.3466 0.0615
57547.4029 56.4064 0.0656
57433.5366 56.3374 0.0635
57492.5565 56.4148 0.0738
57567.2958 55.8176 0.0916
57213.2884 43.7448 0.0720
52816.2955 51.9318 0.0216
56781.3448 54.0447 0.1014
56776.4550 53.9843 0.0968
56780.3019 53.1593 0.0987
56803.4007 53.7265 0.1009
56831.3117 54.0103 0.0940
56778.2926 53.2961 0.0989
56835.3144 53.9046 0.0930
56712.4754 53.5513 0.0957
56723.4853 53.4816 0.0955
56833.3206 54.0150 0.0935
56811.4286 53.8903 0.0922
57459.5423 55.9909 0.0910
56805.4052 54.1430 0.0964
56744.5487 53.7795 0.0978
56741.5892 53.2434 0.1021
57133.4154 54.2905 0.0843
57160.3607 54.7900 0.0829
57194.4042 54.5775 0.0850
56715.5467 53.9490 0.0947
57157.4382 54.3557 0.0892
56841.3128 54.1441 0.0959
57216.2706 54.1276 0.0871
57223.3574 54.3560 0.0861
56751.3388 53.5345 0.0979
56837.3164 53.9852 0.0946
56722.4431 53.6041 0.0962
57078.4375 53.6192 0.0850
57220.2575 54.2232 0.0813
56772.5313 53.7039 0.0969
56801.3407 53.8670 0.0971
56809.4513 54.3071 0.0986
56783.3361 53.7482 0.0985
56798.4174 54.0742 0.0910
56807.2850 53.8359 0.0983
56839.3084 53.9078 0.0970
57185.4561 54.4422 0.1056
57123.5460 44.5208 0.1589
57134.4769 39.4592 0.1323
57191.4231 54.6416 0.1052
57460.4772 55.5393 0.1815
57195.4008 54.1588 0.1328
57166.3209 54.4410 0.1432
57105.5603 54.3547 0.1327
56721.5940 52.9866 0.2396
57419.5304 54.6840 0.1910
54620.3656 54.0715 0.1268
57104.4590 54.7184 0.1765
53770.6182 53.8735 0.0666
