57479.5240 53.4023 0.0503
56715.4984 52.4131 0.0720
57420.5453 52.2808 0.0623
56803.4112 51.9307 0.0731
56743.5101 51.9745 0.0744
56741.5899 51.7747 0.0861
57567.2896 52.9469 0.0714
56723.4803 52.3113 0.0804
56781.3397 51.8793 0.0848
56809.4460 51.8160 0.0807
56721.5901 52.1710 0.0843
56798.4117 52.1722 0.0743
56778.2875 51.9712 0.0818
56805.4000 52.0848 0.0766
56837.3096 51.9678 0.0771
57520.3008 53.4033 0.0766
57542.3509 53.4951 0.0700
56776.4499 52.1051 0.0782
57460.4734 53.5091 0.0745
56833.3155 51.9861 0.0759
57508.3994 53.0799 0.0712
56780.2967 52.0723 0.0822
56835.3093 52.1082 0.0760
56831.3066 52.1292 0.0768
56744.5344 52.0381 0.0773
56751.3336 52.1286 0.0833
56811.4234 52.0944 0.0756
56783.3308 52.1568 0.0820
56841.3074 52.4247 0.0790
57492.5332 52.9551 0.0763
56801.3352 52.1068 0.0801
56839.3033 52.0196 0.0786
57459.5373 53.3236 0.0746
56772.5257 51.6892 0.0824
56807.2799 51.8521 0.0821
53496.3516 53.2103 0.0198
56712.4708 52.3258 0.0867
57433.5183 53.3493 0.0749
57216.2664 51.8370 0.0832
57160.3564 52.0608 0.0790
56829.3208 52.3452 0.1055
56800.5027 51.6446 0.1265
57213.2777 51.7462 0.0782
57194.3999 51.8833 0.0818
57133.4106 52.0531 0.0761
57220.2508 51.5074 0.1136
57223.3531 51.5906 0.0820
57157.4336 51.8784 0.0804
56722.4392 52.2382 0.1042
57547.3854 53.4473 0.0777
57419.5251 52.3744 0.1098
57191.4184 52.0155 0.1032
52793.2667 51.3193 0.0621
57123.5278 51.7376 0.1471
57104.4484 51.4626 0.1129
57156.4565 52.0419 0.1245
57134.4666 52.2563 0.1298
56711.5225 51.9747 0.1532
57155.3464 50.6291 0.3341
57195.3988 51.7973 0.1290
57185.4502 51.7893 0.1228
57078.4234 51.9767 0.0988
57166.3176 51.6108 0.1886
53388.6169 51.6324 0.0492
57105.5577 52.2795 0.1809
