57420.5763 65.6369 0.0656
52730.5987 69.0963 0.0638
56801.3688 66.7620 0.0913
53122.4995 68.2392 0.0219
56833.3478 67.5975 0.0974
53147.4525 69.8223 0.0224
56744.5358 67.5576 0.1049
56776.4795 67.8681 0.1018
56772.5585 67.0090 0.1032
56723.5097 66.8065 0.1033
56781.3691 67.3618 0.1091
56831.3363 68.0046 0.1007
57213.3079 68.9774 0.0892
57223.3832 69.2035 0.0935
57134.4907 69.0882 0.0934
56798.4422 68.0781 0.0998
56722.4684 67.1758 0.0999
56839.3341 67.0970 0.1060
57160.5054 68.9063 0.0946
56751.3634 67.5511 0.1023
56805.4306 67.4972 0.1028
57520.3333 46.4666 0.0755
57542.3791 71.9021 0.0948
57123.5698 68.8355 0.0944
56809.4772 67.7696 0.1119
57479.5663 71.7514 0.0906
56803.4885 66.6910 0.1107
56837.3417 67.8056 0.1019
57433.5460 71.1389 0.0939
56835.3395 67.7286 0.1009
57547.4125 72.3014 0.0971
57492.5660 71.5752 0.0984
56715.5711 67.3992 0.0985
57191.4517 69.3619 0.0946
56741.6278 66.6270 0.1099
56712.4997 67.1092 0.1003
56778.3170 67.1793 0.1041
57220.2845 68.4500 0.0960
57157.4650 68.7749 0.0954
56807.3096 66.6818 0.1079
56780.3275 66.9051 0.1032
56811.4533 67.3150 0.1003
56841.3393 67.4016 0.1000
57508.4284 71.5224 0.0957
57216.2975 68.5817 0.0955
56783.3659 67.4670 0.1050
57185.4838 68.6110 0.1187
57166.3513 68.7537 0.1021
57078.4898 68.5034 0.1290
57105.5730 69.0505 0.1469
57104.5182 69.0671 0.1528
54620.3618 68.8921 0.1365
