57420.5648 51.0052 0.0585
52813.3181 49.9647 0.0208
57191.4456 49.7851 0.0759
56833.3407 50.7111 0.0847
57134.4846 48.9378 0.0770
56751.3553 50.9202 0.0940
52814.3124 48.8824 0.0227
56831.3281 50.7416 0.0903
56744.5276 50.8931 0.0936
57520.3246 51.8634 0.0789
56805.4223 51.0883 0.0950
56723.5016 50.9751 0.0931
57123.5575 49.6868 0.0852
57542.3711 51.9680 0.0817
57160.3779 49.7401 0.0788
57157.4560 49.9634 0.0842
56776.4714 50.6674 0.0908
56798.4341 51.0350 0.0888
56835.3306 50.7259 0.0906
56803.4771 50.9051 0.1002
56837.3334 50.8919 0.0923
57492.5572 51.6141 0.0860
56809.4686 50.9962 0.0966
56839.3248 50.9395 0.0953
57216.2878 49.9805 0.0851
56778.3088 50.6830 0.0936
57479.5576 51.9302 0.0797
56801.3570 51.0003 0.0921
56780.3187 50.6743 0.0935
57433.5379 51.8724 0.0816
57223.3746 49.8004 0.0821
56715.5630 50.8290 0.0899
53496.3516 49.9555 0.0215
56781.3610 51.0109 0.0977
57220.2754 50.1217 0.0847
56811.4451 50.9089 0.0907
56722.4603 50.9726 0.0911
57508.4204 51.9119 0.0845
56807.3013 51.1180 0.0932
56841.3295 50.8041 0.0936
57567.3072 52.4904 0.0895
56712.4916 50.8362 0.0921
57547.4049 51.8950 0.0832
56772.5497 50.9263 0.0942
57104.4873 48.8204 0.0996
57213.2988 49.8253 0.0950
56783.3564 50.4164 0.1195
52793.2667 49.2676 0.0612
53474.4540 43.9137 0.0303
56829.3180 50.3919 0.1226
57166.3406 49.9584 0.1301
56741.6130 50.7831 0.1808
57185.4755 49.6066 0.0904
57078.4806 49.5921 0.1128
56865.2991 49.7860 0.1292
57105.5696 49.4547 0.1795
53388.6169 48.2076 0.0478
53472.5382 48.3908 0.0481
53941.3114 0.6989 0.0345
53770.6220 49.9806 0.0671
54620.3581 49.8963 0.1202
