57420.5625 55.6543 0.0655
56833.3397 54.8276 0.0818
53496.3516 55.9788 0.0207
56712.4876 53.8720 0.0990
56783.3499 54.1071 0.1030
56715.5589 54.0950 0.0972
57157.4515 55.3854 0.0914
56722.4562 54.1011 0.0986
56809.4644 54.7331 0.1063
56839.3207 54.0408 0.1016
56841.3254 54.2291 0.0997
56781.3570 54.0775 0.1027
56835.3266 54.3016 0.0983
56811.4410 54.7639 0.0994
57492.5529 56.2899 0.0917
56751.3512 53.7951 0.1013
56837.3290 54.2253 0.1002
57133.6087 54.7397 0.0991
57213.2951 55.9307 0.0876
56780.3146 53.6447 0.1003
57160.3736 56.0354 0.0879
57123.5514 55.3082 0.0895
56772.5452 54.2327 0.1012
57191.4374 55.4558 0.0940
56805.4182 54.3101 0.1028
56744.5234 54.1467 0.0989
57223.3703 56.1184 0.0913
57547.4010 57.0432 0.0929
57220.2711 55.3663 0.0930
56741.6082 53.0108 0.1046
56803.4723 54.2751 0.1033
57508.4165 56.8310 0.0945
56831.3240 54.6006 0.0988
57134.4821 55.4313 0.1013
56807.2972 54.4398 0.1036
57433.5341 57.4857 0.0920
56778.3048 54.2262 0.1018
56798.4301 54.6507 0.0962
56801.3529 54.4156 0.1005
57567.3029 56.8350 0.1002
56776.4673 54.4330 0.1008
57542.3673 57.6119 0.0917
57216.2834 55.2661 0.0931
57479.5533 57.4310 0.0887
57520.3201 57.2127 0.0885
56723.4975 54.0201 0.1012
52793.2667 53.5842 0.0647
57078.4761 55.2132 0.1103
57166.3371 55.7390 0.0973
53388.6201 53.4323 0.0378
57185.4701 55.3988 0.1291
57104.4732 55.6240 0.1920
