56743.5069 50.2944 0.0579
57420.5495 53.1283 0.0631
57567.2958 54.1902 0.0904
56781.3448 51.3564 0.0978
57508.4044 54.6735 0.0893
56776.4550 52.2636 0.0942
56780.3019 50.6859 0.0954
56803.4007 51.1081 0.0976
56831.3117 51.6882 0.0912
56778.2926 51.1072 0.0958
56835.3144 51.3965 0.0900
57542.3556 55.1913 0.0879
57547.3894 54.9346 0.0876
56741.5892 50.4257 0.0984
56805.4052 51.4411 0.0931
57433.5227 55.3857 0.0850
56839.3084 51.0168 0.0936
57459.5423 55.1782 0.0903
57160.3607 53.2648 0.0812
56712.4754 50.8985 0.0924
57133.4154 52.6834 0.0822
57194.4042 52.9454 0.0831
56715.5467 51.3704 0.0915
57157.4382 52.5047 0.0872
56744.5487 51.1467 0.0945
56841.3128 51.7103 0.0928
57216.2706 52.7423 0.0855
57223.3574 53.1756 0.0846
56751.3388 50.8562 0.0945
56837.3164 51.2507 0.0913
56833.3206 51.5137 0.0906
57479.5414 36.6748 0.0717
57213.2820 52.7768 0.0800
56722.4431 50.9318 0.0928
57078.4375 52.8189 0.0840
57220.2575 52.5195 0.0795
56772.5313 51.2514 0.0934
56801.3407 51.1684 0.0939
57520.3067 55.0364 0.0827
56809.4513 51.5049 0.0953
56783.3361 51.3876 0.0951
56723.4853 51.0425 0.0924
56798.4174 51.5412 0.0881
56807.2850 50.9217 0.0950
56811.4286 51.5545 0.0895
57185.4561 52.4589 0.1030
57492.5382 55.5978 0.1119
57191.4231 52.7260 0.1027
52816.2955 51.1064 0.0274
57460.4772 52.3913 0.1788
57166.3209 52.8112 0.1401
57123.5324 52.4661 0.1213
57195.4008 53.0556 0.1304
57105.5603 53.0056 0.1299
57134.4685 51.0942 0.1343
56721.5940 50.8255 0.2329
57419.5304 53.3169 0.1876
57104.4590 53.4983 0.1729
