57420.5763 65.5186 0.0655
56801.3688 62.5226 0.0887
56833.3478 63.2837 0.0946
53147.4525 65.6448 0.0218
56744.5358 63.3871 0.1021
56776.4795 63.6741 0.0990
56772.5585 63.4187 0.1010
56723.5097 63.1751 0.1008
56781.3691 63.1104 0.1061
57123.5698 64.4941 0.0923
56831.3363 63.6309 0.0977
57213.3079 64.5550 0.0866
57223.3832 64.8041 0.0908
57134.4907 64.5740 0.0908
56798.4422 63.6116 0.0969
56722.4684 63.1512 0.0972
56839.3341 63.0603 0.1032
57160.5054 64.6029 0.0920
56751.3634 63.1007 0.0993
56805.4306 63.4783 0.1001
57520.3333 66.7259 0.0879
57542.3791 67.3852 0.0920
56809.4772 63.6189 0.1090
57479.5663 67.1980 0.0881
56803.4885 62.6933 0.1080
56837.3417 63.3354 0.0989
57433.5460 66.8664 0.0912
56835.3395 63.4218 0.0980
57547.4125 67.1643 0.0938
57492.5660 66.9961 0.0955
56715.5711 63.3997 0.0959
57191.4517 64.8970 0.0918
56741.6278 62.6890 0.1075
56712.4997 62.8657 0.0974
56778.3170 62.9838 0.1012
57220.2845 64.7909 0.0937
57157.4650 64.4131 0.0927
56807.3096 62.9343 0.1051
56780.3275 62.5294 0.1002
56811.4533 63.3496 0.0976
56841.3393 63.0517 0.0972
57508.4284 66.7552 0.0927
57216.2975 64.3007 0.0928
56783.3659 63.3003 0.1024
57185.4838 64.2791 0.1155
57166.3513 64.6058 0.0996
57078.4898 64.2566 0.1253
57105.5730 64.2716 0.1423
57104.5182 64.4177 0.1480
54620.3618 64.8694 0.1327
