56743.5233 77.6219 0.0920
56803.4428 76.3879 0.0999
56741.6039 77.3831 0.1145
57220.2624 63.1111 0.0929
56801.3447 78.1748 0.1108
57133.5964 76.8210 0.1034
56722.4472 78.8935 0.1101
56841.3171 78.0080 0.1106
56723.4894 78.6502 0.1126
57223.3617 77.5961 0.0993
56751.3430 78.3571 0.1134
56837.3204 78.0126 0.1096
57567.2949 81.0040 0.1083
57185.4684 77.5536 0.1122
57542.3595 75.1838 0.0981
57157.4427 78.1685 0.0999
56712.4795 78.8542 0.1114
57459.5467 61.0176 0.0936
57216.2749 53.3024 0.0856
57547.3932 80.5652 0.1025
56811.4327 77.9592 0.1078
53472.4628 74.0208 0.0258
56715.5507 78.5844 0.1094
56839.3125 78.4166 0.1154
56835.3184 78.0170 0.1086
57420.5551 78.7775 0.1009
57479.5453 80.6094 0.1095
56805.4093 77.7447 0.1117
56744.5528 77.8735 0.1132
57194.4085 77.8794 0.0981
57078.4502 79.0518 0.1094
57213.2865 50.3620 0.0774
56831.3158 78.5280 0.1098
56833.3247 78.1825 0.1072
56807.2890 77.6266 0.1148
57492.5435 77.4419 0.1070
57160.3655 78.1396 0.1053
56809.4559 77.3678 0.1259
56776.4601 77.6945 0.1522
57134.4715 78.6772 0.1385
56778.2977 78.1676 0.1573
56798.4224 77.9614 0.1480
57508.4095 80.2268 0.1424
56780.3072 77.8302 0.1618
56781.3499 78.0266 0.1586
57195.4028 77.8838 0.1554
56772.5372 77.1449 0.1515
57433.5275 80.7087 0.1405
57520.3123 80.6283 0.1355
56783.3413 77.7542 0.1595
57104.4634 78.2342 0.2026
57191.4276 77.5186 0.1754
57123.5397 77.8768 0.2403
53474.4429 77.3302 0.0536
57105.5621 79.0138 0.2197
57166.3288 77.8250 0.1883
