57420.5625 65.1769 0.0657
56833.3397 64.6757 0.0832
53472.4934 63.2647 0.0226
56712.4876 64.5488 0.1016
56783.3499 64.8619 0.1059
56715.5589 64.5727 0.0995
57157.4515 64.7014 0.0922
56722.4562 64.8744 0.1012
56809.4644 64.3932 0.1076
56839.3207 64.5229 0.1038
56841.3254 64.4676 0.1022
56781.3570 64.8953 0.1054
56835.3266 64.9826 0.1005
56811.4410 64.2885 0.1005
57492.5529 66.5177 0.0921
56751.3512 64.8704 0.1042
56837.3290 64.5521 0.1023
57133.6087 64.0488 0.1004
57213.2951 64.9079 0.0879
56780.3146 64.9675 0.1033
57160.3736 64.8121 0.0881
57123.5514 64.5403 0.0911
56772.5452 63.8898 0.1035
57191.4374 64.3242 0.0949
56805.4182 64.4252 0.1045
56744.5234 64.8003 0.1016
57223.3703 64.2652 0.0911
57547.4010 66.0561 0.0926
57220.2711 64.2865 0.0934
56741.6082 64.0740 0.1085
56803.4723 64.1456 0.1051
57508.4165 66.3748 0.0945
56831.3240 64.8538 0.1006
57134.4821 64.5140 0.1026
56807.2972 64.7907 0.1053
57433.5341 67.1241 0.0920
56778.3048 65.3107 0.1044
56801.3529 64.7803 0.1024
57567.3029 66.4038 0.1002
56776.4673 64.7464 0.1027
57542.3673 66.2995 0.0912
57216.2834 64.7682 0.0939
57479.5533 66.1729 0.0885
57520.3201 65.9197 0.0881
56723.4975 64.9368 0.1040
57078.4761 66.3294 0.1125
57166.3371 64.9153 0.0983
57185.4701 64.2792 0.1306
56798.4291 64.3367 0.1376
57104.4732 65.3162 0.1951
