57420.5648 114.7607 0.0833
53472.5316 104.4622 0.0299
57191.4456 111.9625 0.1094
56833.3407 111.2709 0.1212
57134.4846 116.0521 0.1134
56839.3248 111.5039 0.1349
56751.3553 112.1352 0.1335
56831.3281 111.3625 0.1295
56783.3558 111.8243 0.1323
57520.3246 116.2707 0.1131
56723.5016 112.0716 0.1331
56805.4223 112.1883 0.1349
57479.5576 116.1242 0.1144
57123.5575 112.9968 0.1143
57542.3711 117.0924 0.1214
57160.3779 112.8351 0.1150
57157.4560 112.5638 0.1208
56776.4714 112.0485 0.1298
56798.4341 112.0311 0.1267
56835.3306 111.5337 0.1299
56803.4771 111.0617 0.1395
56837.3334 111.3930 0.1312
57492.5572 116.5324 0.1257
56809.4686 111.4698 0.1371
56741.6140 111.4910 0.1369
57216.2878 112.9333 0.1238
56778.3088 111.3635 0.1328
56801.3570 111.3190 0.1302
56780.3187 111.4652 0.1319
56744.5276 112.3762 0.1334
57433.5379 116.6257 0.1212
57223.3746 112.3999 0.1186
56715.5630 112.0631 0.1295
56781.3610 111.8970 0.1366
57220.2754 111.2348 0.1217
56811.4451 111.7144 0.1298
56722.4603 111.9916 0.1306
57508.4204 116.6643 0.1246
56807.3013 110.9645 0.1330
56841.3295 111.7351 0.1305
57567.3072 116.7559 0.1316
56712.4916 112.3014 0.1319
57547.4049 116.3863 0.1232
56772.5497 111.2296 0.1305
57213.2988 112.9914 0.1382
57104.4873 116.5766 0.1495
53474.4540 114.6951 0.0471
57166.3406 113.2424 0.1844
57185.4755 111.8629 0.1287
57078.4806 113.2711 0.1651
57105.5696 113.3537 0.2650
53770.6220 115.0008 0.1002
54620.3581 114.2694 0.1797
