56801.3749 48.0189 0.0552
57420.5809 48.3585 0.0588
56833.3526 47.7859 0.0731
57191.4580 47.1899 0.0700
56712.5038 47.9152 0.0878
56778.3210 47.9706 0.0921
57492.5703 49.1488 0.0839
57479.5706 49.0224 0.0777
56807.3136 48.0787 0.0894
57216.3027 47.3690 0.0823
56780.3316 47.8643 0.0907
56811.4574 47.5586 0.0875
56741.6340 47.3401 0.1005
56809.4820 47.4376 0.0924
56783.3699 47.7276 0.0947
57433.5504 49.3300 0.0801
56715.5752 48.2264 0.0863
56841.3435 47.8344 0.0905
56744.5399 48.0487 0.0919
56723.5137 47.8996 0.0897
57134.4954 47.4540 0.0793
56751.3675 47.8052 0.0899
56781.3732 47.9153 0.0936
57123.5755 47.2550 0.0840
56798.4478 47.7987 0.0903
56772.5627 47.4229 0.0937
57223.3876 47.2217 0.0794
56835.3435 47.9469 0.0874
57547.4163 49.1865 0.0820
57220.2890 47.3810 0.0790
56805.4347 47.7961 0.0909
57542.3828 49.3265 0.0797
56776.4836 47.7098 0.0872
57213.3122 47.3641 0.0756
57520.3376 49.1740 0.0776
56831.3404 47.8070 0.0868
56837.3458 47.9539 0.0896
56839.3381 47.8235 0.0950
56722.4730 48.2930 0.0906
57508.4323 49.2445 0.0820
52816.2887 45.9993 0.0263
56803.4932 47.7926 0.1260
57157.4700 47.4103 0.0892
57166.3553 47.5024 0.0962
57185.4913 47.0488 0.1112
57160.5099 47.1964 0.1128
57078.4942 47.4759 0.1145
57104.5235 47.8085 0.1686
57105.5754 47.4539 0.1799
