53462.4886 200.9833 0.0918
53847.5732 196.9676 0.0985
53911.3288 200.5840 0.0566
57479.5240 211.6774 0.0997
53851.4182 200.8658 0.0513
52730.5552 200.4642 0.1423
53853.4352 200.7332 0.0519
56715.5070 196.6470 0.1200
53586.2942 201.0548 0.0450
56803.4089 198.7333 0.1234
53524.3013 200.9044 0.0421
54186.5147 203.0161 0.0502
52698.6084 205.8598 0.0486
56741.5894 195.4076 0.1313
56831.3076 199.1730 0.1284
56835.3103 199.1297 0.1269
56811.4244 200.6977 0.1269
54531.5740 203.4519 0.0442
56839.3043 171.0987 0.1216
56801.3363 198.1820 0.1313
57420.5453 204.3094 0.1210
57567.2895 183.1580 0.1262
56807.2809 199.1854 0.1366
56833.3165 199.4436 0.1266
56809.4471 199.8061 0.1345
56841.3085 199.4874 0.1259
56723.4813 197.6161 0.1308
56780.2978 165.8908 0.1234
53466.6127 202.0592 0.0467
56805.4011 199.3763 0.1282
56837.3110 198.7738 0.1279
56743.5101 195.7220 0.1425
56778.2885 181.4181 0.1291
56781.3402 169.5854 0.1378
56721.5907 195.1047 0.1492
56712.4718 197.3215 0.1368
52710.6200 202.4618 0.0551
53583.3046 199.9763 0.0508
57520.3008 210.8393 0.1441
54570.4284 204.6485 0.0568
57492.5332 208.1922 0.1529
53799.4817 200.0722 0.0671
56776.4499 197.5007 0.1524
52817.2960 202.1976 0.1014
57542.3509 209.9302 0.1418
56744.5344 197.4352 0.1487
54262.4012 203.7444 0.0541
57508.3994 209.2439 0.1440
57459.5373 209.7455 0.1505
54209.4929 203.5745 0.0537
54624.3824 203.0347 0.0543
56772.5257 199.8959 0.1560
56783.3308 197.4616 0.1518
54176.5493 203.9519 0.0554
53505.3888 201.9832 0.0555
57460.4734 211.7614 0.1511
56798.4117 199.8646 0.1470
56751.3336 196.5057 0.1571
53769.6082 203.2727 0.0547
54561.4254 206.3665 0.0546
56722.4401 198.6381 0.1553
53146.4901 201.5942 0.0551
54151.6503 204.1256 0.0613
54153.5968 204.4414 0.0609
54117.6461 200.1945 0.0560
53390.6489 203.0036 0.0566
54524.5266 203.3305 0.0587
53553.4142 201.0908 0.0581
52790.4028 197.2956 0.1979
53578.3431 198.8450 0.0658
53411.6236 200.4900 0.0560
54213.5722 202.0399 0.0632
54614.3924 203.0441 0.0586
53936.3074 201.4377 0.0594
54255.3352 169.1244 0.0520
53200.2667 201.8260 0.0551
54621.4059 203.4389 0.0576
54266.2923 199.6603 0.0561
54557.5455 203.2309 0.0571
54234.4877 202.6973 0.0569
53859.3669 186.9919 0.0546
53518.4479 200.4215 0.0623
53473.5879 200.8134 0.0581
53121.5132 201.6186 0.0547
54179.5219 202.4340 0.0563
54563.4941 203.4006 0.0579
52813.3474 201.8800 0.0659
54588.5522 202.7625 0.0624
53175.3845 199.7489 0.0565
53883.3893 202.1985 0.0593
54183.5063 203.7410 0.0588
53551.3290 186.1704 0.0529
53939.3067 201.5174 0.0587
53875.3594 201.1285 0.0577
52792.4193 201.3849 0.0766
54600.4459 190.0376 0.0605
54201.4537 203.5675 0.0585
54535.5077 204.1357 0.0558
53446.5324 201.0250 0.0557
53943.3027 200.7670 0.0604
54259.3128 194.0064 0.0549
53138.4614 202.4873 0.0566
54144.5888 204.5468 0.0584
53109.5778 197.6251 0.0617
53469.5188 201.7807 0.0566
53178.3751 201.8387 0.0550
53149.3330 172.6469 0.0484
53906.3684 201.7417 0.0642
52722.5967 198.9854 0.0679
53531.3615 201.8300 0.0567
53916.3248 201.6783 0.0631
53117.4850 201.7378 0.0549
53766.6170 201.6026 0.0584
53495.4394 200.9165 0.0571
52815.2953 165.0101 0.0341
53855.4161 199.8417 0.0567
54124.6309 204.1762 0.0572
54511.5807 192.7177 0.0512
54205.4858 203.1935 0.0597
54594.4526 203.4668 0.0568
53165.4100 199.9388 0.0541
54618.4140 197.6055 0.0546
53527.3526 190.1819 0.0533
54591.3863 201.2380 0.0546
53195.3465 200.2437 0.0553
54229.4787 202.6191 0.0611
54538.5772 204.3486 0.0622
54113.6612 191.3968 0.0545
53743.6336 200.5603 0.0561
53083.6071 203.7883 0.0579
53502.3879 195.0661 0.0545
54597.4509 203.5031 0.0560
53892.3770 176.9983 0.0561
54120.6630 204.1968 0.0597
53879.3083 202.4922 0.0591
53772.6264 201.7770 0.0604
53500.3158 178.9693 0.0516
53888.4064 199.9628 0.0575
54528.5221 178.2419 0.0492
52791.4573 201.3866 0.0783
57216.2664 203.0016 0.1678
52721.6238 199.3612 0.0796
57433.5183 206.1301 0.1520
57220.2508 202.5425 0.1807
57160.3564 204.0704 0.1594
57194.3999 205.2965 0.1643
53463.5851 199.4704 0.0752
57157.4336 203.1162 0.1592
57223.3531 203.9702 0.1653
56829.3208 198.7781 0.2060
56800.5027 195.3133 0.2366
57213.2777 204.4688 0.1590
57133.4106 202.9440 0.1509
57547.3854 210.3739 0.1573
53523.4194 200.9633 0.0744
57191.4184 202.8699 0.2041
54620.3602 203.5830 0.1403
57419.5251 207.4710 0.2057
53563.3393 199.4520 0.0869
57195.3988 203.8045 0.2576
57185.4502 201.4354 0.2394
57134.4666 202.4044 0.2547
57123.5278 203.3242 0.2678
57156.4565 198.3752 0.2386
57078.4252 200.5206 0.1252
56711.5225 197.1794 0.2841
57155.3464 209.7178 0.5885
57104.4484 209.5927 0.2307
53890.4800 200.2649 0.2941
53198.3064 197.8204 0.2588
54619.3119 180.9699 0.2791
57166.3176 203.3026 0.3644
57105.5577 202.9247 0.3580
53770.6182 200.8977 0.1219
