57420.5582 76.1362 0.0706
56743.5383 76.8798 0.0991
56741.6094 76.7109 0.1133
53472.4934 74.9689 0.0242
56780.3104 77.1291 0.1136
56833.3288 76.2605 0.1092
56807.2931 76.4940 0.1198
57479.5491 78.5435 0.1017
56712.4835 76.5664 0.1099
56778.3007 76.2561 0.1109
56837.3245 75.5742 0.1098
57220.2668 75.5134 0.0988
57567.2988 79.2538 0.1042
56776.4632 76.5785 0.1108
57191.4328 75.1636 0.0971
56831.3199 76.0332 0.1085
57216.2792 75.1760 0.1016
56839.3166 75.8352 0.1127
57223.3660 74.1264 0.0983
56841.3211 69.9782 0.1071
57194.4128 75.1942 0.0978
56744.5188 77.4430 0.1100
57542.3634 78.9010 0.1038
56723.4935 77.1749 0.1178
56805.4134 76.0910 0.1128
57508.4126 78.9911 0.1024
57185.4654 74.6228 0.0982
56781.3529 76.2229 0.1130
57433.5303 72.0285 0.0964
56801.3488 76.3613 0.1101
57492.5483 76.1162 0.1053
57520.3156 78.6825 0.0973
56811.4368 76.1739 0.1073
56772.5406 75.4452 0.1144
56809.4595 76.2207 0.1138
56803.4668 76.5509 0.1150
56798.4255 76.1565 0.1047
56783.3458 76.4348 0.1129
56715.5548 76.9528 0.1081
57160.3693 76.2174 0.0948
57547.3970 79.0204 0.1025
57213.2908 75.8029 0.0944
56722.4512 76.8493 0.1104
56835.3225 76.6264 0.1081
56751.3471 77.2318 0.1131
57157.4471 75.4809 0.1010
57133.6028 73.4246 0.1242
57123.5441 75.4382 0.1227
57104.4669 72.9420 0.1387
57459.5499 77.6729 0.1441
57134.4738 76.1630 0.1543
57166.3310 76.2924 0.1557
54620.3631 73.4593 0.1442
