56743.5069 55.9169 0.0612
52698.6084 55.8681 0.0267
57420.5495 57.6906 0.0653
52815.2953 56.9146 0.0216
57567.2958 58.2022 0.0926
57508.4044 58.6179 0.0917
56776.4550 52.3505 0.0950
56803.4007 55.8948 0.1024
56831.3117 55.9298 0.0950
56835.3144 55.7687 0.0941
57547.3894 58.5660 0.0901
56723.4853 56.1483 0.0970
56811.4286 56.0085 0.0934
56741.5892 55.7304 0.1040
57433.5227 58.7640 0.0871
56839.3084 56.1809 0.0985
57459.5423 58.5569 0.0923
57160.3607 56.3671 0.0837
56712.4754 55.9969 0.0971
57133.4154 56.8776 0.0858
57194.4042 56.2270 0.0860
56715.5467 56.2016 0.0958
57157.4382 56.5008 0.0905
56744.5487 55.8293 0.0993
56841.3128 56.0164 0.0971
57216.2706 56.5909 0.0883
57223.3574 56.4301 0.0871
56751.3388 55.8223 0.0995
56837.3164 55.9409 0.0957
56833.3206 56.1859 0.0948
57479.5414 58.7483 0.0853
57213.2820 56.5215 0.0826
56722.4431 56.0420 0.0975
57078.4375 57.6721 0.0871
57220.2575 56.4399 0.0823
56772.5313 56.3767 0.0983
56801.3407 56.2238 0.0987
57520.3067 58.5891 0.0848
56809.4513 56.1770 0.0996
57542.3556 58.9028 0.0904
56798.4174 56.0969 0.0922
56807.2850 56.1849 0.0998
56805.4052 56.2241 0.0976
57185.4561 56.6530 0.1073
57492.5382 58.3514 0.1147
57191.4231 56.6386 0.1069
57460.4772 58.2020 0.1837
56783.3350 56.0461 0.1428
56780.3008 55.8968 0.1434
57195.4008 56.1773 0.1347
56778.2915 55.6829 0.1422
57166.3209 56.3995 0.1449
57123.5324 56.2262 0.1255
57105.5603 56.4553 0.1345
56781.3438 56.2460 0.1445
57134.4685 57.1419 0.1416
54620.3656 55.2835 0.1258
56721.5940 54.8674 0.2417
57419.5304 57.5084 0.1935
57104.4590 56.4933 0.1785
53770.6182 55.2458 0.0665
