57420.5540 46.3998 0.0614
53467.4922 45.5245 0.0188
56778.2967 45.1284 0.0947
57433.5265 47.9646 0.0847
56783.3403 45.0787 0.0968
56772.5360 45.0738 0.0917
56798.4214 37.4844 0.0818
56780.3062 44.6130 0.0960
56781.3489 45.2618 0.0959
56776.4591 45.4311 0.0912
57078.4502 44.9694 0.0928
56743.5259 44.3037 0.0918
56715.5518 45.3422 0.1282
57223.3628 46.3974 0.1189
56811.4337 45.6704 0.1287
56744.5538 45.1468 0.1344
57542.3605 48.2929 0.1246
56839.3135 45.4290 0.1368
57185.4773 46.0177 0.1463
57157.4438 45.9825 0.1211
57134.4715 46.2460 0.1174
57547.3942 47.9029 0.1225
57160.3661 46.4230 0.1136
57459.5477 47.5283 0.1288
57213.2876 46.4613 0.1130
57133.5978 46.4812 0.1304
56723.4904 45.2179 0.1300
57567.2959 47.6487 0.1266
56807.2900 45.2586 0.1390
56809.4564 45.8525 0.1370
56803.4635 45.0909 0.1343
57520.3123 48.0113 0.1175
56741.5967 44.4260 0.1374
57508.4095 47.7791 0.1221
56835.3194 45.5702 0.1279
56751.3440 45.5421 0.1348
53883.4566 44.3462 0.0281
56831.3168 45.5649 0.1294
56833.3258 45.3288 0.1254
56837.3214 45.5219 0.1305
56712.4805 45.3283 0.1304
56841.3181 45.4017 0.1317
56801.3458 45.4156 0.1310
56722.4482 45.2048 0.1296
57479.5463 47.9444 0.1323
56805.4104 45.4211 0.1327
53884.4341 46.4399 0.0282
57216.2759 46.2548 0.1213
57194.4096 46.8943 0.1177
57220.2635 46.5796 0.1202
57166.3288 46.2474 0.1622
57492.5456 46.4302 0.1340
57195.4033 46.6437 0.1857
57104.4634 46.5009 0.1713
57123.5397 46.2325 0.2091
