52730.5705 72.3496 0.0626
53462.4886 72.4120 0.0695
53847.5732 73.1614 0.0827
53911.3288 72.2924 0.0355
53851.4182 72.8944 0.0323
53853.4352 73.6489 0.0329
53586.2942 73.2011 0.0278
53524.3013 73.0698 0.0258
54186.5147 72.5677 0.0320
54531.5740 72.8976 0.0265
57420.5763 74.6596 0.0713
53466.6127 73.0744 0.0286
52710.6200 71.3010 0.0333
53583.3046 72.9509 0.0313
54570.4284 73.0208 0.0370
53799.4817 73.4585 0.0415
52817.2960 71.7380 0.0620
54262.4012 72.0884 0.0329
54209.4929 72.9050 0.0324
54624.3824 72.9521 0.0326
53505.3888 73.2755 0.0352
56801.3688 72.9303 0.0976
53769.6082 72.7821 0.0329
54561.4254 72.9295 0.0325
53146.4901 72.2556 0.0340
54535.5077 73.1715 0.0334
54151.6503 72.2705 0.0369
54153.5968 72.2436 0.0364
54229.4787 72.7408 0.0387
54117.6461 72.8341 0.0339
54213.5722 72.3444 0.0384
54524.5266 72.8053 0.0367
53553.4142 72.7975 0.0354
54144.5888 72.8350 0.0352
53578.3431 72.3707 0.0407
53411.6236 72.9768 0.0341
54511.5807 73.2508 0.0314
54614.3924 72.9971 0.0353
53936.3074 72.7967 0.0359
54255.3352 73.4991 0.0357
54600.4459 73.1461 0.0418
54621.4059 73.0285 0.0346
52790.4028 74.4189 0.1590
54266.2923 72.8039 0.0343
54557.5455 72.9253 0.0343
54234.4877 72.6254 0.0344
53859.3669 73.6847 0.0354
53121.5132 72.4373 0.0336
54591.3863 73.0076 0.0329
54179.5219 72.9890 0.0342
54563.4941 72.6222 0.0348
52813.3474 72.1558 0.0401
54588.5522 72.5265 0.0381
53175.3845 72.7957 0.0347
53883.3893 73.1495 0.0360
53200.2667 73.4590 0.0338
53109.5778 72.6203 0.0390
54183.5063 72.7660 0.0357
53551.3290 73.3095 0.0335
53939.3067 73.1460 0.0356
53875.3594 73.1500 0.0349
56833.3478 72.6943 0.1034
52792.4193 71.9651 0.0473
53446.5324 73.4340 0.0340
53943.3027 73.0318 0.0366
54259.3128 72.8611 0.0339
53138.4614 72.6021 0.0348
53469.5188 73.1286 0.0346
53178.3751 72.3973 0.0336
53149.3330 72.9412 0.0324
53906.3684 72.8844 0.0388
52722.5967 72.7935 0.0441
53390.6489 72.9054 0.0344
53531.3615 73.1605 0.0345
53916.3248 72.9154 0.0385
53117.4850 72.6859 0.0337
53766.6170 73.1658 0.0353
53495.4394 73.2201 0.0349
53083.6071 72.5610 0.0352
54528.5221 73.7463 0.0316
53473.5879 73.4141 0.0358
54176.5642 73.0662 0.0348
54124.6309 72.6821 0.0344
54205.4858 72.7835 0.0363
54594.4526 73.1347 0.0341
53165.4100 73.1511 0.0334
54618.4140 73.1883 0.0333
53527.3526 73.4303 0.0335
53122.4995 71.1311 0.0226
53772.6264 72.7906 0.0366
53195.3465 73.0860 0.0338
53743.6336 73.6079 0.0340
53888.4064 73.1611 0.0353
53518.4479 72.7993 0.0412
54538.5772 73.0494 0.0374
54113.6612 73.0983 0.0348
53855.4161 73.5098 0.0347
53502.3879 73.2198 0.0340
54597.4509 73.0978 0.0336
53892.3770 73.9525 0.0388
54120.6630 72.2863 0.0366
53879.3083 73.2390 0.0359
54201.4537 72.7353 0.0353
53500.3158 73.4936 0.0335
52791.4573 71.9452 0.0483
56831.3363 72.9361 0.1067
52721.6238 73.0211 0.0533
56798.4422 72.3921 0.1053
56723.5097 72.6628 0.1104
56809.4772 72.3937 0.1186
57547.4125 76.3933 0.1014
56807.3096 73.3232 0.1158
56780.3275 72.8422 0.1099
56778.3170 72.6025 0.1106
56776.4795 73.0249 0.1080
56781.3691 72.7442 0.1160
57123.5698 72.4632 0.0997
57213.3079 72.7797 0.0937
57223.3832 72.6227 0.0980
56751.3634 72.6833 0.1085
56805.4306 72.9231 0.1093
56803.4885 72.7306 0.1184
57433.5460 76.3396 0.0994
56835.3395 72.5728 0.1070
57216.2975 72.8410 0.1006
56744.5358 72.9270 0.1115
56772.5585 72.7434 0.1101
56722.4684 72.6632 0.1065
57492.5660 76.7176 0.1040
57542.3791 76.7131 0.0995
56715.5711 72.7645 0.1049
56712.4997 72.4394 0.1068
57220.2845 73.1495 0.1016
56841.3393 72.7249 0.1064
56839.3341 73.1912 0.1133
57520.3333 76.2552 0.0950
57134.4907 72.8584 0.0984
57479.5663 76.5050 0.0954
56837.3417 72.7710 0.1080
53463.5851 72.3826 0.0474
57191.4517 72.5649 0.0988
57157.4650 72.9373 0.1006
57160.5054 72.8386 0.0997
56811.4533 72.8459 0.1068
57508.4284 76.5940 0.1006
53523.4194 73.0230 0.0461
56783.3659 72.5301 0.1115
57166.3513 72.7761 0.1077
54620.3589 73.0097 0.0851
53563.3393 72.3428 0.0544
57185.4838 72.6485 0.1250
56741.6270 72.7027 0.1500
57105.5730 72.5544 0.1539
57078.4898 72.4941 0.1355
53890.4800 73.1617 0.1802
53198.3064 73.6921 0.1698
54619.3119 75.6760 0.1811
57104.5182 72.8394 0.1599
