57420.5625 129.0475 0.0702
57492.5551 158.1292 0.0997
57479.5555 159.2366 0.0926
57433.5360 159.4823 0.0988
57520.3223 159.1580 0.0919
57134.4845 101.0098 0.1086
57508.4185 158.8880 0.1012
57567.3051 158.3445 0.1066
57542.3692 160.2927 0.0988
57547.4029 159.0446 0.1002
57191.4433 113.2877 0.1095
57223.3727 93.9323 0.1059
57157.4549 107.8436 0.1177
57220.2736 106.3743 0.1152
57216.2869 126.0356 0.1239
57160.3769 125.0105 0.1143
53496.3516 132.3417 0.0308
56833.3407 155.8924 0.1414
57123.5562 124.8096 0.1104
56831.3281 156.0819 0.1513
56783.3558 155.3553 0.1527
56805.4223 155.4213 0.1563
56723.5016 156.5984 0.1547
56772.5497 155.2996 0.1512
56839.3248 155.5541 0.1569
56744.5276 156.5033 0.1550
56798.4341 155.7861 0.1473
56835.3306 155.7127 0.1514
56803.4771 154.6084 0.1612
56837.3334 156.1793 0.1531
56809.4686 155.1579 0.1593
56741.6140 154.8890 0.1568
56776.4714 155.8976 0.1510
56778.3088 156.7167 0.1553
56801.3570 156.0836 0.1517
56780.3187 155.8108 0.1535
56751.3553 157.0364 0.1554
56715.5630 156.0254 0.1506
56781.3610 156.0364 0.1586
56811.4451 155.6137 0.1510
56722.4603 156.7345 0.1521
56807.3013 155.7147 0.1554
56841.3295 155.7086 0.1513
56712.4916 156.4382 0.1532
57213.2988 156.2568 0.1603
57104.4873 147.3729 0.1634
52793.2667 148.9242 0.1027
57166.3391 105.4552 0.1588
57185.4743 103.7116 0.1212
57078.4806 157.4539 0.1922
57133.6062 6.2798 0.5242
57105.5696 155.5845 0.3064
53388.6169 152.9454 0.0835
53770.6220 155.3385 0.1150
54620.3581 157.5465 0.2091
