57420.5718 57.6267 0.0629
56833.3442 56.8247 0.0871
56741.6247 56.4186 0.1005
56805.4265 56.6616 0.0975
56781.3651 56.5586 0.0998
57492.5616 58.1291 0.0860
56798.4382 56.7862 0.0922
57542.3753 58.3503 0.0873
56841.3344 57.0209 0.0964
57157.4605 56.3638 0.0872
57520.3289 58.1679 0.0832
56801.3611 57.1711 0.0973
56776.4755 56.9363 0.0948
56809.4728 56.0551 0.1006
56839.3294 57.0299 0.0986
57508.4244 58.0536 0.0882
57191.4470 56.1040 0.0830
56722.4643 57.1230 0.0949
57134.4858 57.0138 0.0839
56835.3351 56.7546 0.0937
56723.5056 57.1845 0.0976
56811.4492 56.5723 0.0938
57223.3789 56.0752 0.0857
57216.2922 56.4418 0.0893
56778.3129 57.1058 0.0989
56783.3617 56.9058 0.0994
57220.2801 56.8710 0.0893
56772.5541 56.5882 0.0991
56807.3055 57.3380 0.0987
56780.3231 57.1598 0.0971
56837.3376 56.8009 0.0955
56831.3322 57.0731 0.0932
57547.4087 58.1420 0.0875
56751.3593 56.7927 0.0971
56744.5318 57.0271 0.0971
56712.4957 57.1132 0.0953
57479.5619 58.0395 0.0830
56715.5670 56.8572 0.0924
57213.3036 56.4404 0.0825
57433.5416 58.3484 0.0865
56803.4819 57.2006 0.1246
57160.4616 56.2471 0.1003
52814.3193 45.2852 0.0252
57078.4859 56.6241 0.0936
57166.3455 56.3524 0.1034
57105.5711 56.5555 0.1330
57104.5060 56.5922 0.1152
57185.4795 55.8806 0.1328
57123.5621 56.1513 0.1248
57567.3097 57.3108 0.2221
