57420.5763 125.4554 0.0866
52730.5987 122.1368 0.0830
56801.3688 119.5295 0.1173
56833.3478 120.8726 0.1266
53147.4525 120.9285 0.0285
56744.5358 120.5808 0.1355
56776.4795 119.6507 0.1311
56772.5585 122.0347 0.1331
56723.5097 120.4309 0.1344
57123.5698 122.8044 0.1172
56831.3363 121.6733 0.1312
57213.3079 123.1939 0.1162
57134.4907 123.1077 0.1204
56798.4422 121.4892 0.1290
56839.3341 121.2251 0.1378
56751.3634 120.4576 0.1323
56805.4306 121.1880 0.1336
57520.3333 127.7498 0.1164
57542.3791 127.6752 0.1235
57223.3832 123.5231 0.1212
56809.4772 120.9650 0.1446
57479.5663 127.4811 0.1161
56803.4885 120.6489 0.1430
56837.3417 121.1618 0.1322
57433.5460 127.9165 0.1232
57160.5054 123.4178 0.1225
56835.3395 121.0374 0.1314
56722.4684 120.3346 0.1300
57547.4125 128.1201 0.1263
57492.5660 127.8246 0.1278
56715.5711 120.8200 0.1286
57191.4517 123.5489 0.1224
56741.6278 120.1890 0.1389
56712.4997 120.4967 0.1305
57220.2845 123.8611 0.1258
57157.4650 122.8538 0.1234
56807.3096 120.5280 0.1409
56811.4533 120.6517 0.1306
56841.3393 120.6933 0.1286
57216.2975 123.2905 0.1248
57508.4284 127.1585 0.1243
57166.3513 123.1032 0.1319
57185.4838 123.0174 0.1527
56780.3285 120.8668 0.1896
56781.3701 120.6965 0.2029
57105.5730 122.6981 0.1905
56778.3180 120.6738 0.1911
56783.3669 121.2166 0.1899
53122.5091 119.2437 0.0462
57078.4915 123.0257 0.2077
57104.5182 122.3019 0.1982
54620.3618 122.6391 0.1778
