57420.5540 63.9126 0.0655
56743.5233 63.8284 0.0844
56803.4428 63.0874 0.0916
53472.4612 62.0666 0.0218
57220.2624 63.0859 0.0920
56801.3447 63.5376 0.1008
57133.5964 62.2403 0.0944
56722.4472 63.8872 0.0997
57547.3932 65.5410 0.0925
56723.4894 63.8334 0.1021
57194.4085 62.9519 0.0892
57433.5265 65.6699 0.0904
56798.4214 63.5437 0.0963
57223.3617 62.9901 0.0905
56751.3430 65.8297 0.1050
56783.3403 63.4736 0.1051
56741.6062 63.4379 0.1275
57078.4502 61.3455 0.0987
57185.4684 62.9588 0.1029
57160.3650 63.1505 0.0868
56841.3171 63.3912 0.1012
57542.3595 65.8037 0.0916
57157.4427 63.0342 0.0909
56712.4795 63.9516 0.1010
57459.5467 65.3170 0.0957
57216.2749 63.0178 0.0924
57520.3112 65.4038 0.0878
56811.4327 63.6030 0.0980
57567.2949 65.9080 0.0979
56715.5507 63.7945 0.0991
56839.3125 63.8018 0.1051
57479.5453 65.6367 0.0996
56805.4093 63.4155 0.1016
56835.3184 63.5727 0.0986
56744.5528 63.4778 0.1031
57508.4085 65.3543 0.0907
56781.3489 63.9657 0.1044
56776.4591 63.6574 0.0991
56837.3204 63.6668 0.0998
57213.2865 63.1153 0.0862
56780.3062 63.7677 0.1049
56831.3158 63.6814 0.0995
56778.2967 63.7131 0.1031
56833.3247 63.4293 0.0972
56807.2890 63.7267 0.1048
57492.5435 63.9208 0.0965
56809.4559 63.5731 0.1156
57134.4710 63.8262 0.1081
56772.5361 63.3753 0.1241
53884.4341 64.0380 0.0328
53883.4566 60.1945 0.0331
57195.4028 62.6259 0.1409
57104.4634 63.5267 0.1856
57191.4276 63.1277 0.1582
53474.4429 61.2717 0.0480
57105.5621 63.0339 0.1954
57166.3288 63.2545 0.1751
57123.5397 63.3780 0.2245
