57420.5582 245.1656 0.1206
56743.5383 243.1322 0.1670
56741.6094 244.6103 0.1837
53472.4934 209.6699 0.0392
56780.3104 245.4864 0.1925
56833.3288 245.0634 0.1894
56807.2931 245.0966 0.2069
57479.5491 250.0550 0.1734
56712.4835 246.8368 0.1897
56778.3007 245.9925 0.1911
56837.3245 245.5118 0.1905
57220.2668 240.6860 0.1714
57567.2988 251.7430 0.1815
56776.4632 244.7511 0.1907
57191.4328 161.2988 0.1381
56831.3199 245.6720 0.1890
57216.2792 241.1348 0.1769
56839.3166 243.7239 0.1939
57223.3660 240.4711 0.1715
56841.3211 175.0749 0.1606
57194.4128 197.0128 0.1542
56744.5188 246.3443 0.1887
57542.3634 250.7164 0.1810
56723.4935 246.5615 0.2016
56805.4134 244.5354 0.1945
57508.4126 251.6183 0.1783
57185.4654 238.6857 0.1678
56781.3529 245.3253 0.1922
57433.5303 252.1845 0.1759
56801.3488 246.2015 0.1900
57520.3156 250.5068 0.1647
56811.4368 245.6771 0.1867
56772.5406 244.0963 0.1919
56809.4595 244.4245 0.1963
56803.4668 243.8380 0.1949
56798.4255 129.0613 0.1334
56783.3458 245.5534 0.1889
56715.5548 246.6929 0.1870
57160.3693 242.7903 0.1652
57547.3970 251.1257 0.1788
57213.2908 241.6961 0.1644
56722.4512 246.3494 0.1904
56835.3225 245.1791 0.1874
56751.3471 186.4228 0.1687
57157.4471 241.6665 0.1739
57133.6028 237.5248 0.2117
57123.5441 240.2484 0.1988
57104.4669 239.6084 0.2413
57459.5499 250.2240 0.2512
57134.4738 246.3656 0.2671
57166.3310 242.3440 0.2640
57492.5472 246.2440 0.2427
54620.3631 235.8846 0.2525
