56801.3749 102.9541 0.0775
53081.5383 94.9419 0.0188
56833.3526 78.0887 0.0924
57191.4580 101.3498 0.0995
56778.3210 103.5433 0.1301
56807.3136 67.5740 0.1052
56780.3316 103.4322 0.1277
56811.4574 101.0141 0.1238
56809.4820 103.1194 0.1309
56783.3699 103.9508 0.1303
56841.3435 77.9765 0.1123
56744.5399 103.2556 0.1294
56837.3458 73.9603 0.1095
56781.3732 103.3232 0.1311
57123.5755 101.1191 0.1115
56798.4478 102.5447 0.1246
56835.3435 72.8402 0.1070
56805.4347 102.9900 0.1289
56776.4836 52.3555 0.0917
57420.5822 102.9017 0.1152
56831.3404 55.2837 0.0941
56839.3381 68.2612 0.1122
56803.4932 103.6271 0.1745
57433.5514 106.0657 0.1618
57185.4913 100.5883 0.1559
57134.4965 101.0647 0.1621
57213.3132 100.2998 0.1531
57508.4332 105.4252 0.1664
57542.3838 106.1429 0.1611
56715.5762 103.3787 0.1743
57547.4172 105.9692 0.1660
56772.5638 103.1245 0.1822
57166.3562 100.0927 0.1589
57216.3038 100.4531 0.1651
56722.4745 103.5871 0.1812
56741.6339 101.1171 0.1921
56723.5148 103.6079 0.1790
56751.3686 103.5796 0.1788
57492.5714 105.9894 0.1648
57223.3887 100.9729 0.1576
57220.2902 99.3782 0.1585
57520.3387 105.6937 0.1532
56712.5048 102.2617 0.1752
57078.4942 99.4806 0.1616
57479.5717 106.0331 0.1543
57157.4705 101.1645 0.1625
57160.5116 100.5914 0.1900
57104.5235 100.6644 0.2389
57105.5754 100.8001 0.2545
