57420.5763 212.9529 0.1132
52730.5987 218.3083 0.1113
56801.3688 203.6606 0.1535
53122.4995 156.6994 0.0325
56833.3478 203.5008 0.1648
56744.5358 202.0147 0.1751
56776.4795 205.2429 0.1721
56772.5585 201.1114 0.1697
56723.5097 201.5067 0.1743
56781.3691 201.9691 0.1811
56831.3363 205.3755 0.1717
57213.3079 210.9081 0.1538
57223.3832 212.0617 0.1602
57134.4907 206.9143 0.1565
56798.4422 204.5292 0.1678
56722.4684 203.3471 0.1696
56839.3341 202.1522 0.1785
57160.5054 209.7071 0.1608
56751.3634 203.2083 0.1719
56805.4306 204.8605 0.1742
57520.3333 216.8731 0.1521
57542.3791 218.2570 0.1634
56809.4772 205.5984 0.1889
57479.5663 218.3577 0.1528
56803.4885 200.8175 0.1824
56837.3417 204.5801 0.1725
57433.5460 218.8391 0.1637
56835.3395 204.8371 0.1720
57547.4125 218.3807 0.1667
57492.5660 212.3191 0.1665
56715.5711 202.9510 0.1677
57191.4517 208.6591 0.1597
56741.6278 197.8725 0.1744
56712.4997 203.1052 0.1699
56778.3170 203.0460 0.1752
57220.2845 206.4977 0.1633
57157.4650 209.3167 0.1620
56807.3096 204.3740 0.1845
57123.5698 209.3112 0.1489
56780.3275 201.5645 0.1725
56811.4533 206.3066 0.1717
56841.3393 204.2262 0.1670
57508.4284 212.7388 0.1627
57216.2975 207.9429 0.1640
56783.3659 203.3370 0.1717
57185.4838 206.5874 0.1971
57166.3513 209.9155 0.1724
54620.3644 214.5680 0.1709
57078.4898 211.8644 0.2225
57105.5730 193.6116 0.2403
57104.5182 211.9439 0.2627
53941.3231 136.3823 0.1230
