56743.5069 53.1500 0.0597
57420.5495 53.7535 0.0630
53467.4922 52.9114 0.0202
57567.2958 54.9912 0.0904
52816.2955 51.2292 0.0218
56781.3448 53.5808 0.1004
57508.4044 55.1553 0.0889
56776.4550 54.4765 0.0964
56780.3019 53.5069 0.0982
56803.4007 53.4775 0.0999
56831.3117 53.7213 0.0932
56778.2926 53.6677 0.0983
56835.3144 53.6251 0.0920
57542.3556 55.5911 0.0876
57547.3894 55.0055 0.0871
56741.5892 52.6317 0.1013
56805.4052 53.3885 0.0950
57433.5227 55.3604 0.0844
56839.3084 53.6213 0.0960
57459.5423 55.9182 0.0900
57160.3607 53.1581 0.0806
56712.4754 53.2205 0.0946
57133.4154 53.1879 0.0823
57194.4042 53.2298 0.0828
56715.5467 53.4753 0.0934
57157.4382 52.9352 0.0869
56744.5487 53.5161 0.0971
56841.3128 53.5251 0.0946
57216.2706 53.1724 0.0851
57223.3574 53.1404 0.0839
56751.3388 53.3379 0.0971
56837.3164 53.4871 0.0934
56833.3206 53.5750 0.0924
57479.5414 55.0934 0.0824
57213.2820 53.0658 0.0795
56722.4431 53.3448 0.0951
57078.4375 53.6921 0.0841
57220.2575 52.7911 0.0793
56772.5313 53.2935 0.0957
56801.3407 53.9474 0.0964
57520.3067 54.9985 0.0822
56809.4513 53.5715 0.0974
56783.3361 53.4851 0.0975
56723.4853 53.5671 0.0947
56798.4174 53.3348 0.0897
56807.2850 53.4914 0.0974
56811.4286 53.6562 0.0914
57492.5382 55.6792 0.1111
57185.4561 52.8676 0.1029
57191.4231 52.9970 0.1023
57460.4772 53.8968 0.1816
57195.4008 52.7635 0.1293
57166.3209 53.1805 0.1399
57123.5324 52.8559 0.1219
57105.5603 52.9725 0.1292
57134.4685 52.2699 0.1352
56721.5940 53.6965 0.2392
57419.5304 54.2068 0.1877
57104.4590 53.3621 0.1718
54620.3656 53.3846 0.1246
