57479.5240 143.4639 0.0779
56715.4984 141.3235 0.1103
57420.5453 140.1962 0.0952
56803.4112 141.6869 0.1129
56743.5101 141.1854 0.1148
56741.5899 139.6659 0.1260
57567.2896 144.2477 0.1130
56723.4803 141.4553 0.1243
56811.4234 140.7178 0.1184
56781.3397 141.1737 0.1290
56809.4460 141.2748 0.1263
56721.5901 140.8433 0.1291
56798.4117 141.7298 0.1164
56778.2875 141.9703 0.1272
56805.4000 141.8769 0.1201
57520.3008 143.6522 0.1143
57542.3509 144.6081 0.1109
56776.4499 140.6564 0.1216
57460.4734 144.9885 0.1177
56833.3155 142.1810 0.1197
57508.3994 143.7889 0.1129
56780.2967 141.6618 0.1263
56835.3093 141.6475 0.1198
56831.3066 141.8806 0.1212
56751.3336 141.3440 0.1270
56783.3308 141.5100 0.1230
56841.3074 141.9882 0.1202
57492.5332 143.2164 0.1198
56801.3352 141.4341 0.1241
56839.3033 142.2247 0.1228
57459.5373 143.9130 0.1176
56772.5257 140.8939 0.1251
56807.2799 142.0030 0.1292
56744.5320 141.7927 0.1391
56837.3094 141.3482 0.1361
56712.4708 141.2337 0.1336
57216.2664 138.4633 0.1306
57160.3564 139.3970 0.1243
56829.3208 142.1662 0.1649
56800.5027 140.1058 0.1906
57213.2777 139.1096 0.1235
57194.3999 139.2263 0.1281
57133.4106 139.3808 0.1187
57220.2508 138.5175 0.1500
57223.3531 138.8091 0.1287
57157.4336 138.2061 0.1244
56722.4392 141.1949 0.1611
57433.5182 143.5727 0.1545
57419.5251 143.7009 0.1641
57191.4184 137.9329 0.1597
57547.3854 144.3340 0.1581
57123.5278 139.2615 0.2146
57134.4666 139.4651 0.2010
56711.5225 142.1483 0.2303
57155.3464 145.3080 0.4787
57104.4484 140.5447 0.1784
57195.3988 138.4820 0.2012
57185.4502 138.4091 0.1887
57078.4234 139.7349 0.1477
57166.3176 139.5676 0.2876
57105.5577 138.6929 0.2807
