56743.5125 144.2144 0.0737
57420.5518 150.8714 0.0701
56803.4260 152.4058 0.1041
56741.5973 149.4177 0.1079
56722.4451 151.4901 0.1083
56805.4073 151.1173 0.1089
56715.5487 151.1922 0.1071
57213.2842 151.6599 0.0937
57547.3913 156.0833 0.1021
56751.3409 151.0733 0.1094
56783.3382 150.7122 0.1078
57078.4438 143.6627 0.0974
57567.2961 155.2730 0.1109
57520.3089 155.6032 0.0932
56811.4307 151.6456 0.1055
57194.4064 151.3387 0.0967
56833.3227 151.6295 0.1056
57133.5059 151.7195 0.0985
56801.3427 151.4169 0.1086
56807.2870 150.8498 0.1123
57542.3576 156.5826 0.1017
56780.3040 150.3077 0.1101
57223.3595 151.2054 0.0979
56723.4874 151.0905 0.1088
57508.4065 156.0332 0.1016
56841.3149 151.7280 0.1060
57157.4404 150.7220 0.0991
56839.3104 151.4600 0.1106
56772.5336 150.6123 0.1054
56744.5508 151.1473 0.1100
56781.3469 151.0165 0.1109
57160.3629 151.7568 0.0947
57479.5434 156.0771 0.1005
57433.5246 156.3883 0.0991
57459.5445 157.0312 0.1047
56835.3164 151.5783 0.1063
56776.4570 150.7627 0.1077
56778.2946 151.0591 0.1109
56837.3184 151.2970 0.1070
56831.3137 151.4887 0.1073
57216.2727 150.8887 0.1000
57220.2599 150.9401 0.0942
56712.4774 150.6951 0.1080
56798.4194 151.3135 0.1035
56809.4533 151.2233 0.1173
57185.4632 150.6308 0.1135
57492.5408 152.1609 0.1163
57134.4700 151.8262 0.1329
57191.4242 151.7836 0.1408
57195.4018 150.8772 0.1518
57123.5349 151.2159 0.1645
57166.3236 150.4783 0.1724
57105.5609 151.8456 0.1750
57460.4772 161.6041 0.2923
57104.4612 151.7520 0.2025
53467.4985 141.2116 0.0499
56721.5940 152.0410 0.3832
57419.5304 154.0540 0.2898
54620.3656 152.2256 0.2096
53883.4604 138.3306 0.0667
53770.6182 147.7066 0.1088
