57420.5582 67.4660 0.0670
56743.5383 67.2115 0.0936
53472.4902 55.7150 0.0193
56741.6094 66.8761 0.1077
56744.5188 67.6504 0.1037
56780.3104 67.5837 0.1074
56833.3288 67.2535 0.1032
56807.2931 67.5192 0.1133
57479.5491 68.7820 0.0960
56712.4835 67.4638 0.1040
56778.3007 67.6160 0.1052
56837.3245 67.2257 0.1043
57220.2668 66.8675 0.0935
57567.2988 69.1660 0.0978
56776.4632 67.2360 0.1047
57191.4328 66.5536 0.0920
56831.3199 67.2545 0.1027
57216.2792 66.9621 0.0963
56839.3166 67.1564 0.1069
57223.3660 66.2972 0.0935
56841.3211 67.4179 0.1055
57194.4128 66.6968 0.0927
56722.4512 67.6122 0.1043
57542.3634 69.1073 0.0976
56723.4935 67.6311 0.1113
56805.4134 67.2559 0.1069
57508.4126 69.2986 0.0964
57185.4654 66.4483 0.0935
56781.3529 67.3731 0.1073
57433.5303 68.9541 0.0944
56801.3488 67.3989 0.1042
57492.5483 67.6128 0.0999
57520.3156 68.9626 0.0920
56811.4368 67.2449 0.1015
56772.5406 67.0685 0.1091
56809.4595 66.9794 0.1075
56803.4668 66.9219 0.1086
56798.4255 67.2490 0.0991
56783.3458 67.3863 0.1074
56715.5548 67.5586 0.1019
57160.3693 66.9074 0.0893
57547.3970 69.6547 0.0967
57213.2908 66.7914 0.0891
56835.3225 67.1768 0.1019
56751.3471 67.7896 0.1069
57157.4471 66.6843 0.0956
57123.5441 67.1350 0.1176
57104.4669 64.0510 0.1315
57133.6028 65.8332 0.1184
57459.5499 69.0571 0.1367
57134.4738 67.5174 0.1463
57166.3310 67.1055 0.1475
54620.3631 64.5841 0.1359
