56783.3499 79.4889 0.1126
56781.3570 79.3221 0.1127
56780.3146 79.4552 0.1105
57420.5636 79.3921 0.1002
56833.3436 79.1059 0.1108
57123.5514 79.9932 0.0966
56772.5452 54.7504 0.0946
57508.4165 80.9825 0.1034
56778.3048 79.0213 0.1115
56776.4673 71.1914 0.1052
57520.3201 81.3428 0.0960
57078.4761 80.3247 0.1209
57157.4526 79.8482 0.1384
56751.3522 79.1651 0.1574
57542.3682 81.3219 0.1415
56741.6097 78.6089 0.1619
57492.5540 81.3114 0.1448
57160.3747 80.0643 0.1363
57133.6102 78.6148 0.1475
56803.4734 79.0283 0.1585
56712.4886 78.7563 0.1537
57213.2962 79.9778 0.1355
56805.4192 78.7452 0.1592
56839.3217 79.0775 0.1575
57220.2722 79.8712 0.1443
56841.3264 79.0610 0.1536
57433.5350 81.5030 0.1413
57191.4386 79.3508 0.1445
56837.3304 77.3666 0.1546
56801.3539 78.5900 0.1549
57223.3714 79.5719 0.1400
56798.4311 79.3662 0.1493
57479.5544 80.5428 0.1359
57547.4021 81.4724 0.1449
57216.2845 79.5447 0.1442
56744.5245 76.6903 0.1521
56809.4654 79.1189 0.1637
57567.3041 80.6053 0.1482
57166.3377 79.1712 0.1378
56723.4980 78.6529 0.2541
57185.4719 79.3558 0.1561
56715.5593 79.4935 0.2389
56835.3270 79.2427 0.2409
56811.4415 78.8717 0.2425
56831.3244 78.9026 0.2405
57104.4732 84.0544 0.2165
57134.4777 80.0996 0.2294
56722.4567 78.9932 0.2409
56807.2977 79.7402 0.2549
