57420.5607 45.7773 0.0485
57479.5598 46.5479 0.0573
57433.5398 46.5721 0.0591
57547.4068 46.6473 0.0603
57508.4224 46.6585 0.0608
57492.5594 45.9087 0.0602
57542.3732 46.5890 0.0596
57520.3267 46.6511 0.0572
57134.4847 41.5924 0.0724
57567.3077 46.5765 0.0837
57223.3758 45.7852 0.0845
57191.4456 45.4149 0.0747
56833.3407 44.6036 0.0826
56839.3248 44.6332 0.0929
52814.3124 44.2084 0.0222
56831.3281 44.4966 0.0882
56805.4223 44.5626 0.0926
56723.5016 44.3921 0.0906
57123.5575 44.7479 0.0835
57160.3779 45.0564 0.0778
57157.4560 44.9717 0.0829
56776.4714 44.7859 0.0889
56744.5276 44.5567 0.0911
56798.4341 44.7604 0.0868
56835.3306 44.6876 0.0887
56837.3334 44.6663 0.0902
56809.4686 44.8713 0.0947
56741.6140 43.9240 0.0977
57216.2878 45.2363 0.0842
56778.3088 44.6829 0.0916
56801.3570 44.0993 0.0895
56780.3187 44.1414 0.0911
56783.3558 44.5196 0.0953
56803.4771 44.4299 0.0977
56715.5630 44.4436 0.0876
56781.3610 44.4765 0.0951
57220.2754 45.4180 0.0836
56811.4451 44.8393 0.0889
56722.4603 44.2922 0.0886
56751.3553 44.2735 0.0912
56807.3013 44.5065 0.0909
56841.3295 44.7311 0.0913
56712.4916 44.6552 0.0899
56772.5497 44.6751 0.0920
57213.2988 45.3767 0.0944
57104.4873 45.0881 0.1005
57166.3406 45.0861 0.1280
57185.4755 44.8273 0.0886
57078.4806 45.4566 0.1119
57105.5696 45.1505 0.1757
53770.6220 45.6371 0.0652
54620.3581 45.3801 0.1172
