57479.5299 91.6227 0.0557
57420.5534 66.0959 0.0584
57492.5392 90.6477 0.0739
57542.3559 91.8992 0.0700
57520.3068 91.7013 0.0710
56715.4984 89.7163 0.0925
57459.5405 91.7369 0.0825
56803.4112 89.7694 0.0945
56743.5101 90.4583 0.0964
56741.5899 89.7513 0.1074
57567.2978 91.1217 0.0875
57433.5251 91.9478 0.0816
57547.3920 92.1099 0.0835
56723.4803 90.2915 0.1040
56751.3336 89.9587 0.1066
56811.4234 89.8081 0.0987
56781.3397 89.4934 0.1083
56809.4460 89.5392 0.1051
57460.4734 92.1937 0.0971
56721.5901 90.0039 0.1083
56798.4117 90.0776 0.0969
56805.4000 89.7092 0.0997
56837.3096 89.8812 0.1005
56833.3155 90.0126 0.0992
56776.4499 89.6429 0.1013
53475.5639 85.9503 0.0252
57508.4088 91.4614 0.0890
56780.2967 90.3458 0.1061
56835.3093 89.9546 0.0993
56831.3066 90.0612 0.1004
56744.5344 90.4037 0.1001
56778.2875 90.1660 0.1061
57160.3609 60.6108 0.0849
56783.3308 89.8445 0.1039
56841.3074 89.8898 0.1006
56801.3352 89.4584 0.1034
56839.3033 90.1505 0.1022
56772.5257 88.5262 0.1048
56807.2799 89.8237 0.1073
56712.4708 90.2548 0.1117
57220.2609 95.1724 0.1513
56722.4392 90.2362 0.1349
57104.4580 52.4646 0.2077
57216.2664 88.8370 0.1081
56829.3208 89.5100 0.1372
56800.5027 87.8693 0.1609
57213.2777 88.9791 0.1011
53496.3484 88.3415 0.0281
57157.4336 88.4525 0.1024
57194.4072 45.7639 0.1120
57223.3531 88.9857 0.1058
57166.3265 36.4220 0.1992
57123.5336 64.3630 0.1844
52793.2667 89.0068 0.0792
57133.4106 89.5769 0.1268
57195.3988 88.5807 0.1668
57156.4565 87.1467 0.1586
57155.3464 90.1222 0.4103
57191.4252 48.3535 0.2205
57134.4666 88.6137 0.1647
56711.5225 89.9807 0.1951
57078.4234 89.8962 0.1239
53388.6169 87.4978 0.0628
54620.3631 85.5849 0.1550
57419.5273 90.5563 0.2144
57105.5577 11.3498 0.1026
53467.5113 85.6807 0.0550
