57420.5648 229.7160 0.1115
57191.4456 226.2758 0.1483
56833.3407 221.7674 0.1635
57134.4846 226.6627 0.1502
56839.3248 222.0042 0.1813
56751.3553 220.9070 0.1779
56831.3281 221.5166 0.1749
56783.3558 221.9891 0.1745
52813.3198 192.1128 0.0429
57520.3246 233.0474 0.1519
57433.5379 233.2717 0.1640
56805.4223 222.1801 0.1812
56723.5016 221.7997 0.1778
57123.5575 224.7293 0.1488
57542.3711 233.8991 0.1645
57160.3779 225.6486 0.1561
57157.4560 226.4117 0.1634
56776.4714 221.9033 0.1741
56798.4341 222.9321 0.1709
56835.3306 221.8473 0.1753
56803.4771 223.1053 0.1872
56837.3334 221.9071 0.1769
57492.5572 233.6510 0.1702
56809.4686 221.8490 0.1846
56741.6140 221.5319 0.1793
57216.2878 226.0931 0.1681
56778.3088 220.4435 0.1778
57479.5576 233.3268 0.1536
56801.3570 221.3750 0.1750
56780.3187 221.1101 0.1765
56744.5276 221.4147 0.1779
57223.3746 225.6742 0.1609
56715.5630 222.4490 0.1739
56781.3610 222.7072 0.1825
57220.2754 226.5325 0.1666
56811.4451 221.4981 0.1748
56722.4603 221.6447 0.1748
57508.4204 233.1645 0.1687
56807.3013 221.7943 0.1803
56841.3295 222.0265 0.1742
57567.3072 233.4701 0.1776
56712.4916 221.7362 0.1762
57547.4049 233.3843 0.1671
56772.5497 221.9590 0.1737
57104.4873 234.5552 0.2032
57213.2988 226.0010 0.1877
56829.3180 225.0029 0.2414
57166.3406 226.4308 0.2475
57185.4755 224.7837 0.1735
57078.4806 226.1531 0.2233
57105.5696 225.0608 0.3570
56865.2996 223.3702 0.3581
53770.6220 229.3710 0.1353
54620.3581 227.9491 0.2438
