56743.5069 66.5171 0.1247
57420.5495 68.4145 0.0690
57567.2958 69.6923 0.0991
57194.4042 67.4467 0.0919
57547.3894 69.7855 0.0960
57433.5227 69.7800 0.0929
57459.5423 70.7795 0.0989
57160.3607 67.4435 0.0895
57133.4154 67.6496 0.0915
57157.4382 67.5370 0.0964
56841.3128 68.2841 0.1036
57216.2706 67.4455 0.0945
57223.3574 67.4772 0.0932
57479.5414 69.7644 0.0901
57213.2820 67.5431 0.0886
57220.2575 67.2809 0.0872
57520.3067 69.6457 0.0896
57508.4044 70.0510 0.0978
57542.3556 70.1170 0.0963
56807.2844 68.0378 0.1282
57185.4561 67.2671 0.1138
57492.5382 69.4841 0.1214
56837.3159 67.5189 0.1231
56801.3402 55.3386 0.1198
56780.3013 31.7873 0.1009
57191.4231 67.4112 0.1136
56805.4046 67.7993 0.1639
56835.3138 68.6467 0.1597
56741.5882 67.7874 0.1993
57460.4772 69.2464 0.1958
57123.5324 67.2619 0.1323
56723.4848 68.1170 0.1629
57195.4008 67.5635 0.1440
56722.4425 55.9788 0.1533
56783.3350 67.6625 0.1519
56798.4168 68.1059 0.1554
56803.4002 68.1398 0.1741
57166.3209 67.2293 0.1534
56778.2920 42.8720 0.1419
56751.3382 68.4008 0.1725
56715.5461 68.5833 0.1625
57105.5603 67.6343 0.1438
56833.3201 68.3565 0.1597
56744.5482 69.1474 0.1691
56831.3111 68.5452 0.1618
56712.4748 61.2890 0.1569
57134.4685 67.7829 0.1508
56839.3078 69.3223 0.1659
56781.3432 67.9450 0.2470
56776.4534 67.9844 0.2360
57078.4270 66.8461 0.1054
56772.5295 68.4964 0.2429
56811.4291 69.1685 0.2257
56721.5940 67.5796 0.2609
57419.5304 70.0153 0.2042
54620.3656 67.1056 0.1377
57104.4590 68.1423 0.1918
56809.4517 68.7653 0.2370
