56743.5069 229.5728 0.1125
52698.6084 227.4708 0.0516
57420.5495 236.3231 0.1198
52815.2953 197.7606 0.0387
57567.2958 239.8213 0.1768
57508.4044 238.9975 0.1748
56776.4550 228.9493 0.1818
56780.3019 229.6850 0.1830
56803.4007 230.1323 0.1883
56831.3117 230.2404 0.1793
56778.2926 230.2340 0.1860
56835.3144 230.0503 0.1773
56783.3361 229.9347 0.1767
57547.3894 239.1337 0.1726
56723.4853 231.0027 0.1815
56712.4754 231.6222 0.1816
56741.5892 229.6105 0.1819
56805.4052 231.2027 0.1821
57433.5227 239.8368 0.1671
56839.3084 230.0064 0.1823
57459.5423 235.8650 0.1741
57160.3607 232.4925 0.1593
57133.4154 233.0395 0.1619
57194.4042 232.5022 0.1631
56715.5467 230.8897 0.1803
57157.4382 232.2849 0.1691
56744.5487 230.9872 0.1841
56781.3448 230.8809 0.1860
56841.3128 229.7967 0.1755
57216.2706 232.1686 0.1678
57223.3574 231.7375 0.1644
56751.3388 230.2885 0.1823
56837.3164 230.2053 0.1790
56833.3206 229.8470 0.1775
57479.5414 238.4925 0.1576
57213.2820 231.7597 0.1574
56722.4431 230.5535 0.1828
57078.4375 232.2693 0.1570
57220.2575 231.5296 0.1492
56772.5313 231.9312 0.1773
56801.3407 230.5859 0.1826
57520.3067 238.2948 0.1554
56809.4513 230.6534 0.1861
57542.3556 239.9384 0.1730
56798.4174 230.9412 0.1730
56807.2850 231.0398 0.1878
56811.4286 230.3776 0.1759
57492.5382 234.3208 0.2148
57185.4561 232.6517 0.1992
57191.4231 232.4909 0.2007
57460.4772 236.5288 0.3374
57195.4008 232.6757 0.2552
53475.5607 190.0819 0.0611
57166.3209 232.9051 0.2644
57123.5324 231.6276 0.2184
57105.5603 232.9028 0.2551
57134.4685 234.2937 0.2649
54620.3656 229.8488 0.2469
56721.5940 232.2321 0.4506
57104.4590 234.0963 0.3421
53467.5113 193.3589 0.0829
53770.6182 229.8238 0.1306
