52730.5705 43.6721 0.0502
53462.4886 44.6264 0.0655
53847.5732 44.1875 0.0823
53911.3288 44.0211 0.0298
53851.4182 44.5914 0.0269
53853.4352 44.5989 0.0272
53586.2942 44.5232 0.0226
53524.3013 44.7839 0.0209
54186.5147 44.2764 0.0271
52698.6084 44.8952 0.0235
54531.5740 44.5366 0.0213
53466.6127 44.5304 0.0231
52710.6200 45.4348 0.0278
53583.3046 44.3454 0.0252
54570.4284 44.5204 0.0323
53799.4817 44.6457 0.0339
52817.2960 44.9662 0.0511
54176.5500 38.5161 0.0582
54262.4012 44.2634 0.0267
54209.4929 44.3869 0.0259
54624.3824 44.5836 0.0262
53505.3888 44.5571 0.0294
53769.6082 44.7347 0.0264
54561.4254 44.4965 0.0261
54151.6503 44.4436 0.0298
54153.5968 44.5252 0.0293
53146.4901 44.7576 0.0275
54117.6461 44.4351 0.0271
54524.5266 44.4981 0.0308
53553.4142 44.6656 0.0285
54144.5888 44.4973 0.0283
53578.3431 44.2608 0.0332
53411.6236 44.7756 0.0273
54511.5807 44.6879 0.0250
54213.5722 44.1893 0.0311
54614.3924 44.5113 0.0285
53936.3074 44.5204 0.0287
54255.3352 44.7430 0.0297
53200.2667 44.7988 0.0273
54621.4059 44.3897 0.0277
52790.4028 44.2804 0.1478
54266.2923 44.3802 0.0275
54557.5455 44.4802 0.0276
54234.4877 44.2234 0.0275
53859.3669 44.6208 0.0291
54229.4787 44.1729 0.0324
53121.5132 44.5838 0.0269
54591.3863 44.5596 0.0264
54563.4941 44.4382 0.0281
52813.3474 45.0135 0.0328
54588.5522 44.4451 0.0313
53175.3845 44.6799 0.0280
53883.3893 44.3772 0.0289
54183.5063 44.4684 0.0287
53551.3290 44.6628 0.0269
53875.3594 44.6471 0.0280
53772.6264 44.6918 0.0295
52792.4193 44.6730 0.0391
54201.4537 44.3201 0.0284
54535.5077 44.4762 0.0267
53446.5324 44.8480 0.0273
53943.3027 44.5560 0.0292
54259.3128 44.3800 0.0271
53138.4614 44.9136 0.0280
53109.5778 44.7778 0.0319
53469.5188 44.6214 0.0277
53178.3751 44.6110 0.0272
53149.3330 45.0397 0.0261
53906.3684 44.5792 0.0313
52722.5967 44.9649 0.0380
53390.6489 44.7959 0.0278
53531.3615 44.6126 0.0277
53916.3248 44.4584 0.0313
53117.4850 44.7697 0.0269
53766.6170 44.7446 0.0282
53495.4394 44.6233 0.0280
52815.2953 45.2795 0.0188
53473.5879 44.4806 0.0288
53939.3067 44.4537 0.0285
54124.6309 44.4191 0.0275
54205.4858 44.4790 0.0293
54594.4526 44.4964 0.0273
53165.4100 44.5843 0.0269
54618.4140 44.4609 0.0267
53527.3526 44.6722 0.0268
53195.3465 44.6171 0.0272
53743.6336 44.8716 0.0271
54179.5219 44.3847 0.0274
53518.4479 44.4543 0.0359
54538.5772 44.5221 0.0301
54113.6612 44.4111 0.0286
53083.6071 44.8074 0.0284
53855.4161 44.6045 0.0278
53502.3879 44.5372 0.0275
54597.4509 44.5406 0.0270
53892.3770 44.7517 0.0334
54120.6630 44.4014 0.0300
53879.3083 44.3726 0.0287
53500.3158 44.7005 0.0269
53888.4064 44.3860 0.0285
54528.5221 44.9939 0.0252
52791.4573 44.2740 0.0400
52721.6238 44.6258 0.0467
56741.6278 44.0420 0.0982
54600.4443 37.6869 0.0400
56780.3275 33.4951 0.0788
56778.3170 38.5535 0.0837
56776.4795 23.5028 0.0671
56781.3691 23.6840 0.0751
56751.3634 45.4687 0.0887
56744.5358 43.5461 0.0893
57492.5660 46.3737 0.0825
57420.5776 45.7488 0.0821
57479.5663 46.4035 0.0768
53463.5851 44.6528 0.0395
57157.4650 43.8758 0.0805
57160.5054 44.4809 0.0802
53523.4194 44.5285 0.0378
57166.3513 43.8781 0.0868
56833.3500 45.3197 0.1112
56772.5586 30.3203 0.0919
53563.3393 44.4010 0.0451
56798.4432 45.3523 0.1221
57433.5476 47.7316 0.1136
54620.3574 44.3963 0.0849
57520.3344 46.6873 0.1100
56712.5008 45.0101 0.1226
56809.4782 43.9260 0.1399
56807.3106 45.4255 0.1294
56831.3373 45.1191 0.1215
57508.4294 46.6763 0.1146
57542.3800 46.9076 0.1131
56801.3664 45.3017 0.1257
57191.4528 44.5981 0.1114
56841.3403 45.1742 0.1206
57123.5713 45.2120 0.1201
57223.3843 45.1561 0.1115
56722.4695 45.4316 0.1238
57216.2995 45.0369 0.1148
56715.5721 45.4754 0.1202
57078.4898 45.7642 0.1104
57220.2856 45.2850 0.1141
56839.3351 45.1759 0.1298
57213.3090 45.3210 0.1057
57134.4919 44.8503 0.1095
56837.3427 45.0251 0.1235
57547.4135 46.5108 0.1140
56835.3405 45.1495 0.1228
56805.4316 45.5005 0.1266
56803.4898 44.8828 0.1402
56783.3669 44.9402 0.1307
56811.4543 45.3164 0.1221
56723.5107 45.4125 0.1275
53890.4800 44.7383 0.1457
53198.3064 44.2815 0.1457
54619.3119 44.8534 0.1447
57105.5735 45.7291 0.1774
57185.4850 45.2807 0.2126
