57420.5648 233.9013 0.1142
52813.3181 202.0513 0.0385
57191.4456 233.7449 0.1537
56833.3407 230.2155 0.1695
56839.3248 231.3074 0.1876
56831.3281 230.7952 0.1810
56783.3558 229.0231 0.1795
57520.3246 181.7443 0.1432
56805.4223 220.2890 0.1831
56723.5016 230.7123 0.1838
57123.5575 231.6970 0.1528
57542.3711 240.8334 0.1694
57160.3779 232.8017 0.1609
57157.4560 232.8623 0.1679
56776.4714 229.7532 0.1794
56798.4341 195.7390 0.1627
56835.3306 230.1326 0.1811
56803.4771 204.5269 0.1818
56837.3334 230.9336 0.1830
57492.5572 237.8162 0.1742
56809.4686 205.3580 0.1803
56741.6140 196.5439 0.1728
57216.2878 233.1386 0.1728
56778.3088 229.3246 0.1837
57134.4855 234.8735 0.1605
57479.5576 240.5707 0.1582
56801.3570 230.5182 0.1810
56780.3187 229.3268 0.1820
56744.5276 229.6564 0.1838
57433.5379 240.1750 0.1688
57223.3746 232.4371 0.1655
56715.5630 231.0025 0.1795
56781.3610 230.8021 0.1882
57220.2754 234.3890 0.1719
56811.4451 229.4966 0.1805
56722.4603 229.7897 0.1802
57508.4204 240.5105 0.1736
56751.3553 229.1344 0.1838
56807.3013 229.8601 0.1861
56841.3295 230.7550 0.1801
57567.3072 240.1612 0.1832
56712.4916 230.6114 0.1820
56772.5497 230.1423 0.1792
57547.4049 240.8893 0.1722
57104.4873 236.6680 0.2045
57213.2988 233.1730 0.1926
56829.3180 233.3074 0.2405
57166.3406 233.5569 0.2549
57185.4755 232.0730 0.1790
57078.4806 233.0049 0.2303
56865.2991 229.1952 0.2532
57105.5696 231.6277 0.3717
53941.3114 228.0019 0.1594
53770.6220 238.9823 0.1381
