56743.5233 74.5614 0.0900
56803.4428 74.6413 0.0977
53475.5639 70.3186 0.0230
56741.6039 74.9872 0.1113
56841.3171 74.9272 0.1076
56801.3447 74.9220 0.1079
56715.5507 61.2872 0.0972
57194.4085 75.8827 0.0961
56751.3430 70.7193 0.1074
57133.5964 56.8215 0.0915
57185.4684 76.2837 0.1107
56837.3204 74.5422 0.1066
57157.4427 41.2575 0.0751
57420.5529 76.3554 0.0988
56807.2890 63.3401 0.1042
57567.2949 75.1666 0.1041
56805.4093 74.9048 0.1091
56839.3125 74.4374 0.1118
57479.5453 54.4927 0.0924
56835.3184 74.6034 0.1056
56744.5528 74.4030 0.1099
56798.4214 74.8729 0.1032
56831.3158 73.5911 0.1060
56833.3247 73.7924 0.1037
56809.4559 74.8296 0.1239
57078.4450 73.2822 0.1143
57492.5435 70.9120 0.1021
56723.4889 50.1848 0.1090
57433.5256 78.3304 0.1377
57459.5456 78.8042 0.1449
56776.4581 74.7505 0.1494
56712.4784 74.6938 0.1527
57223.3607 75.8933 0.1378
57542.3585 79.1873 0.1371
57220.2613 75.7251 0.1406
57216.2738 75.5207 0.1407
57508.4075 78.1598 0.1368
56722.4462 74.9113 0.1500
57134.4704 38.4114 0.1161
56772.5348 74.5050 0.1498
57195.4028 76.0331 0.1526
56783.3392 74.6659 0.1574
56781.3479 74.7085 0.1572
57160.3639 75.6743 0.1323
53884.4341 73.0602 0.0342
56811.4317 74.4775 0.1475
57520.3101 77.8029 0.1330
56778.2957 74.1975 0.1559
56780.3051 74.4369 0.1556
57547.3923 78.1764 0.1418
57213.2854 76.1384 0.1316
53883.4566 71.5833 0.0345
57191.4276 76.6686 0.1705
53467.5113 70.5080 0.0501
57105.5621 76.2693 0.2121
57123.5397 76.7923 0.2389
