57420.5518 274.4726 0.1051
56743.5141 269.8922 0.1151
57567.2954 277.7249 0.1423
57213.2842 275.6578 0.1528
57547.3913 278.8322 0.1377
56803.4320 272.8893 0.1533
57133.5059 275.7343 0.1634
57542.3576 279.7928 0.1373
57157.4404 274.1993 0.1631
57160.3629 275.3906 0.1543
57479.5434 278.7177 0.1342
57433.5246 279.2630 0.1335
57459.5445 280.3311 0.1406
57194.4064 275.1134 0.1576
57220.2599 274.8754 0.1530
57508.4065 279.0828 0.1370
57520.3089 278.7324 0.1244
57216.2730 272.8043 0.1542
56741.5992 265.6545 0.1603
57185.4632 274.8316 0.1827
56781.3472 269.6419 0.1669
56712.4778 268.5872 0.1636
56776.4574 269.9732 0.1643
56831.3141 269.8955 0.1636
56841.3153 270.4527 0.1599
56780.3044 268.0868 0.1670
56801.3430 269.5015 0.1647
56722.4455 269.1150 0.1620
56811.4310 270.6599 0.1609
56751.3412 269.3503 0.1654
57492.5408 271.5756 0.1559
57078.4433 241.8808 0.1466
56744.5511 269.2163 0.1656
56833.3230 270.0084 0.1600
56772.5340 269.2698 0.1591
56778.2950 268.7808 0.1678
56835.3167 270.5038 0.1618
56837.3187 270.0687 0.1627
57223.3599 271.4755 0.1496
56805.4076 269.8749 0.1655
56715.5490 268.8851 0.1624
56723.4877 269.1188 0.1654
56807.2873 269.4343 0.1710
56798.4197 270.3672 0.1575
56783.3385 269.3585 0.1634
56839.3116 215.2279 0.1662
57134.4700 276.2567 0.2172
56809.4537 270.7164 0.1823
57191.4242 275.5636 0.2375
57166.3236 274.6148 0.3081
57105.5609 276.2476 0.3081
57195.4020 271.6229 0.2326
57123.5349 271.8553 0.2138
57460.4772 289.9025 0.3846
53883.4566 208.9269 0.0576
57104.4612 280.1641 0.3939
53884.4341 171.5528 0.0515
53467.4985 216.3282 0.0622
56721.5940 271.5501 0.5029
