57479.5339 3.7892 0.0202
57420.5608 4.1423 0.0360
57520.3138 3.5614 0.0301
57542.3621 3.4818 0.0207
57508.4110 3.4584 0.0221
57492.5463 3.6363 0.0246
56715.4984 3.0201 0.0329
57547.3989 3.5312 0.0226
56803.4112 3.1417 0.0347
56743.5101 3.1399 0.0336
57433.5321 3.9994 0.0225
57213.2904 3.1430 0.0463
57567.2896 3.4494 0.0293
56741.5899 3.1574 0.0493
56723.4803 3.1345 0.0355
56811.4234 3.1503 0.0317
56781.3397 3.2978 0.0441
56809.4460 3.1544 0.0355
56721.5901 3.1259 0.0396
56798.4117 3.2872 0.0320
56778.2875 3.2319 0.0383
56805.4000 3.2417 0.0333
56837.3096 3.0495 0.0336
57157.4443 2.8066 0.0441
56839.3033 3.0675 0.0356
56776.4499 3.3590 0.0350
57460.4734 3.8166 0.0303
56841.3074 3.2340 0.0401
56835.3093 3.1634 0.0320
56831.3066 3.2093 0.0323
56833.3155 3.3017 0.0327
56751.3336 3.1509 0.0411
56783.3308 3.3053 0.0449
56780.2967 3.2246 0.0407
57216.2774 3.1966 0.0494
56801.3352 3.2293 0.0372
57459.5373 3.9199 0.0309
56772.5257 3.2966 0.0429
56807.2799 3.2205 0.0354
56744.5344 3.1509 0.0353
57223.3590 3.2396 0.0412
57160.3861 2.9531 0.0405
52814.3124 3.0210 0.0089
56712.4708 3.0406 0.0388
57220.2572 3.0325 0.0808
57134.4790 2.8063 0.0598
56829.3208 3.1729 0.0469
57123.5493 2.8731 0.0715
56800.5027 3.1938 0.0675
57194.3999 3.2730 0.0343
57133.4106 2.7441 0.0318
56722.4392 3.2310 0.0458
57078.4676 2.1453 0.0293
57419.5251 4.0416 0.0632
57191.4184 3.2437 0.0450
57104.4717 2.8084 0.0543
57166.3350 2.8160 0.0966
57156.4565 2.7176 0.0591
56711.5225 3.0049 0.0797
57105.5656 3.1233 0.1121
57195.3988 3.1808 0.0545
57185.4502 3.0849 0.0567
57155.3863 2.6450 0.2531
54620.3618 2.9659 0.0462
