57420.5648 136.4354 0.0887
57191.4456 133.4750 0.1171
53496.3516 117.7093 0.0287
56833.3407 135.2991 0.1312
57134.4846 132.9644 0.1190
56839.3248 135.2359 0.1458
56751.3553 135.8469 0.1439
56831.3281 135.0540 0.1401
56783.3558 134.7655 0.1426
57520.3246 138.3156 0.1204
56805.4223 135.0756 0.1453
56723.5016 135.9979 0.1436
57479.5576 137.9356 0.1218
57123.5575 134.4048 0.1215
57542.3711 138.9272 0.1293
57160.3779 134.6149 0.1234
57157.4560 134.4899 0.1295
56776.4714 135.3462 0.1401
56798.4341 135.1462 0.1367
56835.3306 135.3311 0.1406
56803.4771 134.0864 0.1498
56837.3334 135.3317 0.1420
57492.5572 137.5945 0.1341
56809.4686 135.1758 0.1482
56741.6140 134.2678 0.1464
57216.2878 134.6723 0.1328
56778.3088 135.5521 0.1439
56801.3570 135.4033 0.1409
56780.3187 135.2925 0.1426
56744.5276 135.8385 0.1437
57433.5379 138.9574 0.1294
57223.3746 134.0362 0.1273
56715.5630 135.9371 0.1399
56781.3610 135.5395 0.1475
57220.2754 134.8102 0.1318
56811.4451 135.5193 0.1404
56722.4603 136.0475 0.1411
57508.4204 139.0587 0.1330
56807.3013 136.0619 0.1447
56841.3295 135.0478 0.1408
57567.3072 139.1891 0.1404
56712.4916 135.6528 0.1421
57547.4049 138.1904 0.1311
56772.5497 134.9614 0.1408
57213.2988 134.7472 0.1485
52793.2667 130.2501 0.0950
57104.4873 128.3709 0.1516
57166.3406 135.1913 0.1974
57185.4755 133.5873 0.1380
57078.4806 133.8510 0.1762
57105.5696 134.8111 0.2832
53388.6169 133.1344 0.0770
53770.6220 135.1906 0.1064
54620.3581 135.4043 0.1919
