57420.5648 195.5437 0.1058
52814.3124 180.8475 0.0375
57191.4456 192.7842 0.1399
56833.3407 188.5747 0.1541
57134.4846 191.7142 0.1413
56839.3248 187.6026 0.1705
56751.3553 187.5181 0.1672
56831.3281 188.8370 0.1650
56783.3558 187.1859 0.1645
57520.3246 201.1360 0.1451
56805.4223 188.5597 0.1706
56723.5016 187.6131 0.1670
57479.5576 190.4780 0.1430
57123.5575 190.7367 0.1405
57542.3711 200.6712 0.1561
57160.3779 192.9682 0.1478
57157.4560 191.7638 0.1541
56776.4714 188.9382 0.1641
56798.4341 189.4998 0.1611
56835.3306 189.1113 0.1654
56803.4771 188.1304 0.1758
56837.3334 188.6337 0.1666
57492.5572 188.2645 0.1569
56809.4686 188.8557 0.1742
56741.6140 185.1249 0.1677
57216.2878 191.5214 0.1586
56778.3088 187.8754 0.1679
56801.3570 187.6235 0.1648
56780.3187 186.2539 0.1656
56744.5276 187.5818 0.1670
57433.5379 201.4804 0.1565
57223.3746 194.1247 0.1532
56715.5630 188.0625 0.1632
56781.3610 188.8588 0.1719
57220.2754 193.3978 0.1580
56811.4451 189.5007 0.1652
56722.4603 188.0383 0.1643
57508.4204 199.6516 0.1603
56807.3013 188.3517 0.1698
56841.3295 188.9791 0.1645
57567.3072 197.4024 0.1679
56712.4916 187.6028 0.1654
57547.4049 200.4492 0.1587
56772.5497 187.7806 0.1636
57213.2988 193.4588 0.1783
57104.4873 192.3090 0.1863
57166.3406 193.8710 0.2349
57185.4755 190.9628 0.1636
57078.4806 193.1309 0.2108
57105.5696 191.0620 0.3355
53770.6220 195.3544 0.1271
54620.3581 194.9548 0.2306
