57420.5625 56.3255 0.0617
56833.3397 56.1609 0.0779
53472.5274 53.9519 0.0205
56783.3499 56.0684 0.0998
56715.5589 56.2524 0.0931
57157.4515 55.6864 0.0865
56722.4562 56.4896 0.0948
56809.4644 55.9797 0.1010
56839.3207 56.3942 0.0978
56841.3254 56.4062 0.0966
56781.3570 56.3146 0.0991
56811.4410 56.1702 0.0943
57492.5529 57.7258 0.0860
56751.3512 56.2329 0.0978
56712.4876 56.1727 0.0952
57213.2951 55.7581 0.0822
56780.3146 56.2563 0.0969
57160.3736 56.0620 0.0827
57123.5514 55.6138 0.0867
56772.5452 56.2063 0.0982
57191.4374 55.6683 0.0893
56805.4182 56.1897 0.0983
57542.3673 57.5806 0.0851
56744.5234 56.2912 0.0952
57223.3703 55.6344 0.0856
57547.4010 57.7545 0.0868
57220.2711 55.7114 0.0878
56803.4723 56.2384 0.0994
57508.4165 57.7090 0.0884
56831.3240 56.3891 0.0943
57134.4821 55.8501 0.0963
56807.2972 56.5398 0.0988
57433.5341 57.8706 0.0855
56798.4301 56.4841 0.0917
56837.3290 56.3028 0.0961
53500.3431 56.6692 0.0232
56835.3266 56.1323 0.0939
56801.3529 56.5190 0.0963
57567.3029 58.1053 0.0939
56776.4673 56.1212 0.0961
56778.3048 55.9822 0.0973
57216.2834 55.7362 0.0877
57479.5533 57.7932 0.0832
57520.3201 57.3675 0.0830
56723.4975 56.3301 0.0973
57133.6078 55.1821 0.1209
56741.6083 55.7195 0.1310
57078.4761 56.1076 0.1039
57166.3371 55.7870 0.0926
53474.4540 53.3151 0.0339
57185.4701 55.7506 0.1233
57104.4732 56.0183 0.1815
53496.3644 55.5737 0.0450
