56801.3749 85.3934 0.0701
57420.5809 85.5564 0.0746
56833.3526 85.2666 0.0943
57191.4580 83.2092 0.0895
52816.2955 81.6031 0.0267
56712.5038 85.2442 0.1126
56778.3210 85.5954 0.1181
57492.5703 86.3830 0.1085
57479.5706 86.9525 0.0995
56807.3136 85.6197 0.1154
57216.3027 83.8181 0.1064
56780.3316 85.5160 0.1161
56811.4574 84.8271 0.1125
56741.6340 83.8836 0.1228
56809.4820 84.3040 0.1177
56783.3699 84.9179 0.1182
57433.5504 87.3559 0.1051
56715.5752 85.6344 0.1113
57508.4323 87.3525 0.1074
56841.3435 85.2510 0.1150
56744.5399 85.9015 0.1178
56723.5137 85.6607 0.1153
57134.4954 84.3552 0.1017
56751.3675 85.9719 0.1152
56781.3732 85.0049 0.1190
57123.5755 83.9964 0.1020
56798.4478 84.9669 0.1129
56772.5627 84.7572 0.1182
57223.3876 83.9987 0.1023
56835.3435 85.1568 0.1130
57547.4163 87.1747 0.1072
57220.2890 83.5478 0.1019
56805.4347 85.5493 0.1167
57542.3828 87.6018 0.1044
56776.4836 85.5685 0.1126
57213.3122 84.3039 0.0982
57520.3376 87.1161 0.0996
56831.3404 85.4047 0.1126
56837.3458 85.0554 0.1151
56839.3381 84.8851 0.1214
56722.4730 85.7923 0.1162
56803.4932 83.8843 0.1571
57157.4700 83.5771 0.1140
57166.3553 84.6773 0.1225
57185.4913 82.8234 0.1407
57160.5099 83.6656 0.1448
57078.4942 84.1899 0.1482
57104.5235 84.5150 0.2176
57105.5754 83.7023 0.2309
