52730.5685 149.6034 0.0923
53462.4905 153.5442 0.1026
53847.5775 152.0363 0.1147
53853.4397 154.1368 0.0493
52698.6084 152.4657 0.0420
53586.2950 135.5162 0.0420
54186.5159 151.5989 0.0477
57420.5763 158.0777 0.0993
53466.6138 153.3458 0.0440
52710.6200 153.7082 0.0487
54531.5778 152.7403 0.0411
53911.3316 150.7448 0.0715
53524.3045 153.6308 0.0481
52817.2960 152.1738 0.0896
53583.3057 136.6448 0.0462
56801.3688 157.0542 0.1362
53851.4077 153.8487 0.0688
52790.4028 151.5553 0.1889
53799.4830 153.7723 0.0673
54176.5484 122.5017 0.0457
52813.3474 152.8558 0.0582
54209.4939 152.3000 0.0513
54262.4022 151.9479 0.0517
56833.3478 155.1266 0.1454
52792.4193 152.1219 0.0677
53505.3901 98.2614 0.0442
52722.5967 152.0412 0.0612
54624.3833 153.0067 0.0523
54570.4293 153.2837 0.0550
54538.5780 152.7022 0.0604
54113.6620 151.1425 0.0548
56723.5097 155.3130 0.1555
52791.4573 150.1767 0.0689
53553.4150 153.2693 0.0572
56831.3363 155.8219 0.1510
52721.6238 151.5976 0.0720
56798.4422 154.7666 0.1476
53502.3887 153.1569 0.0545
53138.4623 153.5554 0.0552
54528.5229 147.2934 0.0501
54144.5896 152.4352 0.0566
56809.4772 151.2566 0.1641
54561.4246 146.6046 0.0564
54151.6511 151.4656 0.0594
54117.6469 152.2725 0.0548
53743.6353 153.8012 0.0549
56741.6278 153.5347 0.1582
54120.6638 152.2387 0.0580
53469.5196 153.5796 0.0558
53892.3778 145.5479 0.0579
53146.4912 153.1721 0.0548
57213.3079 155.0159 0.1322
56807.3096 154.7714 0.1622
56780.3275 156.0364 0.1541
56778.3170 155.8875 0.1558
53766.6179 153.8128 0.0570
56776.4795 154.9439 0.1516
54153.5976 152.3702 0.0590
56781.3691 155.0423 0.1615
57123.5698 155.4217 0.1325
57223.3832 154.1398 0.1371
57134.4907 155.5113 0.1382
53109.5778 152.1941 0.0610
54179.5227 150.2939 0.0549
56751.3634 156.0422 0.1532
56805.4306 154.3924 0.1530
54557.5463 152.9743 0.0554
54614.3932 153.1705 0.0573
54618.4147 152.6085 0.0540
57433.5460 161.3877 0.1421
53772.6273 153.2345 0.0590
56835.3395 155.4344 0.1514
53117.4860 149.3950 0.0534
53473.5887 153.0977 0.0574
57216.2975 154.9183 0.1418
56744.5358 155.3557 0.1563
53769.6073 154.2909 0.0583
56772.5585 154.2013 0.1518
53121.5140 139.1315 0.0512
53943.3035 152.3872 0.0588
54563.4950 152.8502 0.0555
56722.4684 155.8357 0.1507
53875.3602 152.7888 0.0566
54183.5071 152.6579 0.0577
53500.3166 147.9482 0.0528
53879.3092 133.5511 0.0542
54201.4545 151.9090 0.0571
53195.3475 152.3385 0.0546
53446.5332 154.0568 0.0549
54259.3136 151.3813 0.0546
53855.4169 153.6079 0.0560
56715.5711 155.5989 0.1490
53551.3298 150.6701 0.0536
56712.4997 155.3899 0.1510
54524.5274 152.8007 0.0575
53906.3692 152.8203 0.0620
57220.2845 153.7300 0.1420
53411.6245 151.4119 0.0544
53390.6497 153.8943 0.0557
56841.3393 154.6800 0.1476
54535.5084 152.6377 0.0539
53200.2675 151.6995 0.0539
54621.4067 152.3355 0.0564
53495.4402 153.3800 0.0558
53083.6071 150.3811 0.0560
54124.6317 152.1659 0.0555
56839.3341 154.6332 0.1580
54266.2931 152.2479 0.0552
57520.3333 160.5152 0.1319
53578.3439 141.2155 0.0623
54234.4885 115.8493 0.0487
53859.3678 151.1497 0.0555
53916.3256 152.1133 0.0619
56803.4885 153.3514 0.1621
56837.3417 155.2697 0.1520
52815.2914 142.6781 0.0365
53883.3901 152.1920 0.0577
57191.4517 153.5409 0.1385
53939.3075 152.5357 0.0572
54229.4794 151.7076 0.0601
57157.4650 154.3732 0.1407
56811.4533 154.7414 0.1502
56783.3659 155.1769 0.1532
54511.5838 152.4393 0.0590
54255.3383 141.8364 0.0630
54600.4469 151.0250 0.0725
57160.5052 154.5614 0.1554
53531.3651 153.2569 0.0642
53175.3856 152.3207 0.0648
54597.4520 153.1593 0.0630
53936.3106 152.3428 0.0668
57166.3513 155.9469 0.1506
53518.4511 152.7979 0.0721
54594.4537 152.9634 0.0639
53165.4111 152.4170 0.0618
54588.5532 153.1709 0.0702
53888.4096 152.2118 0.0648
57185.4838 154.1408 0.1729
54205.4890 151.6719 0.0667
53149.3340 143.6548 0.0578
57492.5655 161.2385 0.1764
53527.3558 151.6942 0.0619
53178.3762 152.6099 0.0628
53523.4201 103.3664 0.0662
54591.3874 153.1407 0.0618
54213.5754 151.5999 0.0714
57479.5661 160.2968 0.1442
57508.4274 161.0187 0.1983
53463.5958 153.5839 0.0935
57105.5730 155.4521 0.2181
57547.4116 160.8542 0.2048
57542.3781 160.7861 0.1987
53563.3392 151.8605 0.0926
57078.4898 156.8309 0.1936
57104.5182 156.1872 0.2286
53198.3064 150.2331 0.2318
54620.3618 154.3491 0.2040
