57420.5718 118.7098 0.0851
56833.3442 115.0175 0.1189
52813.3181 117.4010 0.0292
56741.6247 115.4460 0.1302
56805.4265 115.1060 0.1326
56781.3651 115.3286 0.1345
52814.3124 114.0481 0.0336
57492.5616 119.3067 0.1184
56798.4382 115.4531 0.1258
57542.3753 120.1088 0.1215
56841.3344 115.5422 0.1295
57157.4605 115.4218 0.1189
57520.3289 119.8686 0.1130
56801.3611 115.5374 0.1318
57213.3036 115.6957 0.1137
56809.4728 114.6785 0.1371
56839.3294 115.2850 0.1337
56712.4957 116.3903 0.1302
57508.4244 120.0740 0.1224
57191.4470 114.8280 0.1135
56722.4643 116.2344 0.1297
57134.4858 116.3128 0.1142
56835.3351 115.5735 0.1287
56723.5056 116.2356 0.1330
56811.4492 115.1772 0.1283
57223.3789 115.1572 0.1175
57216.2922 115.8008 0.1229
56778.3129 116.3550 0.1343
56783.3617 115.2234 0.1309
57220.2801 116.0236 0.1226
57479.5619 119.6273 0.1129
56807.3055 115.8850 0.1349
56780.3231 115.4866 0.1309
56837.3376 115.3758 0.1303
56831.3322 115.5424 0.1278
57547.4087 119.5223 0.1217
56751.3593 115.7273 0.1316
56744.5318 115.5370 0.1319
56772.5541 114.6439 0.1322
56715.5670 116.2711 0.1271
56776.4755 115.4550 0.1289
57433.5416 120.5280 0.1205
56803.4819 114.6007 0.1660
57160.4616 115.2385 0.1373
57078.4859 116.7283 0.1297
57166.3455 115.6238 0.1396
57105.5711 116.4542 0.1832
56829.3180 114.1303 0.1688
57104.5060 116.2983 0.1593
57185.4795 114.6997 0.1791
57123.5621 115.6280 0.1613
56865.2991 115.5416 0.1801
57567.3097 117.5703 0.3052
