57420.5582 72.7511 0.0682
56743.5383 71.4990 0.0948
56741.6094 70.7477 0.1089
53472.4934 70.8376 0.0232
56780.3104 71.4750 0.1084
56833.3288 71.5252 0.1046
56807.2931 71.3844 0.1142
57479.5491 73.7378 0.0972
56712.4835 71.6148 0.1051
56778.3007 71.4622 0.1061
56837.3245 71.2997 0.1055
57220.2668 71.6563 0.0950
57567.2988 74.2693 0.0991
56776.4632 71.4147 0.1059
57191.4328 71.4071 0.0934
56831.3199 71.3924 0.1038
57216.2792 71.8643 0.0978
56839.3166 71.1698 0.1081
57223.3660 71.4892 0.0953
56841.3211 71.3476 0.1066
57194.4128 72.0903 0.0944
56744.5188 71.5421 0.1046
57542.3634 74.1000 0.0987
56723.4935 71.7381 0.1125
56805.4134 71.2484 0.1080
57508.4126 74.1356 0.0974
57185.4654 71.2069 0.0949
56781.3529 71.6062 0.1086
57433.5303 74.1181 0.0957
56801.3488 71.5546 0.1054
57492.5483 73.0472 0.1014
57520.3156 73.7496 0.0930
56811.4368 71.0767 0.1025
56772.5406 71.0508 0.1101
56809.4595 70.4257 0.1082
56803.4668 69.3347 0.1087
56798.4255 71.1990 0.1001
56783.3458 71.2166 0.1084
56715.5548 71.7011 0.1030
57160.3693 71.8017 0.0907
57547.3970 73.9338 0.0973
57213.2908 71.7506 0.0906
56722.4512 71.5641 0.1053
56835.3225 71.4837 0.1032
56751.3471 71.8802 0.1081
57157.4471 71.8397 0.0973
57133.6028 70.5065 0.1200
57123.5441 71.9540 0.1195
57104.4669 70.3205 0.1355
57459.5499 74.3128 0.1384
57134.4738 72.7470 0.1488
57166.3310 71.8208 0.1498
54620.3631 68.5123 0.1388
