57420.5625 69.3664 0.0669
56833.3397 68.0994 0.0842
56712.4876 67.9151 0.1025
56783.3499 68.1096 0.1065
56715.5589 68.2568 0.1007
57157.4515 68.8642 0.0942
56722.4562 67.9078 0.1019
56809.4644 68.4430 0.1095
56839.3207 68.4160 0.1055
56841.3254 68.3867 0.1036
56781.3570 67.8694 0.1060
56835.3266 68.2745 0.1016
56811.4410 68.4453 0.1023
57492.5529 63.5646 0.0878
56751.3512 67.5163 0.1047
56837.3290 68.3551 0.1038
57133.6087 41.3216 0.0865
57213.2951 69.4717 0.0901
56780.3146 67.7796 0.1038
57160.3736 69.2826 0.0903
53496.3516 68.8300 0.0248
57123.5514 68.4650 0.0923
56772.5452 68.1606 0.1047
57191.4374 69.2135 0.0973
56805.4182 68.0836 0.1061
56744.5234 68.0177 0.1023
57223.3703 69.1611 0.0936
57547.4010 71.2960 0.0950
57220.2711 69.0956 0.0959
56741.6082 67.1018 0.1086
56803.4723 67.8752 0.1065
57508.4165 71.3355 0.0967
56831.3240 68.3659 0.1020
57134.4821 69.2953 0.1049
56807.2972 68.0941 0.1066
57433.5341 71.2800 0.0937
56778.3048 67.8932 0.1049
56798.4301 68.4288 0.0991
56801.3529 68.0939 0.1036
57567.3029 71.1407 0.1024
56776.4673 67.9914 0.1036
57542.3673 71.8263 0.0937
57216.2834 69.1882 0.0961
57479.5533 71.5292 0.0906
57520.3201 71.1682 0.0902
56723.4975 68.2660 0.1050
52793.2667 66.4944 0.0692
57078.4761 69.6540 0.1137
57166.3371 69.2103 0.1003
57185.4701 69.4568 0.1339
53388.6169 32.4106 0.0403
57104.4732 68.8537 0.1981
