56801.3716 225.3560 0.1115
57420.5775 236.6011 0.1010
57191.4549 230.1952 0.1275
56833.3480 208.3581 0.1428
52730.5987 238.0355 0.1161
56809.4784 220.7039 0.1632
56722.4695 226.6234 0.1525
56798.4437 226.1746 0.1494
56839.3351 213.2841 0.1552
57433.5472 243.3985 0.1469
57542.3800 243.0811 0.1462
56805.4316 215.8602 0.1517
57223.3843 232.9330 0.1420
57520.3344 242.4233 0.1356
56715.5721 210.0889 0.1441
56712.5007 226.0843 0.1513
57508.4293 236.4292 0.1454
57220.2856 230.7752 0.1441
57216.2989 231.3731 0.1466
56744.5368 214.5173 0.1522
57479.5673 241.5777 0.1356
56837.3427 217.0341 0.1502
57547.4135 241.8415 0.1489
56803.4899 165.5358 0.1410
56835.3405 212.9346 0.1477
56781.3701 226.2594 0.1608
57492.5671 240.0077 0.1507
56841.3403 214.8982 0.1457
57134.4919 216.6321 0.1336
57123.5712 229.8360 0.1305
56807.3106 220.4377 0.1599
56780.3285 226.2119 0.1540
56811.4543 228.6565 0.1529
56741.6294 214.9693 0.1533
56778.3180 226.6332 0.1568
56783.3669 227.5346 0.1538
56776.4806 228.7651 0.1531
56723.5107 214.5473 0.1515
56772.5595 225.8898 0.1532
57213.3090 233.1988 0.1363
56831.3373 215.6766 0.1484
56751.3644 226.7699 0.1534
57160.5059 232.3302 0.1613
57157.4658 232.3425 0.1547
57166.3518 233.4995 0.1694
57078.4911 233.4403 0.1911
57185.4838 229.8915 0.2193
53122.4974 167.4082 0.0434
57105.5730 231.9097 0.2772
57104.5182 233.3040 0.2912
54620.3618 232.2211 0.2475
