57420.5496 154.3232 0.1046
57567.2954 166.7846 0.1145
57133.5191 137.4901 0.1327
57194.4064 151.6101 0.1388
56743.5233 168.9277 0.1330
57547.3910 177.3507 0.1315
57479.5430 176.8579 0.1253
57433.5243 177.4518 0.1270
56803.4428 174.0842 0.1450
57508.4061 176.8588 0.1317
57520.3086 176.8401 0.1189
57459.5441 178.4165 0.1347
57542.3572 176.8146 0.1318
57185.4656 172.1460 0.1796
56741.6039 168.8069 0.1572
56841.3171 172.0156 0.1588
56801.3447 170.3037 0.1609
57213.2842 170.8780 0.1971
56715.5507 87.1112 0.1161
57492.5400 164.7158 0.1603
57160.3629 166.2644 0.1955
56783.3403 170.5376 0.1626
53467.4890 153.3943 0.0367
56772.5360 85.9226 0.1152
57220.2606 128.5179 0.1434
56837.3204 171.5733 0.1602
56811.4327 171.7762 0.1585
56778.2967 170.0410 0.1644
57078.4405 124.4907 0.1257
56805.4093 171.6868 0.1635
56780.3062 168.7678 0.1642
56839.3125 171.5429 0.1674
56835.3184 171.8534 0.1594
56744.5528 170.5065 0.1636
56781.3489 171.3348 0.1646
56776.4591 93.0747 0.1202
57216.2727 167.5253 0.2104
56831.3158 171.6255 0.1609
56833.3247 171.5850 0.1571
56807.2890 170.6340 0.1687
57134.4705 128.6869 0.1647
57123.5349 159.6371 0.2609
57223.3608 173.4211 0.2042
57195.4023 117.8045 0.1726
57157.4418 164.7910 0.2002
56809.4559 171.7948 0.1863
57191.4242 171.5464 0.2619
57460.4772 184.4201 0.3295
56723.4904 170.6751 0.2272
53884.4341 131.6600 0.0454
56751.3440 170.6915 0.2318
56798.4224 172.1584 0.2201
53883.4566 152.3417 0.0495
56712.4805 170.3783 0.2272
56722.4482 169.4417 0.2265
57105.5598 173.8220 0.5815
57104.4634 172.7069 0.3032
57419.5304 174.2365 0.3231
57166.3288 170.2076 0.2735
