57479.5240 4.2832 0.0250
56715.4984 2.9699 0.0357
57420.5453 4.0470 0.0334
56803.4112 3.0887 0.0374
56743.5101 2.8997 0.0363
56741.5899 2.8014 0.0533
57567.2896 4.0233 0.0317
56723.4803 2.9374 0.0381
56781.3397 3.1903 0.0476
56809.4460 3.1803 0.0385
56721.5901 2.9994 0.0429
56798.4117 3.0457 0.0342
56778.2875 3.2802 0.0415
56805.4000 3.1349 0.0358
56837.3096 3.0498 0.0361
57520.3008 4.2137 0.0452
57542.3509 4.0741 0.0291
56776.4499 3.1991 0.0376
57460.4734 4.1925 0.0323
56833.3155 2.9594 0.0347
57508.3994 4.2563 0.0311
56780.2967 3.2143 0.0442
56835.3093 3.0529 0.0342
56831.3066 3.0808 0.0346
56744.5344 2.8487 0.0378
56751.3336 3.0059 0.0442
56811.4234 3.1224 0.0343
56783.3308 3.2050 0.0486
56841.3074 3.0282 0.0433
57492.5332 4.1686 0.0348
56801.3352 3.1850 0.0401
56839.3033 2.9702 0.0385
57459.5373 4.4312 0.0331
56772.5257 3.3822 0.0464
56807.2799 3.1209 0.0382
53496.3516 4.4464 0.0087
56712.4708 2.9807 0.0420
57433.5183 4.2666 0.0318
57216.2664 4.0394 0.0375
57160.3564 3.4013 0.0340
56829.3208 3.0476 0.0507
56800.5027 3.1753 0.0732
57213.2777 3.8945 0.0341
57194.3999 3.6969 0.0371
57133.4106 3.2860 0.0347
57220.2508 4.2490 0.0923
57223.3531 4.0317 0.0380
57157.4336 3.5268 0.0385
56722.4392 3.0177 0.0492
57547.3854 3.9947 0.0322
57419.5251 4.0950 0.0663
57191.4184 3.7627 0.0489
52793.2667 4.2816 0.0308
57123.5278 3.3812 0.0940
57104.4484 3.4557 0.0506
57156.4565 3.2562 0.0641
57134.4666 3.3431 0.0615
56711.5225 3.0886 0.0869
57155.3464 2.8722 0.2449
57195.3988 3.6925 0.0593
57185.4502 3.6702 0.0616
57078.4234 3.3914 0.0566
57166.3176 3.2641 0.1005
53388.6169 1.8237 0.0186
57105.5577 3.2796 0.0809
