56833.3156 0.7347 0.0325
53496.3516 4.0868 0.0085
56811.4232 0.7856 0.0344
56835.3088 0.6742 0.0365
56715.5421 0.8200 0.0448
56744.5243 0.8032 0.0473
56798.4122 0.7222 0.0383
52793.2667 2.4233 0.0281
56805.4015 0.7508 0.0398
56722.4390 0.7404 0.0486
56723.4823 0.7891 0.0548
56831.3076 0.7401 0.0491
56809.4459 0.7605 0.0548
56712.4724 0.7912 0.0560
56751.3362 0.8527 0.0784
57433.5289 1.2389 0.0589
53388.6169 3.3218 0.0203
56778.2881 0.7002 0.0679
54620.3631 4.2747 0.0485
56783.3335 0.7242 0.0808
56837.3121 0.6456 0.0625
56721.5875 2.4226 0.1075
56772.5263 0.6815 0.0739
56803.3967 0.6941 0.0943
