57420.5582 74.8817 0.0711
56743.5383 72.5570 0.0975
56741.6094 72.0531 0.1118
56744.5188 73.0219 0.1078
56780.3104 72.4758 0.1116
56833.3288 73.0733 0.1081
56807.2931 72.9204 0.1183
57479.5491 76.3159 0.1013
56712.4835 72.6044 0.1081
56778.3007 72.9309 0.1097
56837.3245 73.1288 0.1091
57220.2668 74.3748 0.0993
57567.2988 76.3330 0.1030
56776.4632 73.7686 0.1099
57191.4328 74.0277 0.0973
56831.3199 73.2262 0.1075
57216.2792 73.8907 0.1019
56839.3166 73.0376 0.1119
57223.3660 74.3341 0.0997
56841.3211 73.0993 0.1102
57194.4128 74.3172 0.0982
56722.4512 72.6280 0.1083
57542.3634 77.1149 0.1030
56723.4935 73.5042 0.1162
56805.4134 73.0118 0.1118
57508.4126 76.3024 0.1012
53475.5607 69.8473 0.0273
57185.4654 73.9943 0.0989
56781.3529 73.2087 0.1121
57433.5303 76.5626 0.0997
53472.4612 73.1886 0.0263
56801.3488 73.1874 0.1090
57492.5483 76.1993 0.1061
57520.3156 76.2667 0.0968
56811.4368 72.8192 0.1061
56772.5406 73.0486 0.1140
56809.4595 73.1152 0.1127
56803.4668 72.6001 0.1135
56798.4255 72.9805 0.1036
56783.3458 72.9891 0.1121
56715.5548 73.3819 0.1064
57160.3693 74.3559 0.0947
57547.3970 75.6369 0.1008
57213.2908 74.4036 0.0947
56835.3225 73.0332 0.1067
56751.3471 73.0727 0.1112
57157.4471 74.1494 0.1013
57123.5441 73.8252 0.1237
57104.4669 71.8338 0.1405
57133.6028 73.6598 0.1256
57459.5499 76.2229 0.1435
57134.4738 74.4907 0.1542
57166.3310 74.3285 0.1562
54620.3631 70.4272 0.1399
53467.5113 70.1650 0.0506
