56743.5069 163.8755 0.0962
57420.5495 168.5384 0.1024
56781.3448 164.9418 0.1595
57508.4044 170.9054 0.1484
56776.4550 164.4687 0.1556
56780.3019 161.6863 0.1557
56803.4007 164.4228 0.1611
56831.3117 163.8288 0.1525
57567.2972 170.0103 0.1642
56778.2926 156.8442 0.1554
56835.3144 163.7940 0.1509
57542.3556 170.5588 0.1464
57547.3894 170.8582 0.1464
56723.4853 164.4160 0.1545
56712.4754 164.9308 0.1548
56741.5892 163.6321 0.1568
56805.4052 164.1683 0.1550
57433.5227 171.4613 0.1417
56839.3084 164.0041 0.1556
57459.5423 170.0395 0.1485
57160.3607 166.1198 0.1359
53475.5607 150.3294 0.0388
57133.4154 166.8027 0.1380
57194.4042 166.0115 0.1392
56715.5467 164.5238 0.1535
57157.4382 166.3339 0.1448
56744.5487 164.3168 0.1571
56841.3128 164.1009 0.1506
57216.2706 165.9991 0.1433
57223.3574 165.9281 0.1407
56751.3388 164.1938 0.1559
56837.3164 163.9897 0.1526
56833.3206 164.0473 0.1513
57479.5414 170.0749 0.1342
57213.2820 166.0931 0.1345
56722.4431 164.8358 0.1560
57078.4375 167.3864 0.1353
57220.2575 165.7241 0.1283
56772.5313 164.8706 0.1518
56801.3407 164.2127 0.1559
57520.3067 170.1623 0.1326
56809.4513 163.8060 0.1584
56783.3361 164.2015 0.1521
56798.4174 164.1993 0.1472
56807.2850 163.7423 0.1595
56811.4286 163.7290 0.1496
57492.5382 168.2935 0.1830
57185.4561 166.3365 0.1705
57191.4231 166.4938 0.1718
57460.4772 170.6950 0.2887
57195.4008 165.0644 0.2172
53883.4566 149.4628 0.0488
57166.3209 166.5932 0.2271
57123.5324 165.3367 0.1889
57105.5603 166.3587 0.2172
57134.4685 168.9921 0.2270
56721.5940 164.4839 0.3836
57419.5304 169.3391 0.2915
57104.4590 167.3111 0.2909
53467.5113 152.6975 0.0727
54620.3656 162.8015 0.2125
53770.6182 162.6730 0.1118
