57420.5652 135.1997 0.0844
56743.5069 129.0340 0.0878
52698.6084 133.2484 0.0376
57508.4183 136.9060 0.0996
57433.5366 137.5954 0.0966
57542.3692 137.3310 0.0982
57520.3222 136.9587 0.0905
57479.5560 137.1810 0.0911
57547.4029 137.2703 0.0995
57492.5565 137.2132 0.1109
57213.2881 134.0633 0.1405
57078.4487 118.6208 0.1037
57223.3638 133.8403 0.1286
57220.2635 132.9372 0.1423
57157.4448 134.0906 0.1302
57160.3909 134.1418 0.1266
57123.5582 137.4964 0.1662
57567.2958 135.6889 0.1375
52816.2955 125.9595 0.0324
56781.3448 131.3402 0.1472
57166.3386 137.2281 0.1966
56776.4550 131.2864 0.1433
56780.3019 129.3601 0.1439
56803.4007 130.4321 0.1481
56831.3117 131.1918 0.1405
56778.2926 130.1607 0.1460
56835.3144 131.3737 0.1391
57191.4313 119.7144 0.1426
56723.4853 130.5418 0.1418
57459.5423 135.3369 0.1368
56744.5487 130.8469 0.1443
57216.2706 131.7507 0.1315
56741.5892 129.8940 0.1445
57133.4154 132.0880 0.1264
56712.4754 130.2499 0.1422
56811.4286 131.4053 0.1381
56715.5467 131.2268 0.1410
56751.3388 130.6826 0.1434
56841.3128 131.3584 0.1390
56837.3164 131.1189 0.1405
56833.3206 131.0884 0.1393
56772.5313 131.0627 0.1401
56801.3407 131.0716 0.1436
56722.4431 130.0213 0.1426
56809.4513 131.7818 0.1465
56783.3361 130.7548 0.1405
56798.4174 131.6455 0.1358
56807.2850 130.7239 0.1468
56839.3084 130.9357 0.1433
56805.4052 131.2550 0.1429
57194.4042 132.8278 0.1278
57185.4561 132.0639 0.1562
57134.4777 2905.3995 1.3166
57105.5653 134.6686 0.2268
57460.4772 134.4479 0.2656
57195.4008 132.8713 0.1999
56721.5940 129.9457 0.3513
57419.5304 134.5807 0.2703
54620.3656 131.1792 0.1924
57104.4590 132.7224 0.2663
53770.6182 130.9559 0.1009
