57420.5644 291.7138 0.1050
56833.3420 292.7297 0.1405
56805.4202 225.5347 0.1315
56807.2993 262.6099 0.1416
56803.4747 232.6206 0.1350
56798.4321 293.9864 0.1402
56811.4430 234.0384 0.1293
56809.4665 230.9185 0.1358
56801.3549 259.2164 0.1362
57191.4436 293.7900 0.1453
56781.3600 292.9720 0.1722
57542.3702 306.5684 0.1569
56841.3285 292.8914 0.1648
57567.3062 303.0186 0.1666
57216.2867 293.1864 0.1584
56776.4704 275.7517 0.1619
56778.3078 293.4868 0.1703
56741.6125 292.7536 0.1692
56780.3177 293.0458 0.1675
57223.3735 294.0420 0.1524
56712.4906 294.7397 0.1679
56723.5006 293.7123 0.1710
56744.5266 197.5477 0.1380
56772.5486 283.8202 0.1617
56722.4592 294.6033 0.1670
57547.4040 303.6836 0.1591
56835.3296 293.3873 0.1671
57508.4194 304.1469 0.1603
57520.3234 304.5871 0.1440
56751.3543 294.0723 0.1701
56715.5619 293.9560 0.1656
56831.3270 294.0117 0.1672
56837.3324 292.4468 0.1684
57123.5560 296.2169 0.1395
56839.3237 291.7167 0.1715
57433.5369 304.9698 0.1560
56783.3541 293.4096 0.1656
57220.2743 287.7255 0.1557
57213.2978 295.2920 0.1664
57134.4839 298.5171 0.1688
57160.3757 295.9717 0.1817
57492.5551 301.8546 0.1946
57479.5554 303.9781 0.1784
57104.4838 293.2271 0.1976
57157.4538 294.0474 0.1889
57166.3383 294.4692 0.2163
57185.4743 292.1178 0.1653
57078.4782 297.7442 0.2033
53472.5252 257.0605 0.0596
57133.6102 290.9035 0.2688
57105.5696 296.2224 0.4176
53474.4508 231.1777 0.0925
53770.6220 303.9759 0.1596
54620.3581 302.1819 0.2884
