57420.5582 176.9649 0.1036
53472.4821 161.0945 0.0273
56743.5381 177.4398 0.1503
56741.6094 176.6084 0.1596
56811.4368 178.0512 0.1603
56780.3104 178.0168 0.1659
56833.3288 176.6052 0.1623
56807.2931 176.6536 0.1773
57479.5491 180.6712 0.1489
56712.4835 178.1021 0.1625
56778.3007 178.2333 0.1644
56837.3245 176.6239 0.1633
57220.2668 174.6444 0.1473
57567.2988 181.4575 0.1549
56776.4632 176.2969 0.1636
57191.4328 173.4843 0.1438
56831.3199 177.5886 0.1621
57216.2792 174.9560 0.1519
56839.3166 176.0062 0.1666
57223.3660 173.8248 0.1472
56841.3211 176.8588 0.1617
57194.4128 175.4275 0.1460
56722.4512 177.6707 0.1631
56744.5188 177.6676 0.1619
57542.3634 181.3301 0.1549
56723.4935 177.6988 0.1728
56805.4134 176.6731 0.1670
57508.4126 181.5582 0.1523
57185.4654 173.7770 0.1448
56781.3529 177.6506 0.1656
57433.5303 181.7437 0.1501
56801.3488 177.6988 0.1631
57492.5483 175.7069 0.1555
57520.3156 180.7797 0.1414
56772.5406 176.1160 0.1656
56809.4595 175.7976 0.1681
56803.4668 175.8289 0.1676
56798.4255 178.7638 0.1566
56783.3458 177.2396 0.1631
56715.5548 178.1878 0.1601
57160.3693 175.4167 0.1415
57547.3970 181.3957 0.1529
57213.2908 175.1833 0.1410
56835.3225 177.0263 0.1607
56751.3471 176.8808 0.1655
57157.4471 174.4035 0.1493
57123.5441 175.5760 0.1730
57104.4669 167.2832 0.2006
57133.6028 171.9603 0.1820
57459.5499 181.3661 0.2163
57134.4738 176.4836 0.2279
57166.3310 174.4601 0.2269
