57479.5240 239.3916 0.0992
52698.6084 227.9389 0.0511
56715.4984 232.2108 0.1400
57420.5453 232.8579 0.1207
56803.4112 233.1585 0.1437
56743.5101 231.2030 0.1455
56741.5899 229.9840 0.1576
57567.2896 239.8255 0.1442
56723.4803 231.9503 0.1579
56781.3397 231.6084 0.1625
56809.4460 233.3914 0.1616
56721.5901 231.3509 0.1635
56798.4117 232.3984 0.1485
56778.2875 232.6528 0.1611
56811.4234 232.9480 0.1519
56805.4000 232.5093 0.1531
57508.3994 239.7472 0.1445
56837.3096 232.8223 0.1540
57520.3008 239.0994 0.1440
57542.3509 240.9639 0.1424
56776.4499 232.0437 0.1549
57460.4734 240.1953 0.1506
56833.3155 233.5069 0.1525
53475.5639 194.0183 0.0370
56780.2967 231.6321 0.1592
56835.3093 232.3555 0.1526
56831.3066 232.9202 0.1544
56744.5344 231.2416 0.1513
56751.3336 231.1295 0.1601
56783.3308 231.3019 0.1542
56841.3074 232.9704 0.1517
57492.5332 238.0749 0.1528
56801.3352 233.2147 0.1582
56839.3033 233.2256 0.1559
57459.5373 239.1798 0.1505
56772.5257 232.9124 0.1581
56807.2799 232.5610 0.1647
52815.2953 215.3546 0.0399
56712.4708 231.3964 0.1696
57433.5183 230.0337 0.1510
57216.2664 231.6310 0.1674
56829.3208 233.9977 0.2098
56800.5027 232.0045 0.2413
57213.2777 231.2342 0.1580
57194.3999 230.6013 0.1631
57133.4106 230.2787 0.1508
57220.2508 230.2737 0.1811
57223.3531 231.0664 0.1644
57157.4336 230.5414 0.1588
57160.3564 231.1979 0.1588
56722.4392 231.9454 0.2049
57547.3854 238.0692 0.1573
57419.5251 238.1745 0.2059
57191.4184 231.0403 0.2041
57104.4484 236.6656 0.2300
57123.5278 230.6491 0.2678
57185.4502 229.7103 0.2396
57134.4666 230.2461 0.2546
56711.5225 232.0174 0.2895
57155.3464 237.5904 0.5865
57195.3988 230.8524 0.2568
57078.4234 227.2821 0.1853
57166.3176 231.7319 0.3643
57156.4574 225.8246 0.4417
57105.5577 229.2633 0.3573
53467.5113 192.7452 0.0812
