56743.5069 111.2896 0.0821
57420.5495 115.2966 0.0879
57567.2958 116.7195 0.1273
56781.3448 112.0226 0.1367
57508.4044 116.9835 0.1259
56776.4550 112.6271 0.1331
56780.3019 111.4063 0.1341
56803.4007 112.4212 0.1381
56831.3117 112.1769 0.1301
56778.2926 112.0192 0.1358
56835.3144 112.3247 0.1287
57542.3556 116.8994 0.1241
57547.3894 116.9400 0.1240
56741.5892 111.4503 0.1357
56805.4052 112.1047 0.1323
57433.5227 116.9566 0.1200
56839.3084 112.6385 0.1333
57459.5423 117.7859 0.1270
57160.3607 113.8197 0.1156
56712.4754 111.4971 0.1315
57133.4154 113.5311 0.1174
57194.4042 113.4125 0.1182
56715.5467 112.5333 0.1308
57157.4382 113.6701 0.1235
56744.5487 111.8965 0.1340
56841.3128 112.2193 0.1294
57216.2706 113.8135 0.1221
57223.3574 113.6814 0.1199
56751.3388 111.6124 0.1334
56837.3164 112.3136 0.1303
56833.3206 112.2124 0.1290
57479.5414 117.3048 0.1153
57213.2820 113.7951 0.1145
56722.4431 111.8855 0.1326
57078.4375 114.5196 0.1168
57220.2575 113.4136 0.1106
56772.5313 111.9291 0.1304
56801.3407 112.5823 0.1335
57520.3067 116.6691 0.1137
56809.4513 112.2809 0.1355
56783.3361 111.5693 0.1312
56723.4853 111.8519 0.1316
56798.4174 112.0993 0.1255
56807.2850 112.3957 0.1363
56811.4286 111.8997 0.1275
52816.2956 107.2226 0.0332
57185.4561 113.5013 0.1455
57492.5382 119.6155 0.1576
57191.4231 114.0601 0.1462
57460.4772 117.5430 0.2489
57195.4008 116.6849 0.1875
57166.3209 113.9815 0.1952
57123.5324 113.1958 0.1647
57105.5603 114.0888 0.1851
57134.4685 112.8414 0.1921
56721.5940 111.9396 0.3283
57419.5304 117.5570 0.2552
57104.4590 113.4849 0.2463
54620.3656 8.3586 0.0586
