57420.5625 56.1610 0.0631
56833.3397 71.1474 0.0875
53496.3516 71.4482 0.0226
56712.4876 70.8165 0.1077
56798.4301 71.4689 0.1044
56715.5589 71.0240 0.1058
57157.4515 72.3571 0.0993
56722.4562 70.7670 0.1070
56809.4644 71.2399 0.1151
56839.3207 70.9706 0.1106
56841.3254 71.4220 0.1083
56811.4410 71.2171 0.1077
56751.3512 70.2322 0.1098
56837.3290 71.4080 0.1092
57133.6087 71.5170 0.1070
57213.2951 72.6486 0.0950
57492.5529 73.5504 0.0994
57160.3736 72.7309 0.0953
57123.5514 71.8894 0.0958
57191.4374 72.2971 0.1021
56805.4182 70.9047 0.1115
56744.5234 70.9699 0.1075
57547.4010 74.3210 0.1010
57220.2711 72.3857 0.1011
56741.6082 69.6707 0.1129
56803.4723 70.9958 0.1120
57508.4165 74.3721 0.1029
56831.3240 71.2983 0.1073
57134.4821 72.6021 0.1119
56807.2972 70.8632 0.1123
57433.5341 61.8135 0.0907
57542.3673 75.0564 0.0997
56835.3266 71.3946 0.1071
56801.3529 70.7906 0.1088
57567.3029 73.9939 0.1092
57216.2834 72.2486 0.1013
57479.5533 74.8098 0.0960
57520.3201 74.5908 0.0956
56723.4975 65.6637 0.1064
57223.3703 72.7470 0.0988
52793.2667 69.6222 0.0706
57166.3371 72.4689 0.1031
56778.3058 70.9572 0.1503
56776.4683 71.5807 0.1485
57078.4772 71.9485 0.1328
53388.6201 70.1224 0.0417
56783.3509 70.7775 0.1522
57185.4701 72.5782 0.1421
56781.3580 70.4637 0.1511
56772.5463 71.2570 0.1459
56780.3156 70.4641 0.1474
57104.4732 72.2824 0.2005
