56801.3747 52.8038 0.0700
52730.5987 64.8527 0.0652
57191.4582 63.2118 0.1012
57420.5797 63.4630 0.0922
53122.5017 64.3147 0.0270
57542.3819 65.9381 0.1294
56837.3448 61.2775 0.1389
56715.5742 61.6015 0.1339
56809.4807 59.6502 0.1449
57479.5695 65.2549 0.1227
56831.3394 61.5571 0.1362
56803.4925 61.9758 0.1564
56839.3371 61.5822 0.1469
56741.6324 60.5193 0.1519
56751.3665 61.6619 0.1393
57220.2879 63.4129 0.1262
57508.4313 65.0415 0.1308
56778.3200 61.2291 0.1428
57216.3016 62.1768 0.1314
56807.3126 61.0724 0.1405
57547.4153 65.5693 0.1324
57134.4943 62.7258 0.1212
56811.4564 61.3933 0.1365
56783.3689 61.5379 0.1464
56744.5389 61.1020 0.1419
56841.3424 61.1106 0.1390
57123.5741 62.3051 0.1276
56723.5127 61.9170 0.1404
56722.4715 61.2754 0.1399
56835.3425 61.4074 0.1359
56781.3722 61.2325 0.1446
56772.5617 61.6157 0.1460
56798.4468 61.3307 0.1369
56780.3305 60.8291 0.1389
56712.5028 61.1097 0.1359
57492.5692 66.9774 0.1386
56805.4337 61.1508 0.1410
56833.3486 61.6804 0.1357
56776.4826 61.4858 0.1365
57213.3111 62.4166 0.1199
57223.3865 62.2282 0.1274
57520.3365 64.7905 0.1230
57433.5495 65.6998 0.1294
57166.3534 62.2873 0.1956
57160.5081 63.1670 0.2036
57157.4689 62.4687 0.1526
