53462.4886 59.6549 0.0670
53847.5732 59.0645 0.0809
53911.3288 60.1570 0.0335
57479.5240 63.0508 0.0547
53851.4182 60.2247 0.0302
52730.5552 58.8072 0.0843
53853.4352 60.8224 0.0307
53524.3013 60.0025 0.0239
53586.2942 60.1058 0.0258
54186.5147 60.0112 0.0301
52698.6084 59.7838 0.0273
56715.4984 59.8140 0.0769
54531.5740 60.7438 0.0247
57420.5453 60.8538 0.0674
53466.6127 59.9876 0.0265
56803.4112 60.4266 0.0793
56743.5101 59.5887 0.0796
52710.6200 58.6302 0.0311
56741.5899 59.5788 0.0914
57567.2896 62.6282 0.0780
53583.3046 59.6186 0.0289
56811.4234 60.3673 0.0823
56778.2875 59.4611 0.0883
57520.3008 62.5939 0.0825
54570.4284 60.5615 0.0351
56780.2967 59.4335 0.0885
56831.3066 60.3415 0.0836
57492.5332 62.6875 0.0832
53799.4817 60.7528 0.0390
56723.4803 59.7399 0.0862
56835.3093 60.3150 0.0827
52817.2960 58.7588 0.0580
56837.3096 60.2921 0.0839
57542.3509 62.8045 0.0762
56744.5344 59.7888 0.0829
54262.4012 60.2490 0.0307
56841.3074 60.4074 0.0851
56801.3352 59.8068 0.0865
57508.3994 62.5314 0.0777
57459.5373 62.7285 0.0813
56807.2799 60.3005 0.0896
56781.3397 31.2827 0.0714
54209.4929 60.2115 0.0301
56721.5901 59.5306 0.0902
54624.3824 60.6961 0.0305
56776.4499 60.1306 0.0847
56772.5257 60.6458 0.0893
56783.3308 51.6648 0.0833
53505.3888 60.3998 0.0329
57460.4734 63.0845 0.0813
56809.4460 60.2999 0.0880
56798.4117 60.5002 0.0808
56805.4000 60.3899 0.0834
56839.3033 60.4741 0.0855
56833.3155 60.6832 0.0829
56751.3336 59.8638 0.0892
53769.6082 60.9433 0.0308
54561.4254 60.7686 0.0303
53146.4901 59.1628 0.0316
54151.6503 59.9267 0.0343
54153.5968 60.5072 0.0340
54117.6461 60.4733 0.0315
53390.6489 60.1725 0.0319
54524.5266 60.5681 0.0344
53553.4142 59.7774 0.0327
52790.4028 59.0831 0.1531
54144.5888 60.5267 0.0327
53578.3431 59.0646 0.0376
53411.6236 60.3727 0.0315
54511.5807 61.2615 0.0294
54213.5722 59.7902 0.0357
54614.3924 60.4867 0.0330
53936.3074 60.1596 0.0333
54255.3352 61.0140 0.0334
53200.2667 59.8911 0.0311
54621.4059 60.5345 0.0323
56712.4708 59.4527 0.0927
54266.2923 60.4990 0.0319
54557.5455 60.7713 0.0320
54234.4877 60.5427 0.0320
53859.3669 60.6340 0.0330
53473.5879 60.1640 0.0331
53121.5132 59.1470 0.0309
54591.3863 60.8386 0.0308
54179.5219 60.3382 0.0318
54563.4941 61.0986 0.0326
52813.3474 58.4566 0.0370
54588.5522 60.5041 0.0358
53175.3845 58.4977 0.0318
53883.3893 60.2552 0.0334
54183.5063 60.3775 0.0332
53551.3290 60.7394 0.0311
53939.3067 60.2980 0.0330
53875.3594 60.5744 0.0325
53772.6264 60.6028 0.0342
52792.4193 58.1473 0.0437
54600.4459 60.9826 0.0402
54113.6612 60.6885 0.0325
54201.4537 60.2950 0.0328
54535.5077 60.7063 0.0311
53446.5324 60.4395 0.0314
53943.3027 60.2217 0.0339
54259.3128 60.3884 0.0315
53138.4614 59.1636 0.0319
53109.5778 58.1567 0.0358
53469.5188 60.3993 0.0320
53178.3751 58.9854 0.0309
53149.3330 60.5283 0.0302
53906.3684 60.3625 0.0362
52722.5967 58.2662 0.0410
53531.3615 60.0411 0.0320
53916.3248 60.2063 0.0359
53117.4850 59.2370 0.0310
53766.6170 60.5488 0.0328
53495.4394 60.4200 0.0323
52815.2953 60.0183 0.0219
54176.5642 60.4007 0.0323
54124.6309 60.5193 0.0320
54205.4858 59.9684 0.0336
54594.4526 60.6867 0.0318
53165.4100 59.0726 0.0306
54618.4140 60.7887 0.0311
53527.3526 60.3891 0.0310
53195.3465 58.9987 0.0310
53743.6336 60.4203 0.0314
54229.4787 60.2302 0.0363
53518.4479 59.6742 0.0389
54538.5772 60.2886 0.0347
53083.6071 59.1529 0.0324
53855.4161 60.5801 0.0322
53502.3879 60.7070 0.0316
54597.4509 60.6956 0.0314
53892.3770 61.0093 0.0367
54120.6630 60.4605 0.0342
53879.3083 60.5013 0.0333
53500.3158 60.7233 0.0310
53888.4064 60.3371 0.0328
54528.5221 61.3723 0.0293
52791.4573 57.7158 0.0445
57216.2664 60.7531 0.0909
52721.6238 58.2598 0.0499
57220.2508 60.3554 0.1203
57160.3564 60.5849 0.0859
57194.3999 60.6061 0.0889
57157.4336 60.5728 0.0873
57433.5183 62.8245 0.0816
57223.3531 60.6764 0.0896
56829.3208 60.1278 0.1142
56800.5027 60.3958 0.1371
57213.2777 60.8198 0.0856
57133.4106 60.4950 0.0824
57547.3854 62.8682 0.0846
56722.4392 59.4616 0.1115
53463.5851 60.0074 0.0443
53523.4194 59.7781 0.0429
57191.4184 60.5265 0.1117
57419.5251 61.8457 0.1187
53563.3393 59.5796 0.0507
57123.5410 45.4853 0.1675
54620.3574 61.0813 0.0991
57195.3988 60.3457 0.1399
57185.4502 60.5365 0.1329
57134.4666 60.6079 0.1401
57156.4565 59.9331 0.1336
56711.5225 60.1974 0.1640
57155.3464 61.2405 0.3592
57104.4484 60.7781 0.1234
53890.4800 60.5386 0.1680
53198.3064 58.0795 0.1576
57078.4234 58.9542 0.1056
54619.3119 61.0117 0.1675
57166.3176 60.6600 0.2041
57105.5577 60.5002 0.1954
