57479.5246 1.5073 0.0226
56715.4984 2.1591 0.0332
57420.5453 1.6223 0.0297
56803.4112 1.9256 0.0346
56743.5101 1.9931 0.0336
56741.5899 2.0129 0.0503
57567.2896 1.6749 0.0272
56723.4803 2.2665 0.0357
56781.3397 1.9509 0.0443
56809.4460 1.8842 0.0352
56721.5901 2.2035 0.0400
56798.4117 1.8800 0.0312
56778.2875 1.8573 0.0379
56805.4000 1.8874 0.0327
56837.3096 1.9748 0.0333
57542.3509 1.3825 0.0238
56776.4499 1.9178 0.0344
57460.4734 1.5438 0.0272
56833.3155 1.9591 0.0320
57508.3994 1.4647 0.0259
56780.2967 1.8819 0.0409
56841.3074 2.0107 0.0405
56835.3093 1.8300 0.0311
56831.3066 1.7927 0.0313
56744.5344 2.0412 0.0354
56751.3336 2.0557 0.0413
56811.4234 1.8066 0.0309
56783.3308 1.8570 0.0452
57492.5332 1.5670 0.0297
56801.3352 1.8580 0.0368
56807.2799 1.7982 0.0347
56839.3033 1.9551 0.0357
57459.5373 1.4818 0.0276
56772.5257 1.8588 0.0429
53475.5620 2.0538 0.0097
56712.4708 2.1738 0.0390
57433.5183 1.7399 0.0268
57216.2664 1.8250 0.0325
57160.3564 1.7158 0.0300
56829.3208 1.7831 0.0463
56800.5027 1.8498 0.0682
57213.2777 1.8808 0.0296
57194.3999 2.1935 0.0333
57133.4106 1.9244 0.0311
57520.2996 1.4415 0.0556
57223.3531 1.7130 0.0328
57157.4336 2.2232 0.0350
56722.4392 2.2422 0.0457
57547.3854 1.4020 0.0265
57419.5251 1.7835 0.0608
57191.4184 2.2718 0.0440
57104.4484 1.7455 0.0445
57123.5278 2.0362 0.0871
57134.4666 2.2145 0.0568
56711.5225 2.2438 0.0812
53883.4566 2.1967 0.0115
57195.3988 2.2093 0.0534
57185.4502 2.0870 0.0557
57078.4234 1.5797 0.0516
57166.3176 1.4354 0.0910
57156.4557 2.1311 0.0423
57105.5577 1.9622 0.0727
57220.2498 2.3822 0.1976
