57420.5582 249.5025 0.1193
56743.5383 245.3670 0.1651
56741.6094 244.1958 0.1806
53472.4934 215.8556 0.0391
56780.3104 246.6712 0.1892
56833.3288 245.2048 0.1859
56807.2931 245.9570 0.2032
57479.5491 252.8977 0.1709
56712.4835 246.3433 0.1860
56778.3007 246.3611 0.1876
56837.3245 245.8661 0.1872
57220.2668 247.1349 0.1702
57567.2988 255.4519 0.1789
56776.4632 245.6289 0.1874
57191.4328 245.7668 0.1662
56831.3199 245.8125 0.1855
57216.2792 247.1956 0.1756
56839.3166 245.0481 0.1908
57223.3660 245.3641 0.1698
56841.3211 245.9488 0.1845
57194.4128 246.7695 0.1683
56744.5188 246.5716 0.1851
57542.3634 254.7625 0.1782
56723.4935 246.9277 0.1982
56805.4134 244.8205 0.1909
57508.4126 254.2248 0.1754
57185.4654 244.8594 0.1666
56781.3529 246.6130 0.1891
57433.5303 254.0582 0.1728
56801.3488 246.2156 0.1863
57492.5483 248.7772 0.1797
57520.3156 252.8673 0.1620
56811.4368 244.2191 0.1826
56772.5406 244.6587 0.1885
56809.4595 244.9816 0.1928
56803.4668 243.7933 0.1912
56798.4255 246.0730 0.1785
56783.3458 245.3568 0.1854
56715.5548 246.4271 0.1835
57160.3693 246.8251 0.1632
57547.3970 253.5742 0.1755
57213.2908 247.2640 0.1629
56722.4512 246.6269 0.1871
56835.3225 245.8267 0.1842
56751.3471 246.3878 0.1895
57157.4471 246.8540 0.1723
57133.6028 243.8654 0.2101
57123.5441 247.1391 0.1981
57104.4669 243.3015 0.2373
57459.5499 254.1525 0.2478
57134.4738 250.1025 0.2640
57166.3310 247.6360 0.2617
54620.3631 234.8849 0.2504
