57420.5651 88.4333 0.0570
56833.3425 94.5621 0.0796
57191.4463 94.8071 0.0739
56741.6200 94.3564 0.0886
56712.4936 94.4635 0.0862
56811.4471 94.7103 0.0854
56841.3319 94.6914 0.0862
56778.3109 94.7177 0.0880
57433.5398 80.3736 0.0719
57479.5598 98.3306 0.0750
56839.3271 94.4885 0.0889
56751.3573 94.5332 0.0871
56715.5650 94.6186 0.0844
56801.3590 94.3437 0.0867
56807.3034 94.3299 0.0886
56805.4244 94.2442 0.0883
56776.4735 94.7661 0.0852
56809.4707 94.5920 0.0909
56772.5519 94.4681 0.0871
56837.3355 94.5194 0.0865
56744.5297 94.7898 0.0872
56723.5036 94.7152 0.0877
57492.5594 98.3025 0.0804
56835.3328 94.5283 0.0854
56831.3301 94.5559 0.0850
57157.4583 94.6509 0.0789
57542.3732 74.5722 0.0696
56783.3587 94.6228 0.0874
56722.4623 94.4245 0.0857
56781.3631 94.3497 0.0894
56780.3209 94.2442 0.0866
57160.4137 94.8928 0.0821
56803.4792 93.7083 0.1002
57134.4853 93.7880 0.0850
56798.4358 94.8319 0.0962
57520.3264 98.7236 0.0862
57216.2896 94.3900 0.0937
57223.3764 94.8868 0.0901
57547.4065 98.3639 0.0931
57220.2773 94.3953 0.0925
57508.4221 98.1479 0.0940
57567.3077 87.5877 0.1059
57213.3012 94.6656 0.0975
57166.3435 93.1224 0.1033
57078.4838 95.1578 0.0948
52814.3124 91.8686 0.0270
57104.4942 97.0707 0.1190
57123.5575 94.3341 0.1067
57185.4775 94.0119 0.1031
52813.3147 95.2923 0.0301
56829.3180 96.1446 0.1589
57105.5706 94.3508 0.1710
56865.2991 93.8297 0.1664
53770.6220 95.7709 0.0916
54620.3581 95.5155 0.1653
