57420.5648 263.6065 0.1224
53472.5316 238.4244 0.0437
57191.4456 257.7435 0.1622
56833.3407 262.2116 0.1814
57134.4846 265.6001 0.1668
56839.3248 261.7527 0.2007
56831.3281 262.5655 0.1943
56783.3558 262.9529 0.1925
57520.3246 267.1284 0.1673
56723.5016 264.1032 0.1988
56805.4223 262.6381 0.2007
57479.5576 265.6038 0.1688
57123.5575 260.2875 0.1627
57542.3711 268.5050 0.1820
57160.3779 260.3216 0.1719
57157.4560 259.9683 0.1794
56776.4714 263.6730 0.1939
56798.4341 262.3382 0.1891
56835.3306 262.2516 0.1945
56803.4771 258.5543 0.2048
56837.3334 260.5878 0.1955
57492.5572 265.1839 0.1866
56809.4686 261.4189 0.2041
56741.6140 262.9190 0.1988
57216.2878 259.6967 0.1845
56778.3088 262.3404 0.1981
56801.3570 261.7561 0.1938
56780.3187 262.2512 0.1960
56744.5276 264.5445 0.1990
57433.5379 268.1050 0.1817
57223.3746 259.2656 0.1766
56715.5630 263.6761 0.1940
56781.3610 262.6921 0.2021
57220.2754 255.5560 0.1812
56811.4451 262.5819 0.1941
56722.4603 264.2355 0.1956
57508.4204 268.4149 0.1868
56807.3013 260.8570 0.1992
56841.3295 251.1648 0.1887
57567.3072 267.5758 0.1962
56712.4916 264.4135 0.1971
57547.4049 266.9251 0.1845
56772.5497 261.7897 0.1923
57213.2988 261.6806 0.2070
57104.4873 260.9986 0.2181
53474.4540 222.8459 0.0640
56751.3563 263.9454 0.2808
57166.3406 261.6241 0.2719
57185.4755 256.9032 0.1901
57078.4806 260.2717 0.2447
57105.5696 260.1605 0.3934
53770.6220 266.1382 0.1498
54620.3581 264.3553 0.2691
