56743.5080 100.7820 0.0954
53475.5639 97.0445 0.0262
56805.4052 99.7840 0.1224
56807.2850 99.8894 0.1258
57420.5485 102.2890 0.1153
56801.3407 100.5311 0.1237
56803.4007 100.0295 0.1278
56809.4513 99.5949 0.1250
56811.4286 99.2733 0.1177
57567.2984 102.5610 0.1573
57460.4772 104.1016 0.2292
53883.4566 97.9816 0.0396
56783.3350 100.4680 0.1757
56751.3377 100.6528 0.1760
56831.3107 100.2600 0.1709
56723.4843 101.3397 0.1745
56798.4163 100.4610 0.1640
57542.3547 103.5768 0.1579
56841.3117 100.5066 0.1699
57223.3563 100.0125 0.1556
56778.2915 100.7700 0.1793
56772.5301 100.2858 0.1741
56780.3008 100.5665 0.1790
57520.3056 102.7154 0.1490
56833.3196 99.9247 0.1677
57508.4033 103.6263 0.1647
57479.5403 103.0819 0.1503
57459.5411 102.2034 0.1684
56839.3074 100.0308 0.1723
57220.2561 99.9387 0.1371
57492.5376 100.2201 0.1652
57133.4143 101.1829 0.1524
56712.4744 101.2521 0.1734
56722.4420 100.7348 0.1691
56741.5877 99.9871 0.1830
57191.4226 100.2571 0.1598
56715.5456 100.1679 0.1711
57160.3596 100.5032 0.1497
57433.5218 103.9623 0.1571
57123.5324 99.9724 0.1525
56776.4540 100.1369 0.1773
57157.4371 100.5849 0.1582
57194.4031 100.4199 0.1540
57213.2809 100.7012 0.1484
57216.2696 99.8586 0.1590
56835.3134 100.1057 0.1681
56781.3438 100.6211 0.1795
56837.3154 100.0473 0.1703
56744.5477 100.8550 0.1737
53884.4341 93.1175 0.0379
57547.3885 102.8647 0.1610
57166.3198 101.3643 0.2446
57185.4541 101.0883 0.2620
57195.4003 99.9391 0.2409
57105.5598 100.6802 0.2398
56721.5940 100.4442 0.3051
53467.5113 97.1909 0.0574
54620.3656 99.3173 0.1639
57134.4680 101.8337 0.2573
53770.6182 98.9234 0.0864
57078.4270 100.6840 0.1243
