57420.5582 60.2582 0.0631
56743.5383 59.3390 0.0878
56741.6094 59.0188 0.1021
53472.4934 58.5750 0.0216
56780.3104 59.4738 0.1006
56833.3288 59.2665 0.0964
56807.2931 59.1311 0.1051
57479.5491 61.1945 0.0898
56712.4835 59.6437 0.0972
56778.3007 59.3560 0.0980
56837.3245 58.9993 0.0972
57220.2668 59.7572 0.0876
57567.2988 61.7078 0.0910
56776.4632 59.1342 0.0977
57191.4328 59.4802 0.0863
56831.3199 59.0687 0.0955
57216.2792 59.6386 0.0899
56839.3166 60.1819 0.1008
57223.3660 59.2807 0.0877
56841.3211 59.2919 0.0990
57194.4128 59.8121 0.0869
56744.5188 59.3517 0.0966
57542.3634 61.4975 0.0906
56723.4935 59.6252 0.1041
56805.4134 58.8642 0.0995
57508.4126 61.4384 0.0894
57185.4654 59.1105 0.0877
56781.3529 59.1753 0.1004
57433.5303 61.2979 0.0877
56801.3488 59.7328 0.0976
57492.5483 60.1671 0.0931
57520.3156 61.3340 0.0862
56811.4368 58.8254 0.0943
56772.5406 58.7740 0.1024
56809.4595 58.8976 0.1002
56803.4668 58.6143 0.1015
56798.4255 59.1113 0.0922
56783.3458 59.2040 0.1010
56715.5548 59.4207 0.0948
57160.3693 59.5525 0.0834
57547.3970 61.2156 0.0892
57213.2908 59.5492 0.0832
56722.4512 59.4353 0.0971
56835.3225 59.2019 0.0950
56751.3471 59.4835 0.0998
57157.4471 59.3815 0.0896
57133.6028 58.3985 0.1110
57123.5441 59.5773 0.1118
57104.4669 57.8103 0.1246
57459.5499 61.5169 0.1271
57134.4738 60.4328 0.1373
57166.3310 59.4077 0.1385
54620.3631 57.0310 0.1275
