52730.5705 144.0134 0.0855
53462.4886 140.2794 0.0814
53847.5732 143.3816 0.0900
53911.3288 143.7911 0.0476
53851.4182 142.4408 0.0432
53853.4352 144.5690 0.0440
53586.2942 144.3710 0.0380
53524.3013 142.3870 0.0352
54186.5147 142.7769 0.0425
54531.5740 143.7503 0.0367
57420.5763 147.2060 0.0937
53466.6127 142.5410 0.0390
52710.6200 139.9511 0.0454
53583.3046 143.0769 0.0429
54570.4284 143.1316 0.0476
53799.4817 144.4934 0.0565
52817.2960 141.5849 0.0851
54262.4012 141.6012 0.0450
54209.4929 142.8661 0.0446
54624.3824 142.9582 0.0449
53505.3888 143.4001 0.0468
56801.3688 142.3644 0.1280
53769.6082 142.1150 0.0453
54561.4254 142.4632 0.0446
53146.4901 142.2603 0.0465
54535.5077 144.4010 0.0464
54151.6503 141.8446 0.0508
54153.5968 141.6745 0.0503
54229.4787 143.0489 0.0515
54117.6461 142.8876 0.0469
54213.5722 141.7655 0.0526
54524.5266 143.6055 0.0492
53553.4142 141.3462 0.0484
54144.5888 142.6774 0.0485
53578.3431 141.4785 0.0554
53411.6236 143.2732 0.0470
54511.5807 142.5530 0.0434
54614.3924 143.1140 0.0486
53936.3074 144.2175 0.0496
54255.3352 131.3231 0.0458
54600.4459 140.2545 0.0523
54621.4059 143.4445 0.0477
54266.2923 143.6778 0.0474
54557.5455 142.9274 0.0472
54234.4877 143.0165 0.0474
53859.3669 142.7170 0.0475
53121.5132 142.2746 0.0461
54591.3863 143.8296 0.0455
54179.5219 144.3690 0.0474
54563.4941 142.2835 0.0477
52813.3474 142.3806 0.0551
54588.5522 142.0593 0.0518
53175.3845 143.6759 0.0477
53883.3893 144.7063 0.0496
53200.2667 143.5099 0.0461
53109.5778 142.4195 0.0526
54183.5063 143.0360 0.0492
53551.3290 142.0117 0.0458
53939.3067 144.6384 0.0491
53875.3594 144.5446 0.0483
56833.3478 142.5631 0.1374
52792.4193 142.3387 0.0642
53446.5324 144.1406 0.0469
53943.3027 143.9495 0.0505
54259.3128 143.0811 0.0469
53138.4614 142.8961 0.0475
53469.5188 141.9966 0.0472
53178.3751 142.5947 0.0461
53149.3330 142.6618 0.0441
53906.3684 143.3489 0.0534
52722.5967 143.0245 0.0581
53390.6489 142.1268 0.0470
53531.3615 142.8341 0.0474
53916.3248 143.9826 0.0527
53117.4850 142.5003 0.0462
53766.6170 144.2053 0.0489
53495.4394 143.5078 0.0479
53083.6071 142.4932 0.0481
54528.5221 136.6309 0.0425
53473.5879 143.4549 0.0488
54176.5642 143.7654 0.0481
54124.6309 143.2319 0.0476
54205.4858 143.2149 0.0498
54594.4526 143.7551 0.0471
53165.4100 143.7758 0.0457
54618.4140 143.6258 0.0459
53527.3526 143.1750 0.0459
53122.4995 134.1668 0.0303
53772.6264 143.9008 0.0506
53195.3465 143.7565 0.0464
53743.6336 143.2460 0.0469
53888.4064 144.6436 0.0484
53518.4479 142.4363 0.0530
54538.5772 143.4498 0.0515
54113.6612 142.9306 0.0470
53855.4161 144.4358 0.0478
53502.3879 144.0304 0.0465
54597.4509 143.7014 0.0465
53892.3770 137.5281 0.0494
54120.6630 141.8992 0.0497
53879.3083 144.7555 0.0494
54201.4537 143.2201 0.0487
53500.3158 142.2718 0.0456
52791.4573 140.8059 0.0653
56831.3363 143.0248 0.1425
52721.6238 142.7800 0.0685
56798.4422 143.0024 0.1400
56723.5097 142.3348 0.1462
56809.4772 142.4433 0.1569
57547.4125 150.1676 0.1362
56741.6278 141.6959 0.1496
56807.3096 143.1786 0.1538
56780.3275 141.8978 0.1447
56778.3170 141.8894 0.1461
56776.4795 143.7654 0.1435
56781.3691 142.5675 0.1522
57123.5698 144.1216 0.1263
57213.3079 145.0809 0.1266
57223.3832 144.8996 0.1317
56751.3634 141.9865 0.1435
56805.4306 142.3680 0.1448
56803.4885 142.2191 0.1540
57433.5460 149.9332 0.1336
56835.3395 142.7493 0.1429
57216.2975 144.8637 0.1358
56744.5358 142.1845 0.1468
56772.5585 142.9495 0.1437
56722.4684 142.5209 0.1415
57492.5660 151.0240 0.1387
57542.3791 150.2801 0.1336
56715.5711 142.5319 0.1399
52790.4013 149.5086 0.2202
56712.4997 141.8824 0.1416
57220.2845 145.6845 0.1368
56841.3393 143.0833 0.1399
56839.3341 143.3221 0.1498
57520.3333 150.2162 0.1254
57134.4907 144.9459 0.1312
57479.5663 150.1474 0.1257
56837.3417 142.6344 0.1434
53463.5851 140.1687 0.0630
57191.4517 144.0148 0.1323
57157.4650 144.5100 0.1342
57160.5054 144.7067 0.1333
56811.4533 143.0247 0.1423
57508.4284 149.8039 0.1343
53523.4194 142.2885 0.0624
56783.3659 142.4035 0.1446
57166.3513 144.6212 0.1432
54620.3589 143.5517 0.1164
53563.3393 140.6500 0.0729
57185.4838 144.6054 0.1654
57105.5730 144.4747 0.2067
57078.4898 145.2845 0.1831
53890.4800 145.0362 0.2477
53198.3064 146.0053 0.2225
54619.3119 147.5006 0.2480
57104.5182 144.5273 0.2162
