57420.5540 57.4239 0.0625
56743.5233 43.0963 0.0730
53467.4953 54.8243 0.0184
56803.4428 54.0576 0.0865
53475.5639 52.1194 0.0202
56741.6039 56.4866 0.1010
57216.2749 57.2456 0.0881
57220.2624 57.3786 0.0878
56801.3447 56.3802 0.0957
57133.5964 56.7110 0.0905
56722.4472 56.3696 0.0945
57547.3932 58.5121 0.0881
56723.4894 56.4118 0.0968
57194.4085 57.2186 0.0849
57433.5265 58.7688 0.0859
56798.4214 53.8804 0.0897
57223.3617 57.1359 0.0861
56783.3403 56.5925 0.1002
56772.5360 56.3376 0.0948
57185.4684 57.3319 0.0984
57160.3650 57.0081 0.0824
56841.3171 56.3277 0.0961
57542.3595 59.4769 0.0877
57157.4427 57.3786 0.0868
56712.4795 56.4364 0.0957
57459.5467 58.9904 0.0917
57520.3112 58.5292 0.0841
56811.4327 56.5437 0.0931
57567.2949 58.7899 0.0933
56715.5507 56.4699 0.0938
56839.3125 56.7869 0.0999
56780.3062 56.1703 0.0994
57479.5453 58.9091 0.0953
56805.4093 54.0845 0.0951
56835.3184 56.4091 0.0935
56744.5528 51.7130 0.0946
57508.4085 58.3075 0.0863
56781.3489 56.4177 0.0990
56776.4591 56.2114 0.0938
56837.3204 56.3498 0.0947
57213.2865 57.1658 0.0818
56751.3430 56.0812 0.0978
56831.3158 56.4817 0.0945
56778.2967 55.9976 0.0976
56833.3247 56.3373 0.0924
56807.2890 56.5200 0.0996
57492.5435 59.0595 0.0932
56809.4559 52.7497 0.1066
57078.4450 56.5932 0.1032
57134.4710 57.3171 0.1030
53884.4341 56.4760 0.0305
53883.4566 54.1186 0.0306
57195.4028 56.1632 0.1338
57123.5397 56.8250 0.2148
57104.4634 57.3531 0.1771
57191.4276 57.6710 0.1506
57105.5621 57.2613 0.1872
57166.3288 57.2902 0.1666
