57420.5648 52.0524 0.0585
52813.3181 51.1145 0.0198
57191.4456 51.6005 0.0762
56833.3407 50.4540 0.0837
56839.3248 50.5179 0.0942
52814.3124 49.7935 0.0234
56831.3281 50.7722 0.0898
56783.3558 50.4166 0.0965
57520.3246 52.6712 0.0797
56805.4223 50.6026 0.0939
56723.5016 50.6897 0.0922
57123.5575 51.0687 0.0849
57542.3711 53.0495 0.0828
57160.3779 51.1077 0.0789
57157.4560 51.2253 0.0842
56776.4714 50.7406 0.0903
56798.4341 50.9020 0.0881
56835.3306 50.4956 0.0898
56803.4771 50.7563 0.0992
56837.3334 50.6420 0.0915
57492.5572 52.6681 0.0868
56809.4686 50.7405 0.0957
56741.6140 50.3348 0.0995
57216.2878 51.3590 0.0855
56778.3088 50.2842 0.0927
57134.4855 51.1917 0.0807
57479.5576 53.0431 0.0805
56801.3570 50.5955 0.0912
56780.3187 50.1791 0.0925
56744.5276 50.4553 0.0925
57433.5379 52.8430 0.0825
57223.3746 51.2042 0.0824
56715.5630 50.6729 0.0891
56781.3610 50.8257 0.0968
57220.2754 51.3206 0.0848
56811.4451 50.6162 0.0899
56722.4603 50.3844 0.0900
57508.4204 52.8838 0.0855
56751.3553 50.4757 0.0929
56807.3013 50.3467 0.0919
56841.3295 50.4386 0.0924
57567.3072 52.7790 0.0898
56712.4916 50.3632 0.0910
57547.4049 53.0935 0.0844
56772.5497 50.5489 0.0933
57104.4873 52.4309 0.1036
57213.2988 51.2998 0.0956
56829.3180 52.0971 0.1215
57166.3406 51.6158 0.1303
57185.4755 51.0792 0.0905
57078.4806 51.1095 0.1132
56865.2991 51.1839 0.1274
57105.5696 51.3280 0.1799
53770.6220 51.2623 0.0666
54620.3581 51.5941 0.1202
