57479.5240 273.4569 0.1057
52698.6084 260.7521 0.0546
56715.4984 263.8951 0.1488
57420.5453 266.4942 0.1286
56803.4112 264.1830 0.1525
56743.5101 263.1614 0.1548
56741.5899 260.6980 0.1668
57567.2896 272.5481 0.1534
56723.4803 263.7225 0.1680
56781.3397 262.8468 0.1724
56809.4460 264.1861 0.1715
56721.5901 263.3291 0.1739
56798.4117 264.1217 0.1579
56778.2875 264.4890 0.1713
56811.4234 264.2325 0.1615
56805.4000 263.7550 0.1627
57508.3994 273.4033 0.1540
56837.3096 264.5435 0.1638
57520.3008 273.0888 0.1532
57542.3509 274.2384 0.1517
56776.4499 263.6008 0.1646
57460.4734 273.9598 0.1606
56833.3155 264.7207 0.1620
53475.5639 213.4286 0.0388
56780.2967 262.8577 0.1690
56835.3093 263.8418 0.1623
56831.3066 264.0624 0.1641
56744.5344 262.9416 0.1609
56751.3336 263.0473 0.1702
56783.3308 263.0352 0.1637
56841.3074 264.4296 0.1610
57492.5332 272.7338 0.1632
56801.3352 264.1953 0.1679
56839.3033 264.7948 0.1656
57459.5373 273.3525 0.1606
56772.5257 263.8760 0.1676
56807.2799 262.9936 0.1746
52815.2953 235.3416 0.0416
56712.4708 262.7585 0.1802
57433.5183 260.5812 0.1609
57216.2664 265.2412 0.1788
56829.3208 265.9901 0.2231
56800.5027 263.4179 0.2560
57213.2777 264.3993 0.1687
57194.3999 263.7638 0.1741
57133.4106 262.7359 0.1610
57220.2508 263.1788 0.1910
57223.3531 264.6522 0.1756
57157.4336 263.6285 0.1694
57160.3564 264.5463 0.1695
56722.4392 263.6364 0.2180
57547.3854 269.3124 0.1675
57419.5251 272.7788 0.2191
57191.4184 264.0167 0.2177
57104.4484 270.2520 0.2454
57123.5278 263.6212 0.2845
57185.4502 262.9041 0.2556
57134.4666 264.1315 0.2720
56711.5225 263.8760 0.3074
57155.3464 271.7353 0.6209
57195.3988 263.7695 0.2739
57078.4234 261.9065 0.1979
57166.3176 264.5012 0.3879
57105.5577 262.4110 0.3815
53467.5113 210.6689 0.0847
