57420.5582 78.3588 0.0719
56743.5383 78.4960 0.1002
53472.4612 77.3239 0.0240
56744.5188 78.6223 0.1110
56780.3104 78.8147 0.1152
56833.3288 78.4866 0.1110
56807.2931 77.6420 0.1209
57479.5491 80.3320 0.1025
56712.4835 78.2651 0.1112
56778.3007 78.6614 0.1129
56837.3245 78.7305 0.1122
57220.2668 77.0133 0.1008
57567.2988 80.9218 0.1049
56776.4632 78.7787 0.1128
57191.4328 69.3481 0.0946
56831.3199 78.7335 0.1105
57216.2792 76.9316 0.1036
56839.3166 78.5842 0.1150
57223.3660 76.8496 0.1010
56841.3211 78.4099 0.1128
57194.4128 67.3102 0.0939
56722.4512 78.2735 0.1114
57542.3634 80.8986 0.1044
56723.4935 78.9023 0.1193
56805.4134 79.0638 0.1152
57508.4126 80.9338 0.1032
57185.4654 76.4651 0.1003
56781.3529 78.8201 0.1152
57433.5303 80.5917 0.1013
56801.3488 78.8414 0.1121
57492.5483 80.5917 0.1079
57520.3156 80.4709 0.0980
56811.4368 78.6783 0.1094
56772.5406 78.2365 0.1165
56809.4595 78.5766 0.1158
56803.4668 78.4585 0.1166
56798.4255 78.5806 0.1066
56783.3458 78.2591 0.1148
56715.5548 78.4661 0.1091
57160.3693 76.7964 0.0961
57547.3970 80.4386 0.1028
57213.2908 76.9588 0.0961
56835.3225 78.3030 0.1095
56751.3471 78.8214 0.1144
57157.4471 76.8212 0.1028
57123.5441 76.6129 0.1244
57104.4669 73.8719 0.1406
56741.6137 78.3934 0.1793
57133.6028 76.1380 0.1265
57459.5499 81.4198 0.1468
57134.4738 76.6966 0.1554
57166.3310 77.2791 0.1585
54620.3631 74.2634 0.1419
