57479.5240 3.5903 0.0237
57420.5453 3.3637 0.0313
56743.5101 2.9355 0.0347
56741.5899 3.0866 0.0501
57567.2896 3.4879 0.0305
56781.3397 2.8245 0.0443
56776.4499 2.8596 0.0354
56798.4117 3.2182 0.0328
56778.2875 2.8751 0.0388
57542.3509 3.3848 0.0279
57460.4734 3.2645 0.0306
57508.3994 3.1288 0.0292
56780.2967 2.9078 0.0413
57492.5332 3.2805 0.0331
56744.5344 2.9448 0.0361
56751.3336 2.7835 0.0414
56783.3308 2.9978 0.0451
56772.5257 2.8370 0.0431
57459.5373 3.2859 0.0312
57520.3014 1.9131 0.0402
57433.5183 3.5748 0.0305
57216.2664 4.5124 0.0373
57160.3564 4.1551 0.0343
53496.3484 3.1090 0.0092
57213.2777 4.5136 0.0341
57133.4106 4.0788 0.0347
57220.2508 4.5930 0.0864
57223.3531 4.6530 0.0377
57157.4336 4.2445 0.0382
57194.3999 4.2963 0.0370
57547.3854 3.4776 0.0311
57419.5251 3.2231 0.0617
57191.4184 4.3097 0.0484
52793.2667 3.1065 0.0289
56723.4823 3.0810 0.0600
57156.4565 4.2680 0.0641
56811.4254 3.0425 0.0540
56803.3973 3.0493 0.0636
56805.4020 3.1275 0.0568
57123.5278 3.8107 0.0895
53388.6201 2.6486 0.0150
56835.3113 3.0405 0.0542
56839.3052 3.0320 0.0600
57134.4666 4.3419 0.0620
56837.3116 3.1773 0.0578
56807.2819 2.9963 0.0568
57155.3464 4.6761 0.2409
56833.3175 3.0943 0.0554
56831.3086 3.1985 0.0551
57195.3988 4.0186 0.0586
57104.4484 4.0349 0.0505
56712.4724 2.8797 0.0606
56841.3094 3.0880 0.0672
56809.4482 2.7955 0.0598
57185.4502 4.1060 0.0601
56721.5924 3.0310 0.0667
56715.5436 2.9698 0.0583
56801.3374 2.9755 0.0601
57078.4234 3.9302 0.0538
57166.3176 4.1181 0.0979
56722.4406 3.0921 0.0949
57105.5577 4.0576 0.0812
