57479.5240 1.7445 0.0219
57420.5453 1.4446 0.0295
56803.4112 1.5296 0.0341
56743.5101 1.2527 0.0326
56715.5229 1.4471 0.0333
56723.4803 1.4632 0.0345
56781.3397 1.2141 0.0434
56809.4460 1.5387 0.0347
57567.2855 1.7609 0.0282
56798.4117 1.3483 0.0304
56778.2875 1.1344 0.0369
56805.4000 1.4459 0.0320
57508.3994 1.6545 0.0262
56837.3096 1.3320 0.0323
57520.3008 1.3986 0.0411
57542.3509 1.6114 0.0242
56776.4499 1.2271 0.0334
57460.4734 1.7171 0.0274
56833.3155 1.3776 0.0311
53475.5639 1.2920 0.0084
56780.2967 1.2028 0.0401
56835.3093 1.4346 0.0305
56831.3066 1.2782 0.0305
56744.5344 1.3893 0.0345
56751.3336 1.4663 0.0406
56811.4234 1.4030 0.0303
56783.3308 1.1625 0.0445
56841.3074 1.3716 0.0398
57492.5332 1.6000 0.0297
56801.3352 1.3460 0.0361
56839.3033 1.3522 0.0349
57459.5373 1.7558 0.0280
56772.5257 1.2105 0.0422
56807.2799 1.4739 0.0342
56721.5905 1.4260 0.0416
56712.4708 1.4920 0.0380
57433.5183 1.4223 0.0261
57216.2664 1.1996 0.0312
56722.4392 1.4430 0.0442
56829.3208 1.2279 0.0452
57213.2777 1.2292 0.0284
57194.3999 1.3262 0.0318
57133.4106 1.3585 0.0303
57223.3531 1.1398 0.0318
57157.4336 1.2384 0.0335
57160.3564 1.2495 0.0292
57547.3854 1.6681 0.0271
56741.5824 1.3876 0.0595
57191.4184 1.3177 0.0421
57185.4502 1.2830 0.0540
57123.5278 0.9852 0.0855
57419.5260 1.4126 0.0656
57104.4484 1.4566 0.0436
57134.4666 1.3333 0.0547
56711.5225 1.6973 0.0802
57195.3988 1.3521 0.0511
57078.4234 1.5249 0.0516
57166.3176 1.3327 0.0907
57105.5577 1.2081 0.0698
57220.2539 1.2045 0.0508
53467.5113 1.2568 0.0159
57156.4557 1.3416 0.0410
