57479.5240 4.8961 0.0244
56715.4984 2.7989 0.0329
57420.5453 4.7035 0.0323
56803.4112 3.0814 0.0350
56743.5101 2.7181 0.0335
56741.5899 2.7733 0.0497
57567.2896 4.1589 0.0304
56723.4803 2.7920 0.0354
56781.3397 3.0425 0.0444
56809.4460 3.1606 0.0359
56721.5901 2.6906 0.0394
56798.4117 3.1175 0.0320
56778.2875 3.0419 0.0385
56780.2967 2.9825 0.0409
56805.4000 3.0830 0.0333
56837.3096 3.0624 0.0338
57520.3008 4.5115 0.0434
57542.3509 4.4106 0.0282
56776.4499 2.9917 0.0349
57460.4734 4.8439 0.0318
56833.3155 3.1075 0.0326
57508.3994 4.7900 0.0304
56835.3093 3.1004 0.0320
56831.3066 3.2695 0.0326
56744.5344 2.8169 0.0352
56751.3336 2.8588 0.0411
56811.4234 3.2357 0.0322
56783.3308 3.0811 0.0452
56841.3074 3.1351 0.0405
57492.5332 4.8046 0.0341
56801.3352 3.0278 0.0373
56839.3033 3.0937 0.0361
57459.5373 4.7711 0.0321
56772.5257 2.8737 0.0428
56807.2799 3.1214 0.0356
52814.3124 3.1766 0.0089
56712.4708 2.7976 0.0389
57433.5183 4.8187 0.0312
57216.2664 4.4482 0.0361
57160.3564 3.9442 0.0331
56829.3208 3.1762 0.0472
56800.5027 3.2117 0.0680
57213.2777 4.3993 0.0331
57194.3999 4.2965 0.0360
57133.4106 3.8233 0.0336
57220.2508 4.5221 0.0875
57223.3531 4.4343 0.0365
57157.4336 3.9681 0.0371
56722.4392 2.8159 0.0453
57547.3854 4.3429 0.0313
57419.5251 4.7776 0.0639
57191.4184 4.2091 0.0468
57104.4484 3.4937 0.0478
57156.4565 3.9963 0.0620
57123.5278 3.8300 0.0892
57134.4666 3.7872 0.0592
56711.5225 2.7410 0.0799
57155.3464 4.0165 0.2333
57195.3988 4.3476 0.0575
57185.4502 4.0369 0.0590
57078.4234 3.4038 0.0540
57166.3176 4.3313 0.0976
57105.5577 3.4612 0.0769
