57479.5240 8.2467 0.0279
56715.4984 9.1402 0.0422
57420.5453 8.3844 0.0369
56803.4112 7.6724 0.0422
56743.5101 8.4330 0.0424
57567.2896 8.0927 0.0375
56741.5899 8.4709 0.0570
56723.4803 8.8564 0.0455
56781.3397 8.1092 0.0520
56809.4460 7.5172 0.0443
56721.5901 8.9540 0.0497
56798.4117 7.7864 0.0400
56778.2875 8.0074 0.0470
56811.4234 7.5200 0.0401
56805.4000 7.6291 0.0415
57520.3008 8.2433 0.0483
57492.5332 8.2636 0.0405
57542.3509 8.0700 0.0347
56776.4499 8.1634 0.0435
57460.4734 8.1995 0.0382
56833.3155 7.7356 0.0410
56835.3093 7.5789 0.0404
57508.3994 8.0339 0.0364
56780.2967 8.1640 0.0491
56831.3066 7.5783 0.0408
56744.5344 8.3338 0.0439
56751.3336 8.3202 0.0495
56783.3308 7.9372 0.0521
56841.3074 7.6714 0.0472
56837.3096 7.7024 0.0421
56801.3352 7.7271 0.0454
56839.3033 7.5579 0.0440
57459.5373 8.1921 0.0385
56772.5257 8.1235 0.0500
56807.2799 7.7252 0.0450
56712.4708 9.0939 0.0497
57433.5183 8.2705 0.0376
57216.2664 8.7887 0.0446
57160.3564 9.1206 0.0421
56800.5027 7.9325 0.0800
57213.2777 8.8121 0.0411
57194.3999 8.9281 0.0442
57133.4106 8.8361 0.0414
57220.2508 8.8672 0.0923
57223.3531 8.7812 0.0444
57157.4336 9.0794 0.0452
52814.3106 7.0556 0.0118
56829.3208 7.6325 0.0586
56722.4392 8.7982 0.0587
57547.3854 8.0027 0.0385
57419.5251 8.5062 0.0703
57191.4184 9.0849 0.0574
57104.4484 8.8185 0.0610
57156.4565 8.8731 0.0739
57123.5278 8.5850 0.0990
57134.4666 9.0643 0.0731
56711.5225 9.3410 0.0966
53146.4921 4.6579 0.0206
57155.3464 8.8773 0.2661
57195.3988 8.9022 0.0707
57185.4502 9.0168 0.0707
57078.4234 8.5000 0.0612
54179.5187 6.8356 0.0299
57166.3176 9.0762 0.1137
54183.5032 7.2828 0.0322
53149.3298 6.5304 0.0294
52790.4089 6.7719 0.1421
57105.5577 8.6905 0.0978
52815.3110 7.0124 0.0221
53936.3041 4.1994 0.0280
