57479.5219 4.2554 0.0276
56715.4984 3.7147 0.0356
56803.4112 4.3714 0.0380
57420.5453 3.7632 0.0324
57567.2896 4.7309 0.0318
56781.3397 4.6194 0.0482
56723.4803 3.8241 0.0384
56811.4234 3.9887 0.0347
56809.4460 4.3040 0.0393
56837.3096 4.3661 0.0372
56778.2875 4.4452 0.0420
56805.4000 4.3069 0.0366
57508.3994 4.7549 0.0311
56783.3308 4.6586 0.0491
57520.3008 4.4268 0.0444
57542.3509 4.7314 0.0292
56776.4499 4.4735 0.0384
57460.4734 4.3268 0.0318
56833.3155 4.2704 0.0358
53475.5639 3.7800 0.0089
56780.2967 4.5847 0.0450
56835.3093 4.2967 0.0352
56831.3066 4.2178 0.0354
56772.5257 4.5635 0.0466
56721.5901 3.9490 0.0431
56841.3074 4.4137 0.0440
56743.5145 3.7459 0.0428
56801.3352 4.1591 0.0404
56839.3033 4.4435 0.0395
57459.5373 4.2948 0.0322
56807.2799 4.0172 0.0386
52815.2953 3.2767 0.0084
56712.4708 3.7035 0.0420
56744.5289 3.8897 0.0488
57216.2664 4.0240 0.0367
56722.4392 3.7611 0.0492
56798.4107 4.4271 0.0439
56800.5027 5.1178 0.0748
57213.2777 4.2424 0.0339
57194.3999 4.5868 0.0376
57220.2508 5.0810 0.0913
57223.3531 4.3216 0.0376
56829.3208 4.2123 0.0514
56751.3325 3.6052 0.0550
57492.5322 4.4923 0.0441
57547.3854 4.5491 0.0324
56741.5800 4.4654 0.0882
57191.4184 4.8574 0.0496
57160.3554 5.5790 0.0516
57433.5198 3.7723 0.0477
57185.4502 5.3933 0.0637
57155.3464 5.2345 0.2431
57123.5278 5.2378 0.0948
56711.5225 3.5862 0.0859
57195.3988 4.4434 0.0596
57157.4324 5.4717 0.0546
57133.4122 5.2622 0.0559
57134.4671 5.2757 0.0919
57104.4558 4.7262 0.0550
52814.3122 3.2754 0.0208
57156.4557 4.9199 0.0479
57105.5577 4.9550 0.0844
57419.5273 4.2351 0.1038
53467.5113 3.9126 0.0177
