57420.5648 81.4461 0.0708
52814.3124 58.9414 0.0224
57191.4456 67.2061 0.0857
56833.3407 61.6995 0.0919
57134.4846 66.6924 0.0873
56839.3248 61.2461 0.1023
56751.3553 62.7928 0.1018
56831.3281 61.7991 0.0980
56783.3558 61.5052 0.1036
57520.3246 79.6710 0.0948
56805.4223 61.8608 0.1024
56723.5016 64.8889 0.1026
57479.5576 81.1439 0.0964
57123.5575 67.0251 0.0926
57542.3711 79.0840 0.0996
57160.3779 67.6261 0.0897
57157.4560 67.0639 0.0946
56776.4714 62.2264 0.0986
56798.4341 61.9954 0.0961
56835.3306 61.7266 0.0983
56803.4771 61.5849 0.1072
56837.3334 61.9410 0.0998
57492.5572 79.5823 0.1043
56809.4686 62.5679 0.1050
56741.6140 62.7166 0.1073
57216.2878 65.4446 0.0953
56778.3088 61.7257 0.1011
56801.3570 61.3823 0.0990
56780.3187 61.5134 0.1006
56744.5276 63.3016 0.1019
57433.5379 83.6426 0.1022
57223.3746 66.3479 0.0925
56715.5630 65.2079 0.0996
56781.3610 61.8775 0.1046
57220.2754 66.0332 0.0950
56811.4451 62.5645 0.0988
56722.4603 65.1071 0.1007
57508.4204 80.1877 0.1036
56807.3013 62.2535 0.1012
56841.3295 61.4991 0.1001
57567.3072 78.7977 0.1082
56712.4916 64.9164 0.1016
57547.4049 79.0017 0.1014
56772.5497 61.9530 0.1008
57213.2988 65.9763 0.1069
57104.4873 65.4533 0.1118
57166.3406 68.0348 0.1461
57185.4755 66.6858 0.1009
57078.4806 68.7281 0.1296
57105.5696 67.0704 0.2050
53770.6220 60.1869 0.0724
54620.3581 69.7318 0.1403
