57479.5240 5.0799 0.0244
56715.4984 5.3018 0.0349
57420.5453 4.6241 0.0321
56803.4112 5.9180 0.0372
56743.5101 5.6283 0.0361
56741.5899 5.4229 0.0506
57567.2896 4.7961 0.0313
56723.4803 5.3037 0.0377
56781.3397 5.9148 0.0463
56809.4460 5.9303 0.0391
56721.5901 5.2132 0.0416
56798.4117 6.0500 0.0351
56778.2875 5.7599 0.0408
56780.2967 5.8371 0.0431
56805.4000 5.9179 0.0364
56837.3096 5.9942 0.0369
57520.3008 4.4905 0.0432
57542.3509 4.5932 0.0288
56776.4499 5.8968 0.0378
57460.4734 5.0402 0.0321
56833.3155 6.1070 0.0361
57508.3994 4.6091 0.0303
56835.3093 5.9472 0.0353
56831.3066 6.1886 0.0361
56744.5344 5.4782 0.0375
56751.3336 5.5427 0.0431
56811.4234 5.9277 0.0351
56783.3308 5.9549 0.0467
56841.3074 5.9628 0.0426
57492.5332 5.1161 0.0346
56801.3352 5.9957 0.0400
56839.3033 5.9727 0.0389
57459.5373 5.0649 0.0326
56772.5257 5.6644 0.0446
56807.2799 6.0082 0.0391
52814.3124 4.1039 0.0092
56712.4708 5.3538 0.0414
57433.5183 5.0759 0.0316
57216.2664 5.6670 0.0379
57160.3564 6.3370 0.0365
56829.3208 6.1807 0.0515
56800.5027 5.9027 0.0703
57213.2777 5.5634 0.0348
57194.3999 5.7821 0.0380
57133.4106 6.3865 0.0367
57220.2508 5.6385 0.0867
57223.3531 5.7453 0.0383
57157.4336 6.2580 0.0398
56722.4392 5.2384 0.0484
57547.3854 4.6623 0.0320
57419.5251 4.4859 0.0632
57191.4184 5.5856 0.0488
57104.4484 6.4776 0.0539
57156.4565 6.3086 0.0655
57123.5278 6.5721 0.0923
57134.4666 6.5140 0.0644
56711.5225 5.4895 0.0839
57155.3464 5.6322 0.2339
57195.3988 5.6096 0.0602
57185.4502 5.6480 0.0616
57078.4234 6.1701 0.0569
57166.3176 6.2117 0.1023
57105.5577 6.4273 0.0861
