57479.5295 3.2591 0.0213
57420.5515 3.4851 0.0375
57542.3577 3.5409 0.0236
57520.3165 3.6800 0.0351
57508.4134 3.5597 0.0252
57492.5411 3.0292 0.0270
57567.2896 3.5700 0.0299
57460.4734 3.1932 0.0297
57547.3941 3.5654 0.0261
57433.5270 3.7712 0.0254
56801.3688 3.0600 0.0418
57459.5373 3.7576 0.0311
57185.4704 4.0834 0.1085
57191.4450 4.1598 0.0658
57223.3771 4.3369 0.0611
57220.2846 6.2730 0.0619
57123.5617 21.8590 0.1252
57134.4860 3.8940 0.0831
56833.3478 3.1186 0.0405
57213.3018 4.3058 0.0564
57160.4307 4.2012 0.0873
57157.4491 4.1987 0.0763
56723.5097 3.6292 0.0449
56805.4306 3.2465 0.0433
56831.3363 3.0717 0.0393
56807.3096 3.2984 0.0442
52814.3124 4.6080 0.0107
56809.4772 3.1901 0.0491
56803.4885 3.0500 0.0548
56837.3417 3.0973 0.0421
56722.4684 3.6607 0.0421
56835.3395 3.1857 0.0401
56715.5711 3.5710 0.0397
56712.4997 3.4602 0.0425
56811.4533 3.1171 0.0403
56839.3341 3.2123 0.0461
56841.3393 3.1816 0.0464
57216.2975 4.1501 0.0370
57419.5251 3.7077 0.0632
57133.4101 4.3603 0.2107
56780.3265 3.1822 0.0649
56778.3160 3.2923 0.0639
56783.3648 3.0985 0.0756
56772.5574 3.3722 0.0716
56776.4785 3.3559 0.0606
56781.3681 3.0344 0.0686
56741.6263 3.3928 0.0886
56744.5348 3.7027 0.0659
57104.4870 3.9079 0.1074
56751.3624 3.5197 0.0628
57105.5730 3.7680 0.0587
56798.4412 3.1531 0.0593
57194.3982 4.7488 0.3158
54620.3618 5.3660 0.0525
57078.4880 3.4755 0.0799
57166.3502 4.1480 0.0719
