57479.5240 34.4312 0.0418
56715.4984 8.6205 0.0401
57420.5453 35.6851 0.0535
56803.4112 8.1892 0.0412
56743.5101 8.8641 0.0414
56741.5899 8.5645 0.0563
57567.2896 33.5297 0.0581
56723.4803 9.4011 0.0445
56811.4234 8.3675 0.0394
56781.3397 9.2615 0.0522
56809.4460 8.0892 0.0432
56778.2875 9.4414 0.0471
56798.4117 8.3689 0.0392
56805.4000 8.0271 0.0404
57508.3994 34.2817 0.0582
57520.3008 30.6389 0.0630
56837.3096 8.1258 0.0409
56776.4499 9.8107 0.0440
57460.4734 34.8529 0.0610
56833.3155 8.3161 0.0400
53475.5639 12.3953 0.0119
56780.2967 9.2897 0.0491
56835.3093 10.3249 0.0419
56831.3066 8.3587 0.0400
57492.5332 35.8290 0.0633
56744.5344 8.8620 0.0431
56751.3336 9.2338 0.0494
56783.3308 9.3286 0.0525
56841.3074 8.2348 0.0469
56721.5901 9.6555 0.0489
56801.3352 8.1367 0.0442
56807.2799 8.0338 0.0432
56839.3033 8.1579 0.0431
57459.5373 35.1859 0.0616
56772.5257 9.0066 0.0504
56712.4708 8.0225 0.0468
57216.2664 22.7023 0.0587
56722.4392 9.6195 0.0577
56829.3208 8.7118 0.0577
56800.5027 8.1616 0.0779
57194.3999 17.2888 0.0525
57157.4336 14.1030 0.0493
57160.3564 14.1229 0.0464
53496.3484 14.8109 0.0133
52793.2667 4.6864 0.0310
57191.4184 16.9401 0.0667
57433.5198 36.7620 0.0980
57156.4565 13.7055 0.0791
57542.3528 34.4464 0.0970
57220.2523 24.0596 0.1063
57185.4502 16.4661 0.0810
57155.3464 13.6976 0.2586
57547.3866 33.7841 0.0967
57123.5278 13.6207 0.1051
56711.5225 8.1056 0.0928
57195.3988 17.2244 0.0831
57133.4122 14.0895 0.0701
57223.3541 24.5014 0.0845
57213.2788 21.9187 0.0762
57078.4234 10.6300 0.0633
57134.4671 14.3211 0.1137
57104.4558 14.6023 0.0746
53388.6169 15.8586 0.0303
57419.5273 36.6534 0.1520
53467.5113 12.7862 0.0249
57166.3176 14.1727 0.1223
