57479.5240 6.2933 0.0268
52698.6084 6.3001 0.0119
56715.4984 4.9410 0.0382
57420.5453 6.0162 0.0356
56803.4112 5.0218 0.0398
56743.5101 4.7654 0.0388
56741.5899 4.7076 0.0550
57567.2896 6.7083 0.0357
56723.4803 4.8761 0.0410
56781.3397 4.6158 0.0494
56809.4460 5.0543 0.0415
56721.5901 4.9057 0.0455
56798.4117 4.9926 0.0371
56778.2875 4.6259 0.0434
56805.4000 5.0959 0.0388
56783.3308 4.7610 0.0501
57520.3008 6.5582 0.0478
57542.3509 6.6158 0.0329
56776.4499 4.6677 0.0398
57460.4734 6.0609 0.0355
56833.3155 5.0986 0.0379
57508.3994 6.5778 0.0346
56780.2967 4.6315 0.0461
56835.3093 5.1846 0.0375
56831.3066 5.0855 0.0379
56744.5344 4.7048 0.0403
56751.3336 4.7103 0.0465
56811.4234 4.9882 0.0372
56841.3074 5.0711 0.0456
57492.5332 6.4437 0.0384
56837.3096 5.1391 0.0392
56801.3352 4.9641 0.0426
56839.3033 5.1140 0.0415
57459.5373 6.0521 0.0361
56772.5257 4.6645 0.0481
56807.2799 4.9525 0.0415
56712.4708 4.8022 0.0448
57433.5183 6.0766 0.0350
57216.2664 5.3203 0.0400
57160.3564 5.5814 0.0378
56829.3208 5.1601 0.0547
56800.5027 4.9808 0.0766
57213.2777 5.3436 0.0367
57194.3999 5.2765 0.0398
52815.2957 6.2870 0.0108
57133.4106 5.3032 0.0376
57220.2508 5.3146 0.0935
57223.3531 5.3263 0.0403
57157.4336 5.5526 0.0415
56722.4392 4.8800 0.0528
57547.3854 6.6134 0.0366
57419.5251 5.9654 0.0697
57191.4184 5.2811 0.0517
57104.4484 5.3874 0.0550
57123.5278 5.0521 0.0971
57134.4666 5.2756 0.0661
56711.5225 4.8270 0.0900
57155.3464 5.7254 0.2551
57195.3988 5.3137 0.0635
57185.4502 5.2656 0.0650
57078.4234 5.5397 0.0596
57166.3176 5.4803 0.1071
57156.4574 5.6472 0.1296
57105.5577 5.1833 0.0878
