57420.5648 2.1045 0.0291
52814.3124 2.0602 0.0084
57191.4456 2.2313 0.0332
53496.3516 2.4344 0.0077
56833.3407 2.6895 0.0372
57134.4846 1.8757 0.0360
56839.3248 2.4836 0.0438
56751.3553 2.4293 0.0435
56831.3281 2.7000 0.0384
56783.3558 2.4357 0.0565
57520.3246 2.3164 0.0389
56805.4223 2.7413 0.0435
56723.5016 2.3448 0.0416
57157.4560 2.0097 0.0368
57123.5575 1.8262 0.0530
57542.3711 2.3660 0.0314
57160.3779 1.9874 0.0303
57479.5576 2.1824 0.0383
56776.4714 2.4121 0.0404
56798.4341 2.6750 0.0390
56835.3306 2.6548 0.0389
56803.4771 2.5611 0.0508
56837.3334 2.6981 0.0415
57492.5572 2.1651 0.0366
56809.4686 2.5822 0.0438
56741.6140 2.4808 0.0594
57216.2878 2.2770 0.0338
56778.3088 2.4990 0.0432
56801.3570 2.6878 0.0425
56780.3187 2.5043 0.0448
56744.5276 2.4172 0.0430
57433.5379 2.1474 0.0308
57223.3746 2.3862 0.0347
56715.5630 2.4743 0.0382
56781.3610 2.6306 0.0487
57220.2754 2.2720 0.0346
56811.4451 2.7647 0.0395
56722.4603 2.3834 0.0399
57508.4204 2.2942 0.0342
56807.3013 2.7378 0.0394
56841.3295 2.6126 0.0477
57567.3072 2.3960 0.0365
56712.4916 2.4308 0.0411
57547.4049 2.3784 0.0325
56772.5497 2.3817 0.0487
57213.2988 2.3496 0.0375
52793.2667 2.0004 0.0271
57104.4873 1.9307 0.0415
53388.6201 2.3775 0.0143
57166.3406 2.0566 0.0628
57185.4755 2.1864 0.0416
57078.4806 2.0796 0.0473
57105.5696 1.8569 0.0743
53770.6220 1.8431 0.0251
54620.3581 1.6677 0.0424
