57479.5240 8.1012 0.0281
52698.6084 5.6791 0.0116
56715.4984 7.2164 0.0405
57420.5453 7.3944 0.0367
56803.4112 7.6241 0.0425
56743.5101 7.4609 0.0417
56741.5899 7.5475 0.0575
57567.2896 8.1681 0.0374
56723.4803 7.3373 0.0440
56781.3397 7.8058 0.0528
56809.4460 7.6316 0.0448
56721.5901 7.3625 0.0484
56798.4117 7.5966 0.0402
56778.2875 7.5533 0.0469
56811.4234 7.5853 0.0404
56805.4000 7.6587 0.0419
56837.3096 7.8177 0.0425
57520.3008 8.3581 0.0493
57542.3509 8.4216 0.0351
56776.4499 7.5953 0.0433
57460.4734 7.9689 0.0379
56833.3155 7.7849 0.0412
57508.3994 8.4225 0.0368
56780.2967 7.5934 0.0492
56835.3093 7.7886 0.0408
56831.3066 7.7767 0.0412
56744.5344 7.6299 0.0436
56751.3336 7.6447 0.0497
56783.3308 7.7208 0.0529
56841.3074 7.7361 0.0482
57492.5332 8.2468 0.0406
56801.3352 7.6863 0.0458
56839.3033 7.7316 0.0445
57459.5373 8.0810 0.0386
56772.5257 8.2665 0.0515
56807.2799 7.6548 0.0450
52815.2953 4.7800 0.0090
56712.4708 6.9984 0.0477
57433.5183 7.7133 0.0371
57216.2664 8.0546 0.0439
57160.3564 9.0121 0.0424
56829.3208 7.7729 0.0589
56800.5027 7.8482 0.0809
57213.2777 8.0720 0.0405
57194.3999 8.2524 0.0438
57133.4106 9.2477 0.0425
57220.2508 7.7631 0.0951
57223.3531 7.7750 0.0436
57157.4336 8.9381 0.0457
56722.4392 7.3896 0.0569
57547.3854 8.4015 0.0390
57419.5251 7.3763 0.0714
57191.4184 8.1188 0.0564
57156.4565 8.8549 0.0748
57104.4484 9.1252 0.0621
57123.5278 9.1419 0.1030
57134.4666 9.0952 0.0737
56711.5225 7.2219 0.0945
57155.3464 9.2678 0.2632
57195.3988 8.0280 0.0693
57185.4502 8.3069 0.0705
57078.4234 8.6080 0.0631
57166.3176 8.8589 0.1154
57105.5577 8.9817 0.0989
