57479.5240 1.3741 0.0226
57420.5453 1.2667 0.0308
56803.4112 1.4019 0.0354
56743.5101 1.3373 0.0344
57567.2896 1.3398 0.0279
56715.5232 1.2134 0.0342
56723.4803 1.3768 0.0359
56781.3397 1.3513 0.0455
56809.4460 1.1903 0.0355
56721.5901 1.4520 0.0408
56798.4117 1.2412 0.0316
56805.4000 1.3412 0.0333
56837.3096 1.1993 0.0335
57520.3008 1.5207 0.0428
57542.3509 1.6777 0.0254
56839.3033 1.2824 0.0363
56776.4499 1.5237 0.0353
57460.4734 1.4014 0.0281
56833.3155 1.1309 0.0320
57508.3994 1.4380 0.0270
56741.5820 1.3947 0.0531
56831.3066 1.3275 0.0319
56744.5344 1.3777 0.0359
56751.3336 1.4715 0.0424
56811.4234 1.2446 0.0315
56783.3308 1.4419 0.0468
56841.3074 1.3546 0.0414
57492.5332 1.4645 0.0309
56835.3093 1.3889 0.0317
56801.3352 1.2297 0.0374
57459.5373 1.4105 0.0286
56772.5257 1.4921 0.0443
53496.3516 2.9657 0.0081
56807.2804 1.2066 0.0367
56712.4708 1.2363 0.0394
57433.5183 1.4623 0.0274
57216.2664 1.2129 0.0328
57160.3564 1.2466 0.0304
56722.4392 1.4705 0.0463
57133.4106 1.2625 0.0317
56829.3208 1.3594 0.0476
56778.2865 1.5264 0.0490
56780.2957 1.5338 0.0531
57213.2777 1.1387 0.0295
57223.3531 1.2183 0.0335
57157.4336 1.2725 0.0353
57194.3999 1.1593 0.0329
57547.3854 1.6598 0.0283
52793.2667 1.6486 0.0276
57220.2515 1.0787 0.0916
57191.4184 1.0932 0.0437
57123.5278 1.2823 0.0908
57104.4484 1.3815 0.0459
57156.4565 1.2793 0.0605
56800.5121 1.1506 0.0983
57419.5260 1.3834 0.0684
57134.4666 1.3323 0.0568
56711.5225 1.2822 0.0832
57195.3988 1.2462 0.0531
57185.4502 0.9193 0.0558
57078.4234 1.3781 0.0541
57166.3176 1.2845 0.0949
53388.6169 3.0767 0.0201
57105.5577 1.4303 0.0743
