57479.5240 2.2091 0.0226
56715.4984 1.7939 0.0334
57420.5453 1.9076 0.0307
56803.4112 1.4660 0.0346
56743.5101 1.7097 0.0338
56741.5899 1.8655 0.0513
57567.2896 1.8937 0.0277
56723.4803 1.7869 0.0356
56781.3397 1.5500 0.0447
56809.4460 1.5304 0.0352
56721.5901 1.7513 0.0401
56798.4117 1.4615 0.0311
56778.2875 1.5648 0.0382
56811.4234 1.4092 0.0309
56805.4000 1.5381 0.0327
57508.3994 2.1233 0.0272
56837.3096 1.5896 0.0332
57520.3008 2.1354 0.0423
57542.3509 2.0013 0.0251
56776.4499 1.6154 0.0345
57460.4734 2.1158 0.0284
56833.3155 1.5574 0.0319
53475.5639 1.8327 0.0081
56780.2967 1.5664 0.0413
56835.3093 1.6544 0.0313
56831.3066 1.6859 0.0316
56744.5344 1.7648 0.0355
56751.3336 1.8057 0.0419
56783.3308 1.5286 0.0460
56841.3074 1.6023 0.0409
57492.5332 2.1566 0.0310
56801.3352 1.6164 0.0371
56839.3033 1.5394 0.0357
57459.5373 2.1550 0.0290
56772.5257 1.5997 0.0434
56807.2799 1.5016 0.0348
52815.2953 1.6686 0.0077
56712.4708 1.8102 0.0392
57433.5183 1.9938 0.0274
52698.6105 1.4041 0.0136
57216.2664 2.2103 0.0337
56829.3208 1.5403 0.0464
56800.5027 1.5066 0.0688
57213.2777 2.1081 0.0304
57194.3999 1.9880 0.0334
57133.4106 1.8018 0.0315
57220.2508 2.1217 0.0895
57223.3531 2.1782 0.0341
57157.4336 1.8486 0.0351
57160.3564 1.8432 0.0307
56722.4392 1.7887 0.0456
57547.3854 2.1266 0.0283
57419.5251 1.8978 0.0619
57191.4184 1.8239 0.0438
57104.4484 1.5760 0.0444
57156.4565 1.7369 0.0599
57123.5278 1.8344 0.0895
57185.4502 2.1249 0.0571
57134.4666 1.9003 0.0566
56711.5225 1.9122 0.0824
57195.3988 1.9238 0.0532
57078.4234 1.4865 0.0534
57166.3176 1.7284 0.0938
57105.5577 1.7648 0.0733
53467.5113 1.9009 0.0157
