57479.5246 1.9901 0.0234
57420.5453 1.8936 0.0304
56743.5101 1.9174 0.0336
56715.4854 2.1757 0.0399
56741.5899 1.8908 0.0505
57567.2896 1.4749 0.0270
56781.3397 2.1622 0.0450
56776.4499 2.0450 0.0346
56798.4117 2.2658 0.0319
56778.2875 2.0160 0.0382
56783.3308 2.1610 0.0458
57520.3008 1.8535 0.0420
57542.3509 1.6191 0.0244
57460.4734 2.1614 0.0283
57508.3994 2.0243 0.0270
56780.2967 2.0212 0.0414
57492.5332 1.7088 0.0302
56744.5344 1.8456 0.0351
56751.3336 1.4644 0.0409
56803.4158 2.0241 0.0418
57459.5373 2.0518 0.0286
56772.5257 2.1684 0.0439
57433.5183 2.0362 0.0272
56837.3086 2.0607 0.0419
57216.2664 1.7458 0.0324
56723.4793 2.1177 0.0451
56809.4449 2.0808 0.0446
56811.4224 2.0430 0.0397
56807.2789 2.0421 0.0452
56829.3208 1.9536 0.0467
56801.3342 1.9849 0.0474
56805.3990 1.9683 0.0412
56800.5027 2.3144 0.0700
56721.5890 2.1621 0.0506
57213.2777 1.7508 0.0293
57194.3999 2.1050 0.0331
57133.4106 1.8413 0.0312
57220.2508 1.5752 0.0883
57223.3531 1.7558 0.0330
57157.4336 1.2814 0.0337
56833.3145 2.0172 0.0404
56835.3083 1.9909 0.0393
56831.3056 2.0236 0.0400
57160.3564 1.7905 0.0302
56839.3023 1.8381 0.0451
56841.3064 1.9015 0.0510
57547.3854 1.7448 0.0273
56712.4698 2.3371 0.0528
57419.5251 2.0007 0.0620
57191.4184 1.6513 0.0432
56722.4387 2.3968 0.0537
57185.4502 1.6901 0.0558
57123.5278 1.6510 0.0881
52814.3193 1.6441 0.0132
57134.4666 1.7733 0.0556
56711.5225 3.3138 0.0850
57195.3988 1.6847 0.0519
57104.4484 1.8490 0.0449
57078.4234 2.0206 0.0530
57166.3176 1.7784 0.0917
57156.4557 1.5837 0.0424
57105.5577 1.8480 0.0731
