57479.5240 4.8750 0.0255
56715.4984 3.7418 0.0369
57420.5453 4.8306 0.0340
56803.4112 3.6782 0.0382
56743.5101 3.6776 0.0374
56741.5899 3.6603 0.0528
57567.2896 5.6113 0.0347
56723.4803 3.7877 0.0397
56781.3397 3.5825 0.0473
56809.4460 3.7356 0.0397
56721.5901 3.8096 0.0439
56798.4117 3.7295 0.0352
56778.2875 3.6970 0.0421
56780.2967 3.5832 0.0442
56805.4000 3.7763 0.0369
56837.3096 3.8426 0.0375
57520.3008 5.1079 0.0457
57542.3509 5.1969 0.0313
56776.4499 3.5504 0.0381
57460.4734 4.6688 0.0339
56833.3155 3.7621 0.0362
57508.3994 4.8283 0.0326
56835.3093 3.7252 0.0357
56831.3066 3.7796 0.0360
56744.5344 3.7908 0.0389
56751.3336 3.5821 0.0445
56811.4234 3.7170 0.0355
56783.3308 3.5960 0.0481
56841.3074 3.8073 0.0434
57492.5332 4.8463 0.0364
56801.3352 3.7193 0.0408
56839.3033 3.7177 0.0396
57459.5373 4.6506 0.0342
56772.5257 3.6420 0.0454
56807.2799 3.7360 0.0399
52814.3124 1.4881 0.0083
56712.4708 3.6658 0.0430
57433.5183 4.9234 0.0335
57216.2664 4.4143 0.0386
57160.3564 4.0561 0.0354
56829.3208 3.8149 0.0527
56800.5027 3.7534 0.0739
57213.2777 4.4071 0.0352
57194.3999 4.3798 0.0382
57133.4106 4.0445 0.0357
57220.2508 4.3395 0.0896
57223.3531 4.5992 0.0390
57157.4336 4.0720 0.0392
56722.4392 3.7502 0.0510
57547.3854 5.3801 0.0351
57419.5251 4.9706 0.0663
57191.4184 4.3369 0.0501
57104.4484 4.0056 0.0520
57156.4565 3.9960 0.0661
57123.5278 3.9199 0.0924
57134.4666 4.0859 0.0635
56711.5225 3.7084 0.0866
57155.3464 4.3071 0.2559
57195.3988 4.2142 0.0612
57185.4502 4.2225 0.0624
57078.4234 3.9380 0.0559
57166.3176 4.1772 0.1018
57105.5577 4.1659 0.0848
