57479.5240 1.6808 0.0219
56715.4984 2.0049 0.0329
57420.5453 1.6627 0.0299
56803.4112 2.0995 0.0346
56743.5101 2.2814 0.0338
56741.5899 2.2785 0.0508
57567.2896 1.9968 0.0276
56723.4803 2.0696 0.0352
56781.3397 1.9224 0.0443
56809.4460 2.1650 0.0354
56721.5901 2.2504 0.0399
56798.4117 2.0350 0.0312
56778.2875 2.0364 0.0380
56805.4000 2.1129 0.0327
57508.3994 1.7097 0.0262
56837.3096 2.2434 0.0334
57520.3008 1.7336 0.0413
57542.3509 1.9129 0.0246
56776.4499 2.0112 0.0344
57460.4734 1.8224 0.0275
56833.3155 2.1180 0.0320
53475.5639 2.0137 0.0084
56780.2967 2.0118 0.0409
56835.3093 2.1037 0.0313
56831.3066 2.1369 0.0317
56744.5344 2.3431 0.0354
56751.3336 2.3775 0.0417
56811.4234 2.0719 0.0312
56783.3308 1.8794 0.0455
56841.3074 2.0810 0.0406
57492.5332 1.5929 0.0295
56801.3352 2.1512 0.0369
56839.3033 2.1327 0.0358
57459.5373 1.8340 0.0281
56772.5257 1.8680 0.0428
56807.2799 2.1367 0.0350
56712.4708 2.1511 0.0388
57433.5183 1.7899 0.0268
57216.2664 1.8764 0.0325
56829.3208 2.1692 0.0464
56800.5027 2.1623 0.0684
57213.2777 1.9519 0.0295
57194.3999 1.9735 0.0327
57133.4106 2.0974 0.0314
57220.2508 1.9986 0.0882
57223.3531 2.0168 0.0333
57157.4336 2.0893 0.0348
57160.3564 2.2281 0.0308
56722.4392 2.1628 0.0452
57547.3854 2.0735 0.0277
57419.5251 1.6457 0.0607
57191.4184 1.8977 0.0432
57156.4565 1.9550 0.0587
57185.4502 2.1246 0.0561
57123.5278 2.3166 0.0890
57104.4484 2.1089 0.0452
57134.4666 2.0797 0.0562
56711.5225 1.9272 0.0808
57195.3988 2.0326 0.0528
57078.4234 1.9194 0.0532
57166.3176 2.0493 0.0929
57105.5577 2.0348 0.0732
53467.5113 2.1913 0.0164
