57479.5240 1.8593 0.0221
52698.6084 1.6958 0.0096
57420.5453 1.5903 0.0300
56803.4112 1.1230 0.0331
56743.5101 1.1155 0.0321
56715.5231 1.1800 0.0326
57567.2896 1.9888 0.0275
56723.4803 1.0273 0.0334
56781.3397 1.1681 0.0430
56809.4460 1.3502 0.0341
56721.5901 1.0962 0.0380
56837.3096 1.4111 0.0319
56798.4117 1.2089 0.0298
56778.2875 1.1648 0.0366
56805.4000 1.1729 0.0312
57520.3008 1.7653 0.0416
57542.3509 1.9254 0.0246
56776.4499 1.2515 0.0331
57460.4734 1.7184 0.0273
56833.3155 1.4164 0.0308
57508.3994 1.7543 0.0263
56780.2967 1.2185 0.0396
56835.3093 1.4279 0.0300
56831.3066 1.3274 0.0302
56744.5344 1.2172 0.0337
56751.3336 1.3060 0.0400
56811.4234 1.2898 0.0299
56783.3308 1.1570 0.0441
56841.3074 1.3891 0.0396
57492.5332 1.7701 0.0299
56801.3352 1.1723 0.0353
56839.3033 1.3777 0.0347
57459.5373 1.6847 0.0278
56772.5257 1.2700 0.0417
56807.2799 1.2396 0.0334
56712.4708 1.2353 0.0372
57433.5183 1.5854 0.0264
57216.2664 1.7872 0.0321
57160.3564 1.9081 0.0302
57133.4106 1.8700 0.0310
56829.3208 1.3071 0.0445
57213.2777 1.8291 0.0293
57194.3999 1.8530 0.0325
57220.2508 1.7737 0.0875
57223.3531 1.7834 0.0328
57157.4336 1.9313 0.0345
56722.4392 1.1181 0.0429
57547.3854 2.0033 0.0275
56741.5840 1.2031 0.0597
52815.2985 1.8078 0.0102
57419.5251 1.4409 0.0608
57191.4184 1.8647 0.0428
57156.4565 1.7066 0.0581
57123.5278 1.6846 0.0874
57134.4666 1.8245 0.0550
56711.5225 1.1653 0.0784
57195.3988 1.8073 0.0517
56800.5130 1.4024 0.0964
57185.4502 1.9811 0.0555
57104.4484 1.7581 0.0442
57078.4234 1.6951 0.0527
57166.3176 2.0035 0.0928
52790.4089 1.7907 0.1349
57105.5577 1.7852 0.0714
