52698.6084 13.7841 0.0150
52815.2953 13.2465 0.0119
57420.5463 17.4073 0.0642
56741.6023 18.5390 0.1039
57479.5308 18.4193 0.0728
56723.4823 18.3281 0.0915
57547.3866 18.6626 0.0790
57567.2875 18.8268 0.0802
56798.4137 20.8015 0.0893
57492.5351 18.5828 0.0806
57433.5198 18.8380 0.0777
57542.3528 18.5605 0.0783
57220.2523 15.4786 0.1038
57216.2674 15.9503 0.0750
56744.5454 18.9291 0.0850
56776.4519 19.3737 0.0938
56801.3374 20.8442 0.0943
56778.2895 19.2026 0.0974
56712.4724 17.8885 0.0913
57160.3575 14.6063 0.0699
56835.3113 20.5382 0.0899
56743.4968 18.5889 0.0988
57508.4013 18.2501 0.0784
56803.3973 20.6708 0.0986
57520.3033 18.0056 0.0794
56772.5279 19.1297 0.0969
56805.4020 20.8089 0.0919
57460.4752 18.7820 0.0909
56715.5436 18.1163 0.0902
56837.3116 20.3577 0.0920
56807.2819 20.5867 0.0942
56781.3417 19.5813 0.1045
56780.2988 19.3314 0.0992
56833.3175 20.5218 0.0902
56839.3052 20.5414 0.0943
56841.3094 20.3336 0.0982
56751.3357 18.7682 0.1007
56811.4254 20.8555 0.0897
56831.3086 20.6010 0.0906
56783.3329 19.6587 0.1021
57133.4122 14.3832 0.0735
57157.4348 14.3464 0.0759
56809.4482 20.8064 0.0975
57459.5392 18.5873 0.0812
56721.5924 18.0097 0.0968
57223.3541 15.8443 0.0755
57213.2788 15.8639 0.0704
57194.4010 15.3247 0.0735
57104.4558 14.4815 0.0769
57134.4671 14.1824 0.1181
57166.3176 14.5409 0.1283
57078.4234 14.6542 0.0695
57195.3993 15.5184 0.1178
57419.5273 17.4540 0.1303
57191.4194 15.1777 0.1238
56722.4406 17.7448 0.1428
57123.5290 14.4586 0.1574
