57479.5219 3.2552 0.0275
56715.4854 2.4797 0.0424
56743.5145 2.3674 0.0424
56803.4158 2.3342 0.0438
57567.2904 3.0581 0.0392
56837.3086 2.4734 0.0446
56744.5289 2.3153 0.0476
56807.2789 2.3344 0.0488
56723.4793 2.4247 0.0477
56809.4449 2.3202 0.0474
57492.5322 3.2492 0.0442
56781.3387 2.2381 0.0578
56783.3298 2.2257 0.0591
57420.5442 3.3155 0.0445
57459.5364 3.3709 0.0410
56829.3208 2.5479 0.0506
56801.3342 2.3213 0.0497
56741.5807 2.3534 0.0661
56811.4224 2.3641 0.0422
56780.2957 2.2870 0.0538
56800.5027 2.1177 0.0714
57542.3499 3.1050 0.0351
56721.5890 2.3573 0.0532
57508.3984 3.2460 0.0381
56805.3990 2.3240 0.0438
56839.3023 2.5175 0.0480
56772.5247 2.2892 0.0563
57520.2996 3.1349 0.0591
56833.3145 2.5976 0.0434
56776.4489 2.2350 0.0450
56831.3056 2.5384 0.0431
56751.3325 2.2389 0.0536
56835.3083 2.4931 0.0427
57460.4724 3.3461 0.0374
56798.4107 2.3570 0.0417
56841.3064 2.4859 0.0527
56778.2865 2.2284 0.0506
56722.4387 2.5169 0.0564
56712.4698 2.3879 0.0548
52814.3193 3.0784 0.0116
57433.5167 3.3254 0.0385
57160.3554 2.7955 0.0468
57156.4565 2.9473 0.0645
57220.2493 3.0990 0.1531
57216.2653 3.1492 0.0527
57547.3841 3.0946 0.0398
56711.5225 2.4550 0.0842
57191.4179 3.1791 0.0563
57213.2766 3.1704 0.0471
57194.3988 3.0350 0.0515
57157.4324 2.7656 0.0508
57223.3520 3.1379 0.0521
57133.4091 2.8173 0.0440
57185.4502 2.8201 0.0597
57419.5240 3.3450 0.0818
57155.3863 2.4217 0.2756
57195.3983 2.9937 0.0826
57134.4662 2.9342 0.0855
57105.5577 2.7294 0.0803
57104.4411 2.7580 0.0851
57123.5267 2.7844 0.1265
