53462.4908 5.9928 0.0323
53847.5725 4.7725 0.0256
53911.3288 4.6280 0.0176
57479.5240 3.6837 0.0238
53851.4182 4.9502 0.0154
52730.5552 4.2617 0.0438
53853.4352 5.0169 0.0156
53586.2942 5.9349 0.0119
54186.5147 4.2766 0.0164
54531.5740 5.3210 0.0096
53524.3005 6.4088 0.0118
57420.5453 3.4933 0.0317
53466.6127 6.0700 0.0118
56803.4112 4.9864 0.0381
56743.5101 4.5236 0.0368
56741.5899 4.4753 0.0520
57567.2896 4.7766 0.0320
53583.3046 5.7769 0.0125
57542.3509 2.1820 0.0253
56811.4234 4.9670 0.0355
56778.2875 5.1573 0.0422
57520.3008 4.2266 0.0443
54570.4284 5.2255 0.0222
56780.2967 5.1874 0.0448
56831.3066 5.1347 0.0363
53799.4817 5.2632 0.0178
56837.3096 5.1895 0.0377
56723.4803 2.8482 0.0363
56835.3093 5.1054 0.0358
52817.2960 3.8734 0.0258
56744.5344 4.7665 0.0386
56841.3074 5.2305 0.0438
56801.3352 5.1287 0.0410
57459.5373 4.1399 0.0320
56807.2799 5.0768 0.0396
56781.3397 5.2479 0.0480
54209.4929 4.1719 0.0112
56721.5901 4.1910 0.0425
54624.3824 5.3223 0.0120
56776.4499 5.3639 0.0389
56772.5257 5.4012 0.0469
56783.3308 5.5340 0.0489
57460.4734 4.1467 0.0314
56809.4460 5.0084 0.0395
56798.4117 5.1858 0.0357
56805.4000 5.1079 0.0370
56839.3033 5.1994 0.0398
56833.3155 5.0683 0.0363
56751.3336 2.3349 0.0414
53769.6082 5.3819 0.0119
54561.4254 5.5893 0.0122
52710.6188 4.5887 0.0145
54151.6503 4.7446 0.0136
54153.5968 4.7977 0.0129
54117.6461 4.4618 0.0114
53390.6489 5.8875 0.0134
54524.5266 5.4759 0.0180
53553.4142 6.0766 0.0136
53578.3431 5.6991 0.0172
54511.5807 5.6542 0.0110
54213.5722 4.1484 0.0145
54614.3924 5.2452 0.0132
53936.3074 4.5651 0.0128
53200.2667 5.5684 0.0130
54621.4059 5.2413 0.0125
56712.4708 4.3584 0.0421
54557.5455 5.2857 0.0128
53859.3669 4.9841 0.0159
53505.3885 6.2600 0.0195
53473.5879 6.0403 0.0147
53121.5132 5.0534 0.0124
54591.3863 5.1246 0.0119
54563.4941 5.3015 0.0133
52813.3474 3.8696 0.0146
54262.4009 5.2265 0.0146
54588.5522 5.0572 0.0163
54183.5063 4.5229 0.0129
53551.3290 6.3251 0.0130
53939.3067 4.5505 0.0128
53875.3594 4.8801 0.0123
53772.6264 5.3399 0.0138
52792.4193 3.7760 0.0197
54600.4459 5.1849 0.0275
54113.6612 4.4513 0.0152
54201.4537 4.2652 0.0126
54535.5077 5.3360 0.0119
53446.5324 6.4970 0.0132
53943.3027 4.5466 0.0129
54259.3128 5.2632 0.0120
53138.4614 5.2578 0.0134
54144.5888 4.7158 0.0127
53109.5778 5.0269 0.0169
53469.5188 6.0669 0.0134
53178.3751 4.6696 0.0119
52722.5967 4.4491 0.0234
53916.3248 3.8968 0.0152
53117.4850 5.0259 0.0123
53766.6170 5.4105 0.0126
53495.4394 6.1566 0.0136
53083.6071 4.4700 0.0129
52815.2953 4.0246 0.0088
54176.5642 4.7896 0.0125
53879.3083 4.7879 0.0131
54205.4858 4.1405 0.0134
54594.4526 5.1270 0.0122
53165.4100 4.9847 0.0120
54618.4140 5.3675 0.0123
53527.3526 6.5745 0.0131
53195.3465 5.3731 0.0124
53743.6336 5.3514 0.0119
54229.4787 4.4054 0.0193
53518.4479 5.8293 0.0247
54538.5772 5.3515 0.0141
53855.4161 5.0259 0.0127
53502.3879 6.3500 0.0141
54597.4509 5.1421 0.0121
56715.4646 4.3190 0.0526
53500.3158 6.3090 0.0133
54528.5221 5.4648 0.0112
52791.4573 3.7136 0.0201
57216.2664 5.4792 0.0384
52721.6238 4.4874 0.0318
54255.3352 5.3490 0.0193
54266.2915 5.2261 0.0143
57160.3564 3.1428 0.0318
53146.4912 5.2132 0.0149
53888.4056 4.7899 0.0155
54179.5227 4.7561 0.0137
53175.3837 4.8616 0.0137
57194.3999 5.7157 0.0386
53906.3676 4.7629 0.0162
57157.4336 3.8627 0.0371
53883.3885 4.7735 0.0149
57433.5183 4.2937 0.0307
56829.3208 5.0854 0.0527
53149.3338 5.3490 0.0140
56800.5027 5.2362 0.0742
54234.4869 4.6491 0.0137
54124.6309 4.6419 0.0134
53892.3762 4.8937 0.0246
56722.4392 4.0927 0.0490
53411.6227 6.3559 0.0145
53463.5851 6.0298 0.0230
54120.6630 4.5654 0.0177
53531.3606 6.5954 0.0152
53523.4194 5.7087 0.0202
57191.4184 5.6980 0.0503
57419.5251 4.4563 0.0656
53563.3393 5.8413 0.0255
52814.3123 4.1434 0.0123
52790.4038 3.7700 0.0499
57508.4013 4.4443 0.0499
57195.3988 4.7162 0.0590
57492.5351 4.0183 0.0512
57220.2523 5.5096 0.0906
57185.4502 5.8697 0.0641
57123.5278 5.6132 0.0933
57213.2788 5.5400 0.0492
57133.4122 5.4706 0.0544
57223.3541 5.4220 0.0537
57547.3866 4.3613 0.0488
57104.4484 5.6691 0.0531
53890.4800 4.6653 0.0708
57156.4557 5.2697 0.0478
53198.3064 5.1154 0.0944
57078.4234 5.8508 0.0570
57134.4671 5.5834 0.0894
54619.3119 5.4036 0.0707
57166.3176 5.2118 0.1000
54620.3442 5.4436 0.0512
57155.3065 5.0680 0.4003
