57479.5240 6.3223 0.0256
56715.4984 6.0532 0.0373
57420.5453 6.7410 0.0343
56803.4112 7.3197 0.0403
56743.5101 6.4208 0.0387
56741.5899 6.5617 0.0544
57567.2896 7.0063 0.0342
56723.4803 6.1630 0.0406
56811.4234 7.6215 0.0386
56781.3397 6.9739 0.0497
56809.4460 7.5554 0.0426
56798.4117 7.4515 0.0382
56778.2875 6.8992 0.0441
56805.4000 7.4324 0.0397
57508.3994 6.8594 0.0334
57520.3008 6.6570 0.0457
57492.5332 6.5011 0.0367
57542.3509 7.0663 0.0321
56837.3096 7.1485 0.0398
56776.4499 6.7756 0.0404
57460.4734 6.6753 0.0347
56833.3155 7.1389 0.0386
56780.2967 6.9034 0.0464
56835.3093 7.1300 0.0380
56831.3066 7.2088 0.0385
56744.5344 6.5490 0.0405
56751.3336 6.5061 0.0463
56783.3308 6.9408 0.0500
56841.3074 7.0853 0.0456
56721.5901 6.1984 0.0449
56801.3352 7.5785 0.0437
56839.3033 7.1380 0.0420
57459.5373 6.4703 0.0347
56772.5257 6.5299 0.0479
56807.2799 7.4009 0.0424
56712.4708 6.0852 0.0442
57216.2664 6.5347 0.0400
56722.4392 6.1864 0.0521
56829.3208 7.4181 0.0555
53496.3516 9.0003 0.0114
56800.5027 7.2949 0.0762
57213.2777 6.6032 0.0368
57194.3999 6.7181 0.0400
57220.2508 6.8539 0.0901
57157.4336 6.8279 0.0413
57160.3564 6.8958 0.0379
57223.3531 6.4868 0.0401
57547.3854 7.0654 0.0356
53475.5629 8.1900 0.0141
57191.4184 6.9279 0.0523
57195.3988 6.7201 0.0637
57433.5198 6.7054 0.0540
57156.4565 6.5687 0.0673
57185.4502 7.1745 0.0657
57155.3464 6.3109 0.2388
57123.5278 6.0786 0.0940
56711.5225 6.1393 0.0884
57133.4122 6.2382 0.0568
57078.4234 6.5661 0.0583
57134.4671 6.0087 0.0926
57166.3176 6.9314 0.1055
57104.4558 6.1847 0.0578
53388.6169 8.4428 0.0249
57105.5577 6.7799 0.0888
57419.5273 6.6711 0.1067
53467.5113 8.4283 0.0220
52793.2708 8.6554 0.0708
