57479.5240 14.0680 0.0317
56715.4984 9.2316 0.0423
57420.5453 13.3320 0.0404
56803.4112 9.7472 0.0437
56743.5101 9.7916 0.0439
56741.5899 9.8559 0.0583
57567.2896 14.2683 0.0438
56723.4803 9.4037 0.0463
56781.3397 9.5874 0.0532
56809.4460 10.0287 0.0468
56721.5901 9.5179 0.0504
56798.4117 9.7357 0.0418
56778.2875 9.5882 0.0482
56805.4000 9.8281 0.0436
56837.3096 10.2225 0.0445
57520.3008 14.2865 0.0528
57542.3509 14.7025 0.0420
56776.4499 9.8536 0.0454
57460.4734 14.0100 0.0445
56833.3155 10.3397 0.0435
57508.3994 14.3488 0.0431
56780.2967 9.6013 0.0501
56835.3093 10.2351 0.0430
56831.3066 10.1833 0.0434
56744.5344 9.8547 0.0456
56751.3336 9.8572 0.0513
56811.4234 10.1102 0.0427
56783.3308 9.6192 0.0531
56841.3074 10.3704 0.0496
57492.5332 14.1156 0.0467
56801.3352 9.7244 0.0472
56839.3033 10.3057 0.0465
57459.5373 14.0504 0.0449
56772.5257 9.8349 0.0521
56807.2799 9.9207 0.0470
56712.4708 9.3712 0.0502
57433.5183 13.9645 0.0443
57216.2664 11.0252 0.0473
57160.3564 11.2027 0.0447
56829.3208 10.3800 0.0619
56800.5027 9.8234 0.0816
57213.2777 10.9698 0.0437
57194.3999 11.0018 0.0469
57133.4106 11.9110 0.0450
57220.2508 10.8632 0.0931
57223.3531 10.8288 0.0470
57157.4336 11.6136 0.0480
56722.4392 9.4482 0.0597
57547.3854 14.8762 0.0467
57419.5251 13.5520 0.0764
57191.4184 10.9687 0.0603
53496.3516 14.4811 0.0155
57104.4484 11.8572 0.0661
57156.4565 11.2097 0.0775
57123.5278 11.8767 0.1036
57134.4666 11.9599 0.0782
52793.2647 14.3181 0.0437
56711.5225 9.0512 0.0962
57155.3464 11.2542 0.2617
57195.3988 10.9611 0.0746
57185.4502 11.0403 0.0741
57078.4234 12.2401 0.0656
57166.3176 11.1423 0.1187
57105.5577 12.1807 0.1071
