53462.4931 2.2326 0.0231
53911.3288 1.9998 0.0171
53847.5755 1.8433 0.0234
53851.4182 1.8733 0.0146
52730.5552 2.5861 0.0373
53853.4352 1.8829 0.0147
53524.3013 2.5483 0.0091
53586.2942 2.2071 0.0105
54186.5147 2.0532 0.0161
52698.6084 2.6977 0.0103
54531.5740 1.7229 0.0080
56743.5101 2.2673 0.0342
53466.6127 2.1818 0.0102
56803.4112 3.3047 0.0363
52710.6200 2.6370 0.0127
56741.5899 3.2375 0.0513
53583.3046 2.1302 0.0107
56811.4234 3.2744 0.0334
56778.2875 3.1163 0.0393
57520.3008 4.3476 0.0446
54570.4284 2.1061 0.0221
56780.2967 3.2017 0.0421
56831.3066 3.6609 0.0344
53799.4817 1.6564 0.0159
56837.3096 3.6622 0.0358
56835.3093 3.5053 0.0338
52817.2960 2.8796 0.0241
57567.2855 3.6752 0.0316
57542.3509 3.7736 0.0280
56744.5344 2.4319 0.0356
54262.4012 1.6093 0.0116
56841.3074 3.6860 0.0425
56801.3352 3.4955 0.0390
57508.3994 4.0508 0.0302
56807.2799 3.6250 0.0378
56781.3397 3.7976 0.0461
54209.4929 1.8816 0.0100
56721.5901 3.7302 0.0422
54624.3824 2.1225 0.0102
53769.6082 1.9263 0.0098
56783.3308 3.6415 0.0467
53505.3888 2.2313 0.0166
57460.4734 4.7341 0.0324
56809.4460 3.3413 0.0375
56798.4117 3.3141 0.0333
56805.4000 3.2002 0.0347
56839.3033 3.6945 0.0382
56833.3155 3.6714 0.0346
57492.5332 4.1510 0.0341
54561.4254 1.9633 0.0102
53146.4901 3.0048 0.0122
54151.6503 1.9111 0.0119
54153.5968 1.8885 0.0111
54117.6461 1.8130 0.0098
53390.6489 2.3798 0.0115
54524.5266 1.6735 0.0168
53553.4142 2.4411 0.0116
54144.5888 1.9034 0.0111
53578.3431 2.1209 0.0153
53411.6236 2.4118 0.0106
54511.5807 1.7319 0.0085
54213.5722 1.8271 0.0133
54614.3924 2.0514 0.0114
53936.3074 2.0450 0.0113
54255.3352 1.6727 0.0162
54600.4459 2.1058 0.0277
53200.2667 2.8040 0.0117
54621.4059 2.1419 0.0107
54266.2923 1.6166 0.0107
54557.5455 1.9133 0.0109
54234.4877 1.8068 0.0106
53859.3669 1.9516 0.0149
53473.5879 2.1693 0.0126
53121.5132 3.1313 0.0114
54591.3863 2.0664 0.0101
54179.5219 2.0188 0.0107
54563.4941 2.0172 0.0115
52813.3474 2.7916 0.0141
54588.5522 2.0541 0.0148
53175.3845 3.0303 0.0113
53883.3893 1.9646 0.0118
54183.5063 2.0591 0.0116
53551.3290 2.4832 0.0109
53939.3067 2.0812 0.0114
53875.3594 2.0767 0.0107
53772.6264 1.8647 0.0116
52792.4193 2.7377 0.0193
54113.6612 1.9180 0.0143
54201.4537 1.9256 0.0113
54535.5077 1.7214 0.0096
53446.5324 2.1061 0.0107
53943.3027 2.1219 0.0115
54259.3128 1.6339 0.0098
53138.4614 2.9395 0.0124
53109.5778 3.2393 0.0163
53469.5188 2.2098 0.0112
53178.3751 3.1069 0.0113
53149.3330 3.2311 0.0115
53906.3684 2.0345 0.0130
52722.5967 2.4783 0.0231
53531.3615 2.5384 0.0114
53117.4850 3.1821 0.0113
53766.6170 1.9319 0.0103
53495.4394 2.2123 0.0114
53916.3248 1.9723 0.0144
54176.5642 2.0161 0.0109
54124.6309 1.7850 0.0102
54205.4858 1.8827 0.0122
54594.4526 2.0399 0.0104
53165.4100 3.1163 0.0112
54618.4140 2.2355 0.0106
53527.3526 2.5760 0.0110
53195.3465 2.7941 0.0111
53743.6336 1.9712 0.0097
54229.4787 1.7787 0.0185
53518.4479 2.4493 0.0243
54538.5772 1.7291 0.0119
53083.6071 3.4076 0.0124
53855.4161 1.8965 0.0110
53502.3879 2.2300 0.0122
54597.4509 2.0434 0.0103
53892.3770 1.9776 0.0218
54120.6630 1.7694 0.0143
53879.3083 2.0139 0.0115
53500.3158 2.2332 0.0112
53888.4064 1.9559 0.0124
54528.5221 1.7201 0.0090
52791.4573 2.7670 0.0198
52721.6238 2.4569 0.0315
57220.2508 2.9231 0.0886
57160.3564 3.2826 0.0327
57194.3999 3.1285 0.0348
57157.4336 3.3231 0.0367
57433.5183 4.4806 0.0313
57223.3531 3.0500 0.0351
52790.4020 2.8298 0.0381
56829.3208 4.0909 0.0509
57420.5463 4.2332 0.0474
56800.5027 3.1989 0.0708
57213.2777 2.9759 0.0315
57133.4106 3.3690 0.0333
57547.3854 3.7821 0.0309
52815.2957 2.8773 0.0092
53523.4194 2.5562 0.0186
57191.4184 3.1504 0.0457
57419.5251 4.3733 0.0656
53563.3393 2.3688 0.0237
53463.5877 2.1793 0.0242
57479.5308 4.1868 0.0508
54620.3574 2.2342 0.0347
56751.3357 2.8167 0.0695
57459.5392 4.5092 0.0522
57216.2674 3.1230 0.0479
57134.4666 3.2846 0.0589
57185.4502 3.1392 0.0587
56776.4519 2.8254 0.0601
56723.4823 3.0888 0.0597
56772.5279 2.7742 0.0683
56715.5436 2.9154 0.0578
57104.4484 3.0628 0.0478
56712.4724 2.9353 0.0603
53890.4800 1.7440 0.0620
57195.3993 3.1525 0.0781
56722.4406 2.9426 0.0933
53198.3064 2.6500 0.0940
57078.4234 2.5449 0.0538
54619.3119 2.1332 0.0619
57166.3176 3.4294 0.0968
57105.5577 3.0666 0.0775
57123.5290 3.2879 0.1290
