57479.5240 3.0110 0.0241
52698.6084 2.3188 0.0097
56715.4984 2.0896 0.0347
56803.4112 2.3596 0.0366
56743.5101 2.2433 0.0355
57420.5453 2.9090 0.0322
56741.5899 2.2190 0.0522
56723.4803 2.5919 0.0376
56809.4460 2.3378 0.0374
56831.3066 2.3413 0.0336
57567.2855 2.8441 0.0314
56798.4117 2.3594 0.0333
56805.4000 2.3040 0.0347
57508.3994 2.8078 0.0293
56837.3096 2.4298 0.0353
57520.3008 2.7904 0.0442
57542.3509 3.0223 0.0276
57460.4734 2.8109 0.0304
56833.3155 2.3850 0.0339
56811.4234 2.2420 0.0331
56835.3093 2.3651 0.0332
56744.5344 2.3448 0.0371
56751.3336 2.5480 0.0436
56841.3074 2.4885 0.0426
56721.5901 2.1740 0.0417
57492.5332 2.7052 0.0330
56801.3352 2.2927 0.0389
56839.3033 2.3757 0.0377
57459.5373 3.2860 0.0319
56807.2799 2.2574 0.0372
52815.2953 2.4681 0.0080
56712.4708 2.6455 0.0413
57433.5183 2.7334 0.0292
57223.3531 2.8648 0.0359
56829.3208 2.2911 0.0497
53475.5639 2.5813 0.0106
56800.5027 2.4751 0.0727
57213.2777 2.7757 0.0321
57194.3999 2.8300 0.0354
57133.4106 2.9489 0.0337
57220.2508 2.7700 0.0914
57157.4336 2.8742 0.0372
57160.3564 2.9495 0.0332
56722.4392 2.8656 0.0489
57547.3854 2.9511 0.0303
57419.5251 2.7429 0.0651
57191.4184 2.8833 0.0468
57216.2674 2.8064 0.0480
56776.4519 2.4755 0.0608
56778.2895 2.2532 0.0644
57104.4484 3.2154 0.0502
56772.5279 2.2297 0.0692
57185.4502 2.8136 0.0603
57134.4666 2.8598 0.0598
56780.2988 2.2793 0.0691
56711.5225 2.6779 0.0860
56781.3417 2.4101 0.0749
57195.3988 3.1253 0.0574
56783.3329 2.4222 0.0763
57078.4234 2.9590 0.0554
57166.3176 3.0458 0.0976
57155.3863 3.1218 0.2765
57105.5577 3.2727 0.0816
53467.5113 2.5929 0.0164
57123.5290 3.0937 0.1312
