57479.5219 3.3560 0.0276
56803.4112 4.7422 0.0393
56715.4854 4.2121 0.0444
56811.4234 4.6971 0.0367
56809.4460 4.7818 0.0410
56805.4000 4.7114 0.0381
56743.5145 4.3129 0.0449
56801.3352 4.8448 0.0422
56807.2799 4.8026 0.0414
57567.2904 4.0989 0.0408
56837.3086 4.6832 0.0481
56744.5289 4.4422 0.0509
57459.5364 3.2953 0.0409
56723.4793 4.2624 0.0506
57492.5322 3.3677 0.0444
56781.3387 4.8284 0.0612
56783.3298 4.7789 0.0621
52814.3124 3.6586 0.0104
57420.5442 3.9161 0.0453
56829.3208 4.7287 0.0542
56741.5807 4.3367 0.0685
56721.5890 4.2948 0.0561
56780.2957 4.8481 0.0574
56800.5027 4.8832 0.0756
57542.3499 3.8353 0.0364
57508.3984 3.2293 0.0381
56839.3023 4.8268 0.0514
56772.5247 4.7647 0.0597
57520.2996 3.3611 0.0594
56833.3145 4.8764 0.0470
56776.4489 4.7780 0.0490
56831.3056 4.6552 0.0466
56751.3325 4.5076 0.0569
56835.3083 4.8233 0.0465
57460.4724 3.2809 0.0373
56798.4107 4.7468 0.0454
56841.3064 4.8347 0.0558
56778.2865 4.6062 0.0542
56722.4387 4.4569 0.0601
56712.4698 4.2234 0.0581
57433.5167 3.8092 0.0395
57160.3554 3.7105 0.0488
57156.4565 3.7906 0.0660
57220.2493 4.0197 0.1539
57216.2653 3.6344 0.0538
57155.3464 3.2096 0.2532
57547.3841 3.9363 0.0414
56711.5225 4.0339 0.0872
57191.4179 3.6808 0.0573
57213.2766 3.6337 0.0481
57194.3988 3.6409 0.0528
57157.4324 3.5813 0.0522
57223.3520 3.6653 0.0532
57133.4091 3.3074 0.0447
57185.4502 3.8416 0.0617
57419.5240 3.8151 0.0825
57123.5267 3.3467 0.1276
57134.4662 3.2292 0.0863
57195.3983 3.7392 0.0850
57105.5577 3.2133 0.0818
57104.4411 3.0684 0.0862
