57479.5240 5.5762 0.0253
56715.4984 5.4323 0.0370
57420.5453 6.0040 0.0339
56803.4112 5.4158 0.0384
56743.5101 5.1518 0.0375
56741.5899 5.3524 0.0528
57567.2896 5.9887 0.0337
56723.4803 5.2365 0.0397
56781.3397 5.4692 0.0479
56809.4460 5.2621 0.0399
56721.5901 5.3840 0.0443
56798.4117 5.4065 0.0359
56778.2875 5.2019 0.0422
56780.2967 5.3565 0.0447
56805.4000 5.4287 0.0372
56837.3096 5.4566 0.0380
57520.3008 6.0033 0.0453
57542.3509 5.8907 0.0311
56776.4499 5.3802 0.0391
57460.4734 5.6929 0.0339
56833.3155 5.3963 0.0369
57508.3994 5.6133 0.0321
56835.3093 5.4339 0.0361
56831.3066 5.3380 0.0367
56744.5344 5.2338 0.0392
56751.3336 5.2731 0.0447
56811.4234 5.6323 0.0364
56783.3308 5.3815 0.0482
56841.3074 5.4428 0.0438
57492.5332 5.5147 0.0356
56801.3352 5.2996 0.0412
56839.3033 5.3368 0.0401
57459.5373 5.7245 0.0344
56772.5257 5.2500 0.0463
56807.2799 5.3043 0.0403
53496.3516 5.8163 0.0092
52814.3124 4.7979 0.0098
56712.4708 5.3077 0.0433
57433.5183 5.9277 0.0336
57216.2664 6.0349 0.0392
57160.3564 5.9490 0.0370
56829.3208 5.3969 0.0529
56800.5027 5.1949 0.0733
57213.2777 6.1078 0.0366
57194.3999 6.0804 0.0392
57133.4106 5.7858 0.0369
57220.2508 6.1471 0.0893
57223.3531 6.1875 0.0400
57157.4336 6.0139 0.0403
56722.4392 5.3717 0.0515
57547.3854 5.9877 0.0348
57419.5251 6.0363 0.0662
57191.4184 6.0759 0.0514
52793.2667 4.6328 0.0309
57123.5278 5.8838 0.0935
57104.4484 5.5678 0.0532
57156.4565 6.0341 0.0676
57134.4666 5.7563 0.0646
56711.5225 5.2784 0.0867
57155.3464 5.8206 0.2440
57195.3988 5.9725 0.0625
57185.4502 6.2829 0.0644
57078.4234 5.8426 0.0574
57166.3176 5.8517 0.1037
53388.6169 5.4052 0.0224
57105.5577 5.5143 0.0862
