57479.5240 1.0220 0.0209
56803.4112 1.1974 0.0326
56723.4803 1.0536 0.0327
56781.3397 1.0251 0.0421
56809.4460 1.1959 0.0330
56778.2875 0.9086 0.0354
57420.5519 1.0421 0.0319
57567.2855 1.1368 0.0268
56798.4117 1.0006 0.0290
56805.4000 1.1649 0.0306
57508.3994 1.1300 0.0249
56837.3096 1.2655 0.0312
57520.3008 1.0169 0.0400
57542.3509 1.1327 0.0230
56776.4499 0.9094 0.0319
57460.4734 1.0489 0.0258
56833.3155 1.2726 0.0299
53475.5639 0.8923 0.0079
56780.2967 1.0775 0.0388
56835.3093 1.2990 0.0294
56831.3066 1.3736 0.0298
57492.5332 1.0964 0.0283
56744.5344 1.0308 0.0328
57459.5373 1.0638 0.0262
56751.3336 0.9519 0.0388
56783.3308 1.0410 0.0436
56841.3074 1.2890 0.0387
56743.5048 1.0611 0.0361
56801.3352 1.2386 0.0347
56839.3033 1.2510 0.0336
56715.5416 0.9740 0.0310
56807.2799 1.1761 0.0326
56811.4229 1.2404 0.0330
56772.5261 0.8436 0.0433
56712.4708 1.0761 0.0362
57216.2664 0.9642 0.0298
57433.5183 1.0059 0.0249
56722.4392 1.0202 0.0418
57133.4106 0.9521 0.0288
56829.3208 1.1956 0.0436
57213.2777 0.9663 0.0269
57194.3999 0.8893 0.0299
57223.3531 0.9198 0.0304
57157.4336 0.9404 0.0321
57160.3564 0.8457 0.0274
57547.3854 1.1716 0.0257
57191.4184 0.8536 0.0398
56721.5904 1.0385 0.0447
57220.2523 1.0707 0.0862
57185.4502 0.8712 0.0515
57123.5278 0.9361 0.0840
57134.4666 0.9504 0.0518
56711.5225 1.0783 0.0767
57195.3988 0.9008 0.0480
57104.4484 0.9484 0.0409
56741.5841 0.9682 0.0507
57078.4234 0.9194 0.0505
57166.3176 0.9987 0.0874
57419.5246 1.0288 0.0873
53467.5113 0.8236 0.0148
