57479.5240 5.5189 0.0247
56715.4984 4.5991 0.0350
57420.5453 5.1961 0.0325
56803.4112 3.7975 0.0357
56743.5101 4.2954 0.0355
56741.5899 4.2610 0.0513
57567.2896 4.8376 0.0312
56723.4803 4.4887 0.0376
56781.3397 3.8761 0.0455
56809.4460 3.8318 0.0369
56721.5901 4.5563 0.0419
56798.4117 3.8134 0.0329
56778.2875 3.9233 0.0395
56805.4000 3.8729 0.0345
57508.3994 5.3559 0.0310
56837.3096 3.8890 0.0349
57520.3008 5.3628 0.0439
57542.3509 5.3783 0.0294
56776.4499 3.9594 0.0362
57460.4734 5.7113 0.0328
56833.3155 3.9041 0.0337
53475.5639 3.4748 0.0089
56780.2967 3.8561 0.0422
56835.3093 3.9254 0.0332
56831.3066 3.9912 0.0337
56744.5344 4.4138 0.0372
56751.3336 4.3020 0.0430
56811.4234 3.9651 0.0332
56783.3308 3.9205 0.0465
56841.3074 4.0391 0.0417
57492.5332 5.5453 0.0347
56801.3352 3.7912 0.0381
56839.3033 3.9853 0.0373
57459.5373 5.7416 0.0332
56772.5257 3.9344 0.0440
56807.2799 3.9341 0.0369
56712.4708 4.3830 0.0410
57433.5183 5.5963 0.0321
57216.2664 4.4679 0.0358
56829.3208 3.9693 0.0488
56800.5027 3.7314 0.0693
57213.2777 4.4350 0.0328
57194.3999 4.3478 0.0356
57133.4106 4.5865 0.0341
57220.2508 4.4907 0.0872
57223.3531 4.4782 0.0363
57157.4336 4.6804 0.0375
57160.3564 4.7959 0.0340
56722.4392 4.4890 0.0482
57547.3854 5.1224 0.0323
57419.5251 5.3679 0.0644
57191.4184 4.2683 0.0464
57185.4502 4.3870 0.0588
53883.4566 3.5924 0.0122
57123.5278 4.7618 0.0899
57104.4484 4.8642 0.0499
57134.4666 4.5287 0.0601
56711.5225 4.3749 0.0833
57195.3988 4.2169 0.0565
57078.4234 4.9004 0.0555
57166.3176 4.6964 0.0977
57156.4557 4.5331 0.0452
57155.3065 4.2977 0.3852
57105.5577 4.7794 0.0802
53467.5113 3.5189 0.0175
