53847.5720 3.5662 0.0746
53462.4931 2.0600 0.0230
53911.3288 2.2121 0.0172
53851.4182 2.2861 0.0148
53853.4352 2.3626 0.0149
53586.2942 1.9991 0.0104
53524.3013 2.1070 0.0089
57479.5219 1.6487 0.0262
54186.5147 2.0471 0.0161
52698.6084 1.4413 0.0096
56715.4984 2.2069 0.0336
54531.5740 1.5314 0.0078
53466.6127 2.0025 0.0101
56803.4112 2.1308 0.0352
52710.6200 1.3669 0.0119
53583.3046 1.9678 0.0106
56811.4234 2.2232 0.0322
54570.4284 1.8035 0.0220
56831.3066 2.0131 0.0322
53799.4817 2.3555 0.0164
56723.4803 2.3307 0.0362
56835.3093 2.2775 0.0322
52817.2960 1.2461 0.0221
54262.4012 1.7944 0.0117
52730.5497 1.3067 0.0281
56841.3074 2.1188 0.0408
56743.5145 2.0620 0.0403
56801.3352 2.0156 0.0374
56807.2799 2.2474 0.0361
54209.4929 2.0643 0.0101
56721.5901 2.1755 0.0403
54624.3824 2.1580 0.0102
53505.3888 2.1013 0.0165
56809.4460 2.3383 0.0364
56805.4000 2.1654 0.0336
56839.3033 2.0649 0.0361
56833.3155 1.9056 0.0323
53769.6082 2.4061 0.0102
54561.4254 1.7005 0.0100
53146.4901 1.5860 0.0112
54151.6503 1.9178 0.0119
54153.5968 1.9731 0.0111
54229.4787 2.1139 0.0187
54117.6461 2.0845 0.0100
53390.6489 1.9627 0.0113
54524.5266 1.5409 0.0168
53553.4142 1.8704 0.0112
54144.5888 1.9761 0.0111
53578.3431 1.9346 0.0151
53411.6236 2.0846 0.0104
54213.5722 2.0329 0.0134
54614.3924 2.1768 0.0114
53936.3074 2.2026 0.0114
54255.3352 1.8993 0.0163
53200.2667 1.8701 0.0111
54621.4059 2.1730 0.0107
56837.3090 2.3376 0.0387
56712.4708 2.2921 0.0397
54266.2923 1.8187 0.0108
54557.5455 1.6499 0.0107
54234.4877 2.1234 0.0108
53859.3669 2.2950 0.0151
53473.5879 2.0495 0.0125
53121.5132 1.5836 0.0104
54591.3863 1.9889 0.0101
54179.5219 2.0683 0.0107
54563.4941 1.7113 0.0113
52813.3474 1.2370 0.0129
54588.5522 1.9346 0.0147
53175.3845 1.6909 0.0104
53883.3893 2.1426 0.0119
53109.5778 1.5221 0.0153
54183.5063 2.0825 0.0116
53551.3290 1.8868 0.0105
53939.3067 2.2476 0.0116
53875.3594 2.1828 0.0108
53772.6264 2.3003 0.0120
52792.4193 1.3492 0.0183
54600.4459 2.0899 0.0277
54113.6612 2.0455 0.0144
54201.4537 2.1293 0.0115
54535.5077 1.5294 0.0095
53446.5324 2.1265 0.0107
53943.3027 2.2620 0.0116
54259.3128 1.8421 0.0100
53138.4614 1.5691 0.0115
53469.5188 2.0416 0.0110
53178.3751 1.7399 0.0103
53149.3330 1.6482 0.0106
53906.3684 2.1223 0.0130
52722.5967 1.3408 0.0226
53531.3615 2.0528 0.0111
53916.3248 2.2415 0.0146
53117.4850 1.5836 0.0103
53766.6170 2.4296 0.0107
53495.4394 2.1088 0.0114
52815.2953 1.2746 0.0075
54176.5642 2.0637 0.0109
54124.6309 2.0626 0.0104
54511.5807 1.6929 0.0085
54205.4858 2.0468 0.0123
54594.4526 2.0267 0.0104
53165.4100 1.6576 0.0102
54618.4140 2.1894 0.0106
53527.3526 2.0707 0.0107
53195.3465 1.7681 0.0104
53743.6336 2.3603 0.0100
53518.4479 2.0555 0.0242
54538.5772 1.5131 0.0117
53083.6071 1.5653 0.0112
53855.4161 2.2507 0.0112
53502.3879 2.1014 0.0121
54597.4509 2.0758 0.0103
53892.3770 2.1876 0.0219
54120.6630 2.0624 0.0145
53879.3083 2.1434 0.0116
53500.3158 2.0918 0.0111
53888.4064 2.1682 0.0126
57567.2904 1.6052 0.0365
54528.5221 1.5843 0.0089
52791.4573 1.3658 0.0187
52721.6238 1.3421 0.0310
56751.3325 2.0904 0.0520
56778.2865 2.0863 0.0486
56741.5807 2.0874 0.0644
57508.3984 1.5894 0.0352
56780.2957 1.9251 0.0519
57420.5442 1.7151 0.0425
56772.5247 2.2153 0.0554
56781.3387 1.9568 0.0562
57460.4724 1.5712 0.0340
52790.4020 1.4412 0.0372
56829.3208 2.1060 0.0475
56800.5027 2.8995 0.0703
57542.3499 1.6390 0.0322
57459.5364 1.6627 0.0379
56776.4489 2.0454 0.0431
56744.5289 2.1699 0.0456
56783.3298 2.0145 0.0575
56798.4107 2.1437 0.0398
57520.2996 1.6844 0.0581
57492.5322 1.6243 0.0412
56722.4392 2.1824 0.0463
53523.4194 2.0944 0.0183
53563.3393 1.8938 0.0233
53463.5877 2.0452 0.0241
54620.3574 2.1121 0.0344
57157.4324 1.8266 0.0475
57194.3988 2.0073 0.0476
57133.4091 1.8272 0.0408
57185.4502 1.9359 0.0563
57433.5167 1.6813 0.0351
57223.3520 1.5191 0.0468
57160.3554 1.7884 0.0429
57216.2653 1.6959 0.0475
56711.5225 1.9441 0.0808
57191.4179 2.0078 0.0519
57547.3841 1.5726 0.0362
57213.2766 1.6690 0.0420
57419.5240 1.4691 0.0804
53890.4800 2.1534 0.0633
57156.4557 1.7013 0.0423
53198.3064 1.9513 0.0928
57123.5267 1.8760 0.1242
54619.3119 2.0297 0.0615
57134.4662 1.4580 0.0777
57105.5577 1.5658 0.0725
57195.3983 1.8440 0.0752
57104.4411 1.7728 0.0775
