57479.5240 3.4325 0.0233
56715.4984 3.9235 0.0349
57420.5453 3.1450 0.0310
56803.4112 3.5263 0.0361
56743.5101 3.7822 0.0355
56741.5899 3.8582 0.0519
57567.2896 3.4976 0.0295
56723.4803 3.8247 0.0375
56781.3397 3.5101 0.0458
56809.4460 3.4810 0.0370
56721.5901 3.9323 0.0420
56798.4117 3.5949 0.0333
56778.2875 3.5686 0.0398
56805.4000 3.4714 0.0345
56837.3096 3.2952 0.0347
57520.3008 3.6138 0.0429
57542.3509 3.4096 0.0270
56776.4499 3.6091 0.0363
57460.4734 3.3924 0.0300
56833.3155 3.2768 0.0334
57508.3994 3.4960 0.0288
56780.2967 3.6446 0.0426
56835.3093 3.3712 0.0329
56831.3066 3.3631 0.0332
56744.5344 3.7048 0.0370
56751.3336 3.8438 0.0431
56811.4234 3.3598 0.0329
56783.3308 3.5741 0.0467
56841.3074 3.1902 0.0414
57492.5332 3.3513 0.0323
56801.3352 3.4996 0.0385
56839.3033 3.2998 0.0371
57459.5373 3.4022 0.0303
56772.5257 3.5031 0.0446
56807.2799 3.5487 0.0370
56712.4708 3.8927 0.0411
57433.5183 3.4005 0.0294
57216.2664 3.2356 0.0347
57160.3564 3.3273 0.0325
56829.3208 3.4441 0.0486
56800.5027 3.4767 0.0701
57213.2777 3.1806 0.0315
57194.3999 3.1888 0.0347
57133.4106 3.3609 0.0332
57220.2508 3.0378 0.0876
53496.3532 2.6756 0.0087
57223.3531 3.1483 0.0350
57157.4336 3.2555 0.0363
56722.4392 3.8924 0.0481
57547.3854 3.4364 0.0299
57419.5251 3.2969 0.0626
57191.4184 3.2492 0.0456
52793.2667 3.8148 0.0293
57123.5278 3.2890 0.0896
57104.4484 3.5040 0.0483
57156.4565 3.1983 0.0609
57134.4666 3.4274 0.0591
56711.5225 3.9436 0.0841
57155.3464 3.5738 0.2316
57195.3988 3.2505 0.0555
57185.4502 3.2996 0.0581
57078.4234 3.5211 0.0545
57166.3176 3.1923 0.0953
53388.6169 2.3405 0.0188
57105.5577 3.5914 0.0783
