57479.5240 2.6726 0.0229
56715.4984 2.5010 0.0337
57420.5453 2.3117 0.0304
56803.4112 2.5976 0.0353
56743.5101 2.6354 0.0345
56741.5899 2.5299 0.0501
57567.2896 2.4334 0.0288
56723.4803 2.8172 0.0366
56781.3397 2.4153 0.0446
56809.4460 2.6961 0.0367
56721.5901 2.7310 0.0407
56798.4117 2.5055 0.0322
56778.2875 2.5323 0.0389
56805.4000 2.7045 0.0340
56837.3096 2.5853 0.0342
57520.3008 3.1211 0.0427
57492.5332 2.9712 0.0322
57542.3509 2.7925 0.0265
56839.3033 2.5010 0.0362
56776.4499 2.3744 0.0351
57460.4734 1.9965 0.0284
56833.3155 2.6471 0.0331
56811.4234 2.6832 0.0325
57508.3994 3.1128 0.0289
56780.2967 2.5352 0.0415
56835.3093 2.5836 0.0324
56831.3066 2.5991 0.0328
56744.5344 2.4239 0.0357
56751.3336 2.5444 0.0418
56783.3308 2.3709 0.0454
56841.3074 2.4143 0.0404
56801.3352 2.4589 0.0375
57459.5373 2.0896 0.0289
56772.5257 2.5373 0.0432
56807.2799 2.7421 0.0365
52815.2953 2.7749 0.0083
56712.4708 2.4597 0.0395
57433.5183 2.4148 0.0283
57216.2664 2.2873 0.0335
57160.3564 2.2618 0.0312
56829.3208 2.5763 0.0477
56800.5027 2.5843 0.0689
57213.2777 2.1904 0.0303
57223.3531 2.3265 0.0339
57157.4336 2.3292 0.0352
52698.6091 2.2850 0.0152
56722.4392 2.7223 0.0467
57194.3999 2.1454 0.0332
57547.3854 2.6537 0.0293
57419.5251 2.3425 0.0617
57220.2515 2.4552 0.0878
57191.4184 2.1843 0.0439
57104.4484 2.7000 0.0467
57156.4565 2.3732 0.0600
57123.5278 2.3897 0.0873
57134.4666 2.0874 0.0561
56711.5225 2.4974 0.0810
57195.3988 2.1959 0.0532
57133.4122 2.5860 0.0493
57185.4502 2.2876 0.0561
57078.4234 2.2446 0.0525
57166.3176 2.2005 0.0932
57155.3863 2.6759 0.2644
57105.5577 2.5391 0.0751
