53462.4914 4.6565 0.0273
53847.5729 5.5711 0.0251
57479.5281 3.3624 0.0234
53911.3288 5.5226 0.0181
53851.4182 5.6579 0.0158
57420.5516 4.1590 0.0323
52730.5552 4.6287 0.0430
53853.4352 5.7859 0.0160
53586.2942 4.8301 0.0115
53524.3013 4.8760 0.0100
54186.5147 4.2008 0.0165
56715.4984 3.8396 0.0350
57542.3577 3.2577 0.0236
54531.5740 4.8073 0.0095
53466.6127 4.6586 0.0113
57520.3087 3.2499 0.0356
57492.5411 2.9603 0.0278
57508.4064 3.2436 0.0252
52710.6200 4.5619 0.0135
53583.3046 4.8428 0.0121
56778.2875 4.2929 0.0406
54570.4284 4.8411 0.0222
56780.2967 4.3192 0.0431
53799.4817 5.5772 0.0181
56723.4803 4.8282 0.0387
56776.4499 4.2026 0.0369
52817.2960 4.3010 0.0258
54262.4012 4.4588 0.0129
56743.5145 4.1852 0.0423
57459.5373 3.1310 0.0305
56781.3397 4.1812 0.0463
54209.4929 4.1463 0.0113
54624.3824 4.7121 0.0118
57433.5270 2.9872 0.0249
56772.5257 4.0775 0.0448
56783.3308 4.1348 0.0468
53505.3888 4.9791 0.0175
57460.4734 2.9940 0.0296
57547.3941 3.4491 0.0264
56803.4158 4.0274 0.0437
56751.3336 3.5633 0.0426
53769.6082 5.5158 0.0121
54561.4254 4.8171 0.0119
53146.4901 4.5776 0.0130
54151.6503 4.6269 0.0136
54153.5968 4.6601 0.0129
54117.6461 4.4876 0.0116
53390.6489 4.1963 0.0125
54524.5266 4.8861 0.0180
53553.4142 4.6575 0.0129
54144.5888 4.6338 0.0128
53578.3431 4.6841 0.0167
53411.6236 4.3670 0.0118
54213.5722 4.1639 0.0146
54614.3924 4.8251 0.0130
53936.3074 5.4903 0.0135
54255.3352 4.6213 0.0171
53892.3770 5.5707 0.0224
53200.2667 4.1541 0.0123
54621.4059 4.6940 0.0123
56712.4708 4.9469 0.0864
54266.2923 4.4294 0.0123
54557.5455 4.8126 0.0126
54234.4877 4.3997 0.0122
53859.3669 5.6935 0.0164
53473.5879 4.7291 0.0140
53121.5132 4.4173 0.0121
54591.3863 5.0782 0.0120
54179.5219 4.2938 0.0121
54563.4941 4.8438 0.0132
52813.3474 4.2574 0.0150
54588.5522 5.0220 0.0164
53175.3845 4.3837 0.0121
53883.3893 5.6705 0.0140
54183.5063 4.2762 0.0129
53551.3290 4.7250 0.0122
53939.3067 5.5182 0.0135
53875.3594 5.6049 0.0129
53772.6264 5.4871 0.0140
52792.4193 4.2259 0.0201
54600.4459 5.0251 0.0275
54201.4537 4.1610 0.0127
54535.5077 4.7920 0.0117
53446.5324 4.6908 0.0123
53943.3027 5.5084 0.0138
54259.3128 4.5019 0.0117
53138.4614 4.5154 0.0131
53109.5778 4.4591 0.0167
53469.5188 4.7132 0.0127
53178.3751 4.3493 0.0119
53149.3330 4.7309 0.0123
53906.3684 5.5229 0.0152
52722.5967 4.5617 0.0237
53531.3615 4.8039 0.0127
53916.3248 5.4625 0.0162
53117.4850 4.4659 0.0120
53766.6170 5.4026 0.0127
53495.4394 4.9199 0.0130
52815.2953 4.4004 0.0090
54176.5642 4.3556 0.0124
54124.6309 4.5014 0.0120
53879.3083 5.5614 0.0137
54205.4858 4.1672 0.0135
54594.4526 5.0198 0.0123
53165.4100 4.5461 0.0119
54618.4140 4.7891 0.0121
53527.3526 4.8709 0.0123
54511.5807 4.8963 0.0106
53195.3465 4.1029 0.0118
53743.6336 4.8910 0.0117
54229.4787 4.2914 0.0193
53855.4161 5.7282 0.0132
53518.4479 4.9259 0.0245
54538.5772 4.7121 0.0138
54113.6612 4.5035 0.0153
53083.6071 4.6738 0.0131
53502.3879 4.9802 0.0136
54597.4509 4.9922 0.0121
54120.6630 4.4836 0.0155
53500.3158 5.0099 0.0128
53888.4064 5.5063 0.0143
57567.2904 3.2148 0.0372
54528.5221 4.8964 0.0110
52791.4573 4.2736 0.0207
57216.2664 4.2098 0.0363
52721.6238 4.5726 0.0320
56811.4224 3.9740 0.0425
56741.5807 4.2502 0.0661
52790.4020 4.4278 0.0389
57220.2508 3.9863 0.0877
56831.3056 3.8755 0.0428
57160.3564 3.7831 0.0332
56801.3342 4.0354 0.0499
56721.5890 4.6354 0.0538
57157.4336 2.9170 0.0357
56841.3064 3.8098 0.0527
57223.3531 4.1140 0.0365
56807.2789 4.1642 0.0487
56829.3208 3.8763 0.0495
56800.5027 4.1710 0.0710
57213.2777 4.0887 0.0331
56839.3023 3.9198 0.0477
57133.4106 3.6933 0.0335
56744.5289 4.2244 0.0480
56837.3086 3.7814 0.0442
56809.4449 4.1489 0.0477
56722.4392 4.7727 0.0496
56798.4107 4.1369 0.0425
56805.3990 4.0464 0.0442
56833.3145 3.8355 0.0430
56835.3083 3.7610 0.0420
53523.4194 4.8615 0.0198
52814.3053 4.4683 0.0120
57419.5251 2.9992 0.0632
57123.5545 7.5505 0.1470
53563.3393 4.6593 0.0248
53463.5877 4.6698 0.0255
54620.3574 4.8237 0.0390
57194.3988 3.6834 0.0509
57185.4502 3.6603 0.0593
57156.4565 3.6217 0.0628
56711.5225 4.6713 0.0853
57191.4179 3.6059 0.0549
57155.3464 4.0149 0.2366
57104.4484 3.3410 0.0480
53890.4800 5.4977 0.0729
57078.4234 3.1244 0.0537
53198.3064 4.0256 0.0929
54619.3119 4.7098 0.0684
57166.3176 4.1928 0.0973
57134.4662 3.4566 0.0830
57105.5577 3.0724 0.0770
57195.3983 3.6653 0.0806
