57479.5240 8.7562 0.0282
56715.4984 7.9601 0.0411
57420.5453 8.6463 0.0368
56743.5101 7.9922 0.0421
56741.5899 7.9161 0.0566
57567.2896 8.0414 0.0371
56723.4803 7.9063 0.0445
56781.3397 7.9175 0.0514
56776.4499 7.9805 0.0433
56721.5901 5.0812 0.0451
56798.4117 7.9039 0.0397
56778.2875 8.0587 0.0465
56805.4000 5.2880 0.0380
56803.3953 3.8316 0.0414
57520.3008 8.2454 0.0479
57542.3509 7.9926 0.0346
56837.3096 7.9385 0.0419
57460.4734 3.7314 0.0322
56833.3155 8.0152 0.0409
57508.3994 8.3289 0.0366
56780.2967 7.9532 0.0484
56835.3093 7.9299 0.0403
56831.3066 7.8408 0.0406
56744.5344 7.9764 0.0436
56751.3336 6.7213 0.0478
56811.4234 7.9232 0.0401
56783.3308 7.9466 0.0515
56841.3074 7.7616 0.0471
57492.5332 8.5039 0.0405
56801.3352 7.7454 0.0449
56839.3033 8.6358 0.0447
57459.5373 8.8281 0.0391
56772.5257 8.0062 0.0503
56807.2799 7.8361 0.0444
53496.3516 7.4380 0.0098
56712.4708 7.9706 0.0484
57433.5183 9.0766 0.0386
57216.2664 8.5077 0.0441
57160.3564 8.5670 0.0414
57133.4106 8.7765 0.0415
56829.3208 8.0394 0.0583
57213.2777 8.5124 0.0406
57194.3999 8.2779 0.0434
57220.2508 8.4066 0.0916
57223.3531 8.4423 0.0440
57157.4336 8.6456 0.0447
56722.4392 8.0051 0.0576
57547.3854 7.9699 0.0384
56809.4469 5.4382 0.0574
57419.5251 9.0456 0.0713
56800.5125 1.9319 0.0807
52793.2667 8.4633 0.0348
57191.4184 8.1902 0.0561
57123.5278 8.6119 0.0990
57104.4484 8.9341 0.0612
57156.4565 8.6592 0.0734
57134.4666 8.8211 0.0724
57155.3464 8.2444 0.2546
56711.5225 7.9476 0.0942
57195.3988 8.2594 0.0693
57185.4502 8.4194 0.0697
57078.4234 9.1730 0.0622
57166.3176 8.3699 0.1122
53388.6169 6.4100 0.0235
57105.5577 8.9243 0.0983
