57479.5240 3.8550 0.0248
56715.4984 4.0766 0.0371
57420.5453 3.5814 0.0329
56803.4112 3.9820 0.0385
56743.5101 3.9956 0.0376
56741.5899 4.0150 0.0538
57567.2896 4.0215 0.0321
56723.4803 4.0028 0.0395
56781.3397 3.9716 0.0483
56809.4460 4.0184 0.0397
56721.5901 3.9973 0.0439
56798.4117 3.7950 0.0351
56778.2875 3.9150 0.0422
56811.4234 3.9427 0.0354
56805.4000 3.8799 0.0368
56837.3096 3.8223 0.0371
57520.3008 3.6282 0.0451
57542.3509 3.8068 0.0288
56776.4499 3.8116 0.0383
57460.4734 3.4843 0.0314
56833.3155 3.8338 0.0359
57508.3994 3.8536 0.0308
56780.2967 3.8295 0.0448
56835.3093 3.8104 0.0352
56831.3066 3.9612 0.0359
56744.5344 4.1055 0.0392
56751.3336 3.9516 0.0451
56783.3308 3.8579 0.0489
56807.2799 3.8821 0.0395
56841.3074 3.7592 0.0438
57492.5332 3.9520 0.0348
56801.3352 3.8490 0.0408
56839.3033 3.8297 0.0396
57459.5373 3.4701 0.0321
56772.5257 4.0468 0.0471
52815.2953 2.8775 0.0082
56712.4708 4.1033 0.0433
57433.5183 3.8171 0.0309
57216.2664 3.2398 0.0361
57160.3564 3.2551 0.0336
56829.3208 3.9895 0.0527
56800.5027 3.7882 0.0747
57213.2777 3.0860 0.0326
57194.3999 3.0285 0.0357
57133.4106 2.9977 0.0338
57223.3531 3.1125 0.0363
57157.4336 3.2450 0.0377
56722.4392 4.0038 0.0509
57547.3854 3.8910 0.0318
57419.5251 3.5645 0.0663
57191.4184 2.8977 0.0468
57220.2498 3.1459 0.1207
57104.4484 3.0323 0.0496
57156.4565 3.1799 0.0647
57123.5278 2.9167 0.0923
57134.4666 3.2346 0.0605
56711.5225 4.1991 0.0889
57155.3464 3.3925 0.2494
57195.3988 3.0106 0.0570
52814.3087 2.9401 0.0144
57185.4502 3.1547 0.0609
57078.4234 3.2954 0.0559
57166.3176 3.2820 0.0976
57105.5577 3.3353 0.0818
