57479.5240 2.5567 0.0225
57420.5453 2.4267 0.0303
56715.4926 2.4087 0.0362
56743.5101 2.3105 0.0336
56803.4112 2.1971 0.0344
56741.5899 2.2350 0.0503
57567.2896 2.4229 0.0280
56781.3397 2.2463 0.0443
56723.4803 2.2867 0.0353
56809.4460 2.0233 0.0348
56721.5901 2.1765 0.0396
56798.4117 2.1045 0.0311
56778.2875 2.2563 0.0380
56805.4000 1.9454 0.0322
57508.3994 2.4826 0.0272
56837.3096 1.9086 0.0327
57520.3008 2.3763 0.0418
57542.3509 2.2701 0.0251
56839.3033 1.9260 0.0352
56776.4499 2.3680 0.0346
57460.4734 2.5643 0.0287
56833.3155 1.8436 0.0313
53475.5639 1.6439 0.0083
56780.2967 2.3376 0.0410
56835.3093 1.9033 0.0307
56831.3066 1.9000 0.0309
56744.5344 2.3123 0.0352
56751.3336 2.1787 0.0410
56811.4234 1.8948 0.0307
56783.3308 2.2983 0.0454
56841.3074 1.9446 0.0400
57492.5332 2.6262 0.0312
56801.3352 2.0553 0.0366
57459.5373 2.5729 0.0290
56772.5257 2.1942 0.0431
56807.2799 1.7938 0.0342
53496.3516 1.7354 0.0074
56712.4708 2.3532 0.0388
57433.5183 2.6917 0.0282
57216.2664 1.8254 0.0322
56829.3208 1.8850 0.0456
57133.4106 2.4950 0.0318
57213.2777 1.8358 0.0291
57223.3531 1.9086 0.0329
57157.4336 2.1384 0.0347
57160.3564 2.1642 0.0305
56722.4392 2.3865 0.0452
57194.3999 1.9858 0.0326
57547.3854 2.2975 0.0279
57419.5251 2.4732 0.0615
52793.2667 1.8510 0.0271
57220.2515 1.8792 0.0881
57191.4184 1.9185 0.0430
57123.5278 2.6247 0.0886
57156.4565 2.1147 0.0588
57185.4502 2.0315 0.0554
57104.4484 2.3783 0.0456
57134.4666 2.5388 0.0570
56711.5225 2.3873 0.0809
57195.3988 1.9801 0.0522
56800.5116 2.1492 0.1324
57078.4234 2.4124 0.0530
57166.3176 2.2341 0.0925
53388.6169 1.8432 0.0182
57105.5577 2.2467 0.0734
53467.5113 1.7339 0.0160
