57479.5240 1.7349 0.0220
57420.5453 1.6771 0.0301
56803.4112 1.2362 0.0337
56743.5101 1.3642 0.0329
57567.2896 2.0823 0.0278
56723.4803 1.3321 0.0344
56781.3397 1.3753 0.0437
56809.4460 1.3149 0.0343
56721.5901 1.2367 0.0388
56741.5910 1.3923 0.0527
56798.4117 1.3272 0.0304
56778.2875 1.4134 0.0374
56805.4000 1.3492 0.0319
57508.3994 1.8241 0.0265
56837.3096 1.3485 0.0323
57520.3008 1.8614 0.0417
57542.3509 2.1056 0.0250
56776.4499 1.3850 0.0337
57460.4734 1.7456 0.0275
56833.3155 1.3428 0.0311
56780.2967 1.4396 0.0405
56772.5257 1.3066 0.0426
56835.3093 1.3242 0.0303
56831.3066 1.3278 0.0306
56744.5344 1.4758 0.0346
56751.3336 1.2943 0.0405
56811.4234 1.3261 0.0302
56783.3308 1.4452 0.0450
56841.3074 1.2849 0.0398
57492.5332 1.7932 0.0299
56801.3352 1.2817 0.0360
56839.3033 1.2750 0.0347
57459.5373 1.7674 0.0281
56715.5416 1.2775 0.0326
56807.2799 1.3184 0.0338
56712.4708 1.2576 0.0377
57433.5183 1.8418 0.0270
57216.2664 1.8856 0.0327
57133.4106 1.3159 0.0306
56829.3208 1.3201 0.0452
53475.5607 1.8684 0.0097
57213.2777 1.8595 0.0296
57194.3999 1.6536 0.0324
57220.2508 1.8834 0.0885
57223.3531 1.8724 0.0333
57157.4336 1.5537 0.0344
57160.3564 1.4613 0.0297
56722.4392 1.3267 0.0440
57547.3854 2.0814 0.0279
57419.5251 1.6551 0.0614
56800.5125 1.2860 0.0786
57191.4184 1.7478 0.0434
57185.4502 1.6901 0.0558
57123.5278 1.1637 0.0876
57104.4484 1.1776 0.0435
57134.4666 1.3637 0.0549
56711.5225 1.2859 0.0796
57195.3988 1.6494 0.0517
57078.4234 1.1594 0.0529
57166.3176 1.6424 0.0928
57156.4557 1.5423 0.0421
57105.5577 1.0952 0.0700
53467.5113 2.1626 0.0168
