57479.5240 3.1572 0.0233
56715.4984 3.2743 0.0347
57420.5453 3.0069 0.0314
56803.4112 3.3196 0.0363
56743.5101 3.2897 0.0354
56741.5899 3.0635 0.0515
57567.2896 2.6844 0.0287
56781.3397 3.2136 0.0460
56723.4803 3.3689 0.0373
56809.4460 3.1025 0.0369
56721.5901 3.3643 0.0417
56798.4117 3.3557 0.0333
56778.2875 3.2258 0.0399
56805.4000 3.3187 0.0347
57508.3994 2.7488 0.0279
57520.3008 2.9974 0.0428
57542.3509 2.8925 0.0263
56776.4499 3.1942 0.0363
57460.4734 3.2016 0.0298
56833.3155 3.1280 0.0338
53475.5639 2.6570 0.0087
56780.2967 3.3761 0.0429
56835.3093 3.1438 0.0331
56831.3066 3.1158 0.0334
56744.5344 3.3375 0.0371
56751.3336 3.1774 0.0430
56811.4234 3.2108 0.0331
56783.3308 3.3199 0.0470
56841.3074 3.0514 0.0418
57492.5332 3.1136 0.0320
56837.3096 3.0095 0.0348
56801.3352 3.3022 0.0388
56839.3033 3.1465 0.0373
57459.5373 3.1425 0.0303
56772.5257 3.2208 0.0448
56807.2799 3.3690 0.0371
57157.4364 3.4379 0.0765
57194.4022 3.8116 0.0723
56712.4708 3.2267 0.0408
57433.5183 3.2325 0.0294
57216.2664 2.8158 0.0343
57123.5359 12.1314 0.1765
56829.3208 3.0812 0.0486
56800.5027 2.8581 0.0701
57213.2777 2.5784 0.0308
57133.4106 2.5648 0.0325
57223.3531 2.4686 0.0343
57134.4702 9.4862 0.1281
57160.3564 2.0467 0.0309
56722.4392 3.2864 0.0478
57547.3854 3.0209 0.0296
57220.2577 6.8377 0.1035
57419.5251 2.9946 0.0633
57191.4184 2.1478 0.0443
57104.4484 2.5443 0.0468
57166.3249 9.8020 0.1916
57185.4502 1.6539 0.0558
56711.5225 3.3291 0.0840
57195.3988 2.7866 0.0548
57078.4234 3.1433 0.0556
57155.3863 2.1892 0.2578
57156.4557 2.6067 0.0439
57105.5577 2.4372 0.0751
53467.5113 2.6185 0.0169
