57479.5189 1.6011 0.0259
56743.5036 1.8820 0.0348
56741.5899 1.8116 0.0495
57460.4734 1.5771 0.0273
56831.3066 1.5833 0.0307
56798.4117 1.6170 0.0304
56837.3096 1.5526 0.0322
57542.3509 1.6234 0.0244
56835.3093 1.6078 0.0303
56833.3155 1.6070 0.0311
56744.5344 1.8470 0.0345
56811.4234 1.6623 0.0304
57492.5332 1.6122 0.0297
56751.3341 1.9143 0.0432
52814.3124 1.1735 0.0083
56805.4005 1.6238 0.0341
57420.5502 1.6518 0.0377
57433.5183 1.5799 0.0268
56809.4466 1.5310 0.0405
57213.2777 1.5276 0.0290
57194.3999 1.5908 0.0321
57133.4106 1.4939 0.0306
57223.3531 1.5465 0.0326
57157.4336 1.5685 0.0341
57160.3564 1.5971 0.0300
57547.3854 1.6674 0.0276
57508.4005 1.6333 0.0369
56712.4719 1.8221 0.0454
56841.3090 1.6857 0.0513
56715.5431 1.9534 0.0433
57419.5251 1.5632 0.0605
57191.4184 1.5744 0.0428
57567.2870 1.8184 0.0357
57216.2669 1.5796 0.0350
56807.2814 1.6815 0.0422
56839.3048 1.7115 0.0451
56723.4823 2.0640 0.0581
57220.2523 1.5893 0.0875
56776.4519 1.9574 0.0589
56778.2895 1.5797 0.0609
57185.4502 1.5725 0.0546
56780.2988 1.6876 0.0659
56803.3973 1.4746 0.0609
57520.3033 1.5762 0.0540
56772.5279 1.7580 0.0665
57104.4484 1.5026 0.0437
56722.4396 1.8792 0.0627
57134.4666 1.5608 0.0551
56781.3417 1.6590 0.0714
57195.3988 1.7862 0.0520
56783.3329 1.6493 0.0722
57459.5392 1.5220 0.0459
56721.5924 2.0221 0.0652
56801.3374 1.7160 0.0582
57078.4234 1.5700 0.0520
57166.3176 1.6086 0.0921
57156.4557 1.9780 0.0423
57105.5577 1.6952 0.0712
57123.5290 1.5727 0.1244
