57479.5240 2.1133 0.0222
56715.4984 3.2044 0.0342
56803.4112 2.9175 0.0354
57420.5453 1.9960 0.0301
56743.5035 3.0017 0.0618
56741.5899 3.0981 0.0513
57567.2896 2.4782 0.0282
56723.4803 3.0660 0.0366
56781.3397 3.0067 0.0454
56809.4460 2.9282 0.0364
56721.5901 3.1297 0.0410
56798.4117 2.9577 0.0325
56778.2875 2.9417 0.0392
56805.4000 3.0236 0.0340
57508.3994 2.2103 0.0270
56837.3096 2.9344 0.0344
57520.3008 2.2888 0.0418
57542.3509 2.5134 0.0255
56776.4499 2.9904 0.0356
57460.4734 2.2587 0.0282
56833.3155 2.9208 0.0331
53475.5639 1.3163 0.0080
56780.2967 3.1386 0.0423
56835.3093 2.7628 0.0322
56831.3066 2.8384 0.0326
56772.5257 2.9472 0.0440
56744.5344 3.0894 0.0365
56751.3336 3.0546 0.0427
56811.4234 2.9994 0.0328
56783.3308 2.9878 0.0464
56841.3074 2.8088 0.0413
57492.5332 2.1193 0.0305
56801.3352 2.9842 0.0379
56839.3033 2.8598 0.0366
57459.5373 2.1757 0.0286
56807.2799 3.0098 0.0362
56712.4708 3.1759 0.0404
57216.2664 2.2062 0.0329
57433.5183 2.2571 0.0275
56829.3208 2.8862 0.0477
56800.5027 2.9523 0.0695
57213.2777 2.1017 0.0297
57194.3999 2.1388 0.0329
57133.4106 2.2519 0.0315
57220.2508 2.1489 0.0874
57223.3531 2.1331 0.0333
57157.4336 2.3553 0.0350
57160.3564 2.3368 0.0309
56722.4392 3.0445 0.0467
57547.3854 2.5440 0.0285
57419.5251 2.0485 0.0611
57191.4184 2.1878 0.0436
57104.4484 2.2662 0.0453
57123.5278 2.1978 0.0882
57185.4502 2.3815 0.0561
57134.4666 2.1118 0.0559
56711.5225 3.2516 0.0832
57195.3988 2.0442 0.0525
57078.4234 2.2028 0.0528
57166.3176 2.2214 0.0932
57155.3863 2.2081 0.2548
57156.4557 2.1949 0.0424
57105.5577 2.3780 0.0741
53467.5113 1.2610 0.0151
