57479.5240 3.6593 0.0230
56743.5101 3.7626 0.0340
56741.5899 4.8802 0.0508
56781.3397 4.0952 0.0446
56776.4499 4.0250 0.0356
57567.2855 3.9715 0.0308
56798.4117 3.5477 0.0326
56778.2875 4.1618 0.0390
57520.3008 3.6903 0.0422
57542.3509 3.8076 0.0271
57460.4734 4.0447 0.0302
56780.2967 4.1841 0.0416
57508.3994 3.7388 0.0287
57492.5332 3.6990 0.0321
56744.5344 3.8180 0.0357
56751.3336 3.8310 0.0413
56783.3308 4.2345 0.0455
56772.5257 3.9408 0.0430
57459.5373 3.9840 0.0306
57223.3531 3.4557 0.0344
57216.2664 3.5216 0.0341
52814.3088 4.1275 0.0104
57420.5463 3.5406 0.0451
57213.2777 3.5527 0.0312
57133.4106 3.6941 0.0327
57220.2508 3.6158 0.0854
57157.4336 3.5814 0.0359
57160.3564 3.6361 0.0322
57194.3999 3.4370 0.0340
57547.3854 3.8019 0.0302
57419.5251 3.5475 0.0616
57191.4184 3.5048 0.0447
57433.5179 3.6974 0.0318
56723.4823 3.8271 0.0592
57156.4565 3.6760 0.0601
56811.4254 3.4348 0.0527
56803.3973 3.5403 0.0627
56805.4020 3.6987 0.0559
57185.4502 3.5033 0.0569
57123.5278 3.5973 0.0882
56835.3113 3.3778 0.0528
56839.3052 3.5706 0.0591
56715.5436 3.9808 0.0579
57134.4666 3.7607 0.0582
56837.3116 3.3854 0.0558
56807.2819 3.6166 0.0559
57155.3464 3.1562 0.2271
56833.3175 3.5683 0.0545
56831.3086 3.4690 0.0534
57195.3988 3.8604 0.0554
57104.4484 3.5844 0.0474
56712.4724 4.0649 0.0606
56841.3094 3.5327 0.0666
56809.4482 3.5005 0.0589
56721.5924 3.9378 0.0657
56801.3374 3.6167 0.0593
57166.3176 3.4681 0.0938
56722.4406 3.7256 0.0924
57105.5577 3.7011 0.0766
