57479.5240 3.2707 0.0239
56715.4984 2.8957 0.0357
57420.5453 2.9471 0.0317
56803.4112 2.5991 0.0361
56743.5101 2.8277 0.0362
56741.5899 2.8504 0.0520
57567.2896 3.2618 0.0311
56723.4803 2.7887 0.0380
56781.3397 2.8904 0.0458
56809.4460 2.4730 0.0370
56721.5901 2.7510 0.0423
56798.4117 2.6660 0.0330
56778.2875 2.7708 0.0398
56805.4000 2.4314 0.0343
56837.3096 2.2884 0.0345
57520.3008 3.2493 0.0435
57542.3509 3.6235 0.0288
56776.4499 2.9032 0.0369
57460.4734 3.2560 0.0311
56833.3155 2.2937 0.0333
57508.3994 3.3028 0.0301
56780.2967 2.7102 0.0423
56835.3093 2.3158 0.0327
56831.3066 2.3359 0.0332
56744.5344 2.8750 0.0376
56751.3336 3.1013 0.0437
56811.4234 2.5564 0.0330
56783.3308 2.7669 0.0465
56841.3074 2.2327 0.0412
57492.5332 3.3958 0.0338
56801.3352 2.6027 0.0386
56839.3033 2.3714 0.0369
57459.5373 3.2815 0.0317
56772.5257 2.8739 0.0448
56807.2799 2.6018 0.0371
53496.3516 2.9311 0.0081
56712.4708 2.9213 0.0416
57433.5183 3.0437 0.0302
57216.2664 3.0473 0.0359
57160.3564 3.4117 0.0340
56829.3208 2.5071 0.0489
56800.5027 2.5070 0.0703
57213.2777 3.0815 0.0326
57194.3999 3.0291 0.0358
57133.4106 3.2005 0.0342
57220.2508 2.8952 0.0881
57223.3531 3.1207 0.0364
57157.4336 3.3006 0.0377
56722.4392 2.7964 0.0489
57547.3854 3.6277 0.0321
57419.5251 3.1013 0.0639
57191.4184 2.9086 0.0470
52793.2667 3.5965 0.0298
57123.5278 3.4034 0.0912
57104.4484 2.8632 0.0489
57156.4565 3.2200 0.0636
57134.4666 3.1815 0.0606
56711.5225 2.8235 0.0843
57155.3464 3.6993 0.2438
57195.3988 2.9121 0.0574
57185.4502 2.9393 0.0593
57078.4234 2.8806 0.0544
57166.3176 3.2371 0.0988
53388.6169 3.1361 0.0202
57105.5577 2.8565 0.0795
