57479.5299 14.3908 0.0272
57420.5480 14.9612 0.0422
57567.2929 15.4328 0.0337
57508.4047 14.8125 0.0327
57492.5392 14.2138 0.0351
57542.3559 15.2151 0.0324
57520.3068 15.3651 0.0384
56715.4984 11.9855 0.0437
57547.3912 15.4715 0.0346
57459.5405 14.1930 0.0377
56803.4112 12.5626 0.0461
56743.5101 11.7992 0.0450
57433.5243 14.8847 0.0331
57160.3622 14.4523 0.0710
56741.5899 11.7977 0.0595
56723.4803 11.8114 0.0477
56811.4234 12.3381 0.0445
56781.3397 12.6920 0.0558
56809.4460 12.3844 0.0487
57460.4734 14.2697 0.0439
56721.5901 11.8918 0.0519
56798.4117 12.6029 0.0445
56778.2875 12.7920 0.0511
56805.4000 12.4180 0.0459
57191.4259 16.1722 0.0936
56776.4499 12.5435 0.0474
56833.3155 11.7006 0.0444
56780.2967 12.8179 0.0530
56841.3074 11.9440 0.0507
56835.3093 11.6590 0.0440
56831.3066 11.7040 0.0445
56744.5344 11.8053 0.0467
56751.3336 12.2229 0.0527
56783.3308 12.7395 0.0556
56801.3352 12.6173 0.0498
56837.3096 11.8825 0.0458
56839.3033 11.7478 0.0476
56772.5257 12.2795 0.0541
56807.2799 12.3538 0.0490
56712.4708 12.0564 0.0522
57194.4022 16.0247 0.0818
57157.4362 14.2210 0.0716
57220.2539 14.2461 0.0933
53496.3516 6.7403 0.0095
57213.2806 16.9992 0.0668
57216.2664 16.6104 0.0532
57104.4580 13.7411 0.1977
56829.3208 11.7920 0.0633
56800.5027 12.5730 0.0851
57133.4106 14.0248 0.0465
57223.3531 16.1487 0.0526
56722.4392 11.7056 0.0614
57419.5251 15.0393 0.0767
57123.5333 13.4839 0.1098
52793.2667 5.4324 0.0313
57185.4551 14.7812 0.0765
57195.3988 16.5460 0.0833
57156.4565 14.3463 0.0807
57155.3464 14.4358 0.2619
57166.3249 14.8123 0.2221
57134.4666 14.2186 0.0810
56711.5225 11.9491 0.1002
57078.4234 11.7086 0.0644
53388.6169 4.3516 0.0213
54620.3631 6.3974 0.0537
57105.5577 12.7582 0.1063
