57479.5339 2.7739 0.0199
57420.5608 2.7049 0.0356
53462.4914 3.4998 0.0273
53847.5729 3.4722 0.0249
53911.3288 3.4875 0.0175
53851.4182 3.4725 0.0150
52730.5552 3.2450 0.0395
53853.4352 3.4753 0.0152
53524.3013 3.6923 0.0096
53586.2942 3.8539 0.0112
57508.4110 2.9136 0.0220
57520.3138 2.8427 0.0302
57542.3621 2.8497 0.0205
54186.5147 2.6928 0.0162
56715.4984 2.6998 0.0333
54531.5740 2.7451 0.0085
53466.6127 3.5442 0.0109
57433.5321 2.8264 0.0216
57547.3989 2.9886 0.0225
56803.4112 2.8134 0.0351
56743.5101 2.7924 0.0339
57216.2801 2.7405 0.0486
52710.6200 3.2833 0.0131
56741.5899 2.5830 0.0493
57567.2896 3.0175 0.0295
53583.3046 3.8403 0.0117
56811.4234 2.8887 0.0321
56778.2875 2.7090 0.0383
54570.4284 2.8151 0.0219
56780.2967 2.7856 0.0411
56831.3066 2.8309 0.0323
53799.4817 3.6942 0.0170
56837.3096 2.9108 0.0339
56723.4803 2.7102 0.0357
56835.3093 2.8644 0.0320
52817.2960 3.1978 0.0257
54262.4012 2.5123 0.0119
56841.3074 2.8240 0.0406
56801.3352 2.7706 0.0373
57459.5373 2.8193 0.0301
56744.5344 2.6607 0.0353
56781.3397 2.7114 0.0444
54209.4929 2.6278 0.0104
56721.5901 2.6841 0.0398
54624.3824 2.9962 0.0107
56776.4499 2.7465 0.0348
57492.5557 2.7267 0.0298
56772.5257 2.8772 0.0433
56783.3308 2.7869 0.0452
53505.3888 3.6432 0.0171
57460.4734 2.8195 0.0294
56809.4460 2.8822 0.0360
56798.4117 2.7873 0.0320
56805.4000 2.7872 0.0333
56839.3033 2.8577 0.0362
56833.3155 2.8011 0.0326
56751.3336 2.7315 0.0414
53769.6082 3.7924 0.0111
54561.4254 2.7616 0.0106
56807.2799 2.9189 0.0359
53146.4901 3.4169 0.0124
54535.5077 2.7538 0.0104
54151.6503 2.9034 0.0125
54153.5968 2.9131 0.0117
53390.6489 3.3671 0.0121
54524.5266 2.6428 0.0172
53553.4142 3.7615 0.0124
54144.5888 2.8623 0.0117
53578.3431 3.8379 0.0163
53411.6236 3.4219 0.0113
54511.5807 2.6467 0.0091
54213.5722 2.5952 0.0137
54614.3924 2.9385 0.0119
53936.3074 3.4818 0.0122
53200.2667 3.7350 0.0121
54621.4059 2.6582 0.0110
54266.2923 2.5243 0.0112
54557.5455 2.7763 0.0114
53859.3669 3.4231 0.0155
53473.5879 3.5145 0.0135
53121.5132 3.4600 0.0116
54591.3863 2.8196 0.0106
54179.5219 2.7064 0.0111
54563.4941 2.7822 0.0120
52813.3474 3.1662 0.0144
54588.5522 2.8384 0.0152
53175.3845 3.5691 0.0116
53883.3893 3.3744 0.0127
54234.4877 2.5822 0.0111
54183.5063 2.7188 0.0119
53551.3290 3.7827 0.0118
53939.3067 3.4450 0.0123
53875.3594 3.3607 0.0114
53772.6264 3.7688 0.0130
52792.4193 3.2773 0.0198
54600.4459 2.8969 0.0274
54113.6612 3.0160 0.0147
54201.4537 2.6839 0.0118
53446.5324 3.5112 0.0117
53943.3027 3.4078 0.0123
54259.3128 2.5371 0.0104
53138.4614 3.4794 0.0126
53109.5778 3.4207 0.0162
53469.5188 3.5311 0.0121
53178.3751 3.6185 0.0115
53149.3330 3.4966 0.0117
53906.3684 3.4244 0.0138
52722.5967 3.3489 0.0238
53531.3615 3.7181 0.0122
53916.3248 3.4425 0.0151
53117.4850 3.4932 0.0115
53766.6170 3.7459 0.0116
53495.4394 3.5218 0.0123
52815.2953 3.2694 0.0083
54176.5642 2.7407 0.0113
54124.6309 2.9459 0.0109
54205.4858 2.6762 0.0126
54594.4526 2.8508 0.0109
53165.4100 3.5552 0.0113
54618.4140 2.9686 0.0110
53527.3526 3.7219 0.0117
57213.2838 2.8844 0.0450
53195.3465 3.6334 0.0116
53743.6336 3.7098 0.0109
54229.4787 2.5703 0.0188
53518.4479 3.6070 0.0245
54538.5772 2.7400 0.0126
53083.6071 3.5576 0.0125
53855.4161 3.4185 0.0119
53502.3879 3.6181 0.0129
54597.4509 2.8836 0.0108
53892.3770 3.4468 0.0220
54120.6630 2.9640 0.0148
53879.3083 3.3732 0.0124
53500.3158 3.5739 0.0120
53888.4064 3.4059 0.0132
54528.5221 2.7481 0.0096
52791.4573 3.2303 0.0202
52721.6238 3.3161 0.0321
57220.2508 2.9244 0.0870
56712.4708 2.7554 0.0452
54255.3344 2.5929 0.0180
57194.3999 2.7883 0.0339
57223.3531 2.8807 0.0345
52790.4020 3.2266 0.0385
56829.3208 2.8713 0.0475
56800.5027 2.7186 0.0685
57133.4106 2.0256 0.0312
57123.5493 2.8965 0.0729
54117.6453 2.9824 0.0117
56722.4392 2.7469 0.0458
53463.5851 3.5016 0.0221
53523.4194 3.6861 0.0193
52814.3053 3.2822 0.0117
57191.4184 2.9044 0.0450
57157.4454 2.6862 0.0644
57419.5251 2.9596 0.0631
57134.4833 2.9059 0.0787
54620.3589 2.9653 0.0282
53563.3393 3.8246 0.0247
57160.4066 2.9470 0.0649
57185.4615 3.8772 0.0594
57195.3988 2.8237 0.0543
57105.5656 2.6730 0.1109
57166.3350 2.7183 0.0963
57156.4565 2.8792 0.0612
56711.5225 2.6397 0.0810
57104.4484 2.8220 0.0468
53890.4800 3.4050 0.0668
53198.3064 3.8831 0.0937
57078.4234 2.6916 0.0528
54619.3119 3.0082 0.0630
57155.3863 3.8674 0.2629
