53462.4908 4.9551 0.0326
53847.5729 3.8721 0.0252
53851.4182 3.8012 0.0153
52730.5552 4.2744 0.0379
53911.3267 3.9667 0.0202
53853.4352 3.9617 0.0155
53524.3013 4.6308 0.0100
53586.2942 4.9034 0.0116
54186.5147 4.0031 0.0167
52698.6084 4.2891 0.0111
53466.6127 4.9213 0.0115
56803.4112 4.2127 0.0379
52710.6200 4.1592 0.0135
54531.5769 4.0477 0.0098
53583.3046 4.9299 0.0122
56811.4234 4.1398 0.0355
56809.4460 4.2130 0.0396
56831.3066 4.2152 0.0360
53799.4817 4.1442 0.0174
56837.3096 4.1574 0.0372
56835.3093 4.1545 0.0356
52817.2960 4.8889 0.0253
57567.2855 4.1635 0.0346
54262.4012 3.6145 0.0126
56841.3074 4.0079 0.0425
56743.5145 4.7989 0.0445
56801.3352 4.3371 0.0409
57479.5130 1.9391 0.0335
56839.3033 4.0467 0.0391
56715.5416 2.8239 0.0355
54209.4929 3.8634 0.0112
56721.5901 5.2804 0.0449
54624.3824 4.3286 0.0116
53505.3888 4.6269 0.0176
56805.4000 3.9986 0.0365
56833.3155 4.1345 0.0360
53769.6082 4.1227 0.0113
54561.4254 4.2438 0.0116
56807.2799 4.2793 0.0399
53146.4901 5.2150 0.0134
54151.6503 4.0034 0.0133
54153.5968 3.9655 0.0125
53390.6489 5.0497 0.0131
53553.4142 4.8258 0.0131
54144.5888 3.9703 0.0124
53411.6236 5.2342 0.0124
54213.5722 3.8355 0.0146
54614.3924 4.2847 0.0128
53936.3074 3.9662 0.0126
53200.2667 5.5180 0.0133
54266.2923 3.6763 0.0120
54557.5455 4.2415 0.0124
54234.4877 3.8042 0.0119
53859.3669 3.9127 0.0158
53473.5879 4.8622 0.0142
53121.5132 5.2592 0.0127
54591.3863 4.3199 0.0116
54179.5219 3.9908 0.0120
54563.4941 4.2756 0.0129
52813.3474 4.7689 0.0155
54588.5522 3.8461 0.0159
53175.3845 5.2993 0.0128
53883.3893 3.9587 0.0131
54183.5063 3.9904 0.0128
53551.3290 4.8752 0.0124
53939.3067 4.0162 0.0127
53875.3594 3.9553 0.0119
53772.6264 4.1396 0.0132
54600.4459 4.3795 0.0280
54201.4537 3.9696 0.0127
53446.5324 5.0614 0.0126
53943.3027 4.0514 0.0128
54259.3128 3.6465 0.0112
53138.4614 5.1888 0.0137
53109.5778 5.2173 0.0173
53578.3431 4.8340 0.0170
53469.5188 4.9119 0.0129
53178.3751 5.4143 0.0127
53149.3330 5.3443 0.0127
53906.3684 3.9758 0.0143
52722.5967 4.2634 0.0240
53531.3615 4.7047 0.0128
53916.3248 3.9549 0.0155
53117.4850 5.2687 0.0126
53766.6170 4.0571 0.0118
53495.4394 4.7293 0.0131
52815.2953 4.9283 0.0093
54176.5642 4.0438 0.0122
54205.4858 3.7249 0.0134
54594.4526 4.2574 0.0119
53165.4100 5.3128 0.0125
54618.4140 3.9651 0.0117
53527.3526 4.7159 0.0123
54570.4281 4.2524 0.0247
53195.3465 5.3856 0.0127
53743.6336 4.0189 0.0112
52792.4193 4.3932 0.0204
54229.4787 3.8341 0.0195
53518.4479 4.5788 0.0249
53083.6071 5.5786 0.0137
53855.4161 3.9468 0.0123
53502.3879 4.6506 0.0136
54597.4509 4.3058 0.0118
53892.3770 3.9794 0.0223
53879.3083 3.9764 0.0128
53500.3158 4.6927 0.0127
53888.4064 3.9301 0.0136
52791.4573 4.3537 0.0211
54255.3344 3.6640 0.0186
54524.5258 3.8630 0.0200
52721.6238 4.1348 0.0323
56778.2865 4.1302 0.0523
56741.5807 4.5966 0.0666
57508.3984 4.6778 0.0413
56780.2957 4.0769 0.0552
54621.4051 4.2880 0.0136
54535.5069 4.0793 0.0127
57194.3999 4.2615 0.0378
56772.5247 4.6955 0.0587
56781.3387 4.1720 0.0589
57460.4724 4.6415 0.0406
52790.4020 4.1615 0.0390
57420.5563 2.9120 0.0467
56829.3208 4.4263 0.0524
56800.5027 3.9276 0.0724
57542.3499 4.3438 0.0379
54124.6301 3.9956 0.0131
56776.4489 4.1287 0.0472
56744.5289 4.7664 0.0504
54117.6453 4.0220 0.0125
56783.3298 4.1375 0.0596
54120.6622 3.9430 0.0171
56798.4107 4.1918 0.0441
54538.5764 4.0853 0.0151
54113.6604 4.0881 0.0170
54528.5213 4.0150 0.0117
53463.5851 4.8441 0.0229
57520.2996 4.5486 0.0614
57492.5322 5.0554 0.0482
53523.4194 4.5943 0.0199
54511.5799 3.7729 0.0111
57191.4184 4.2563 0.0493
53563.3393 4.9536 0.0254
54620.3574 4.4336 0.0384
57157.4324 3.6798 0.0517
57195.3988 4.6628 0.0614
57133.4091 3.7529 0.0448
57216.2674 1.0690 0.0443
57185.4502 3.8456 0.0607
57433.5167 3.9614 0.0402
57223.3520 3.6757 0.0526
57213.2766 3.9045 0.0485
56723.4823 4.8266 0.0660
57160.3554 3.6724 0.0484
57220.2493 3.4594 0.1502
57547.3841 4.3834 0.0430
57104.4484 3.5590 0.0504
56712.4724 4.9257 0.0666
57419.5240 3.8298 0.0836
53890.4800 3.8491 0.0678
56722.4406 4.8648 0.1042
53198.3064 5.2469 0.0978
54619.3119 4.2384 0.0673
57134.4662 3.8894 0.0867
57105.5577 3.7093 0.0814
57155.3863 5.1497 0.2762
