57479.5240 4.1282 0.0240
56715.4984 3.5768 0.0353
57420.5453 4.1231 0.0320
56803.4112 4.1608 0.0367
56743.5101 3.5941 0.0360
56741.5899 3.4567 0.0518
57567.2896 3.3935 0.0300
56723.4803 3.5984 0.0377
56781.3397 3.8368 0.0458
56809.4460 4.2942 0.0381
56721.5901 3.6211 0.0421
56798.4117 4.0597 0.0338
56778.2875 3.8731 0.0400
56805.4000 4.2474 0.0355
56837.3096 4.4856 0.0363
57520.3008 3.5365 0.0430
57542.3509 3.3754 0.0273
56776.4499 3.8580 0.0370
57460.4734 4.2529 0.0314
56833.3155 4.3965 0.0350
57508.3994 3.7097 0.0295
56780.2967 3.8056 0.0424
56835.3093 4.3440 0.0343
56831.3066 4.3698 0.0347
56744.5344 3.5806 0.0374
56751.3336 3.6608 0.0432
56811.4234 4.3005 0.0342
56783.3308 3.8394 0.0466
56841.3074 4.5181 0.0428
57492.5332 3.8791 0.0333
56801.3352 4.1256 0.0393
56839.3033 4.4473 0.0385
57459.5373 4.2188 0.0319
56772.5257 3.8277 0.0448
56807.2799 4.3020 0.0380
53496.3516 7.2931 0.0096
56712.4708 3.7545 0.0416
57433.5183 4.2053 0.0309
57216.2664 4.7204 0.0373
57160.3564 4.7132 0.0349
56829.3208 4.4677 0.0505
56800.5027 4.1568 0.0707
57213.2777 4.8482 0.0344
57194.3999 4.6008 0.0371
57133.4106 4.4075 0.0349
57220.2508 4.9634 0.0882
57223.3531 4.8531 0.0379
57157.4336 4.6252 0.0385
56722.4392 3.6922 0.0489
57547.3854 3.2728 0.0303
57419.5251 4.2787 0.0643
57191.4184 4.5958 0.0484
52793.2667 4.7628 0.0304
57123.5278 4.2720 0.0909
57104.4484 4.3484 0.0507
57156.4565 4.6446 0.0641
57134.4666 4.3713 0.0615
56711.5225 3.6652 0.0849
57155.3464 4.9738 0.2370
57195.3988 4.5439 0.0591
57185.4502 4.5065 0.0609
57078.4234 4.3152 0.0555
57166.3176 4.6028 0.1008
53388.6169 6.6350 0.0233
57105.5577 4.3688 0.0816
