57479.5219 9.9223 0.0323
57420.5453 7.1824 0.0346
56781.3397 10.0573 0.0537
56776.4499 10.1868 0.0452
56778.2875 10.2790 0.0488
56783.3308 10.0875 0.0536
56780.2967 10.1541 0.0508
56772.5257 10.2381 0.0523
56743.5145 10.3843 0.0511
57433.5183 10.0653 0.0395
56744.5289 10.4277 0.0581
57492.5322 10.0373 0.0524
57567.2845 10.2754 0.0507
56751.3325 10.3639 0.0637
53475.5607 9.4838 0.0131
57542.3499 10.2541 0.0445
57508.3984 10.2010 0.0469
56741.5807 10.2029 0.0748
57419.5251 10.3852 0.0724
57216.2698 2.5240 0.0802
57220.2493 9.2094 0.1594
57160.3554 9.6857 0.0590
57547.3841 10.1248 0.0504
57104.4546 8.2350 0.3464
57155.3464 10.2311 0.2525
57191.4179 9.1985 0.0667
57213.2766 9.2078 0.0575
57194.3988 9.2374 0.0622
57157.4324 9.5552 0.0610
57223.3520 9.1539 0.0622
57133.4091 9.8807 0.0544
57185.4502 9.3566 0.0706
57078.4234 10.2758 0.0642
57123.5453 18.3280 0.4823
57134.4662 10.1962 0.1035
57156.4557 9.4845 0.0536
57105.5577 10.0196 0.0991
53467.5113 9.3633 0.0231
