52698.6084 3.5052 0.0107
56803.4112 4.4013 0.0377
56743.5101 3.5556 0.0361
56741.5899 5.3101 0.0531
56781.3397 4.7206 0.0472
56809.4460 4.5719 0.0394
57567.2855 6.1052 0.0360
56798.4117 4.8278 0.0355
56778.2875 4.7159 0.0418
56837.3096 4.5205 0.0370
57520.3008 7.1841 0.0475
57542.3509 6.8786 0.0328
56776.4499 4.9842 0.0386
57460.4734 7.8059 0.0372
56811.4234 4.8021 0.0357
56835.3093 4.6434 0.0355
56780.2967 4.7160 0.0441
56833.3155 3.3934 0.0343
56831.3066 3.1468 0.0338
56744.5344 3.6904 0.0372
56783.3308 4.7357 0.0478
57508.3994 7.2342 0.0351
56841.3074 4.4733 0.0432
57492.5332 5.8011 0.0370
56801.3352 5.0848 0.0412
56839.3033 4.3765 0.0390
56772.5257 5.5061 0.0466
56807.2799 4.3750 0.0392
52815.2953 2.9570 0.0084
56805.4005 4.5469 0.0394
57433.5183 7.9116 0.0365
56829.3208 1.5415 0.0464
57420.5463 7.3367 0.0512
56800.5027 4.3966 0.0726
57213.2777 7.4011 0.0383
57194.3999 7.0576 0.0407
57133.4106 6.4308 0.0375
57220.2508 7.8157 0.0918
57223.3531 7.7170 0.0421
57157.4336 6.7517 0.0414
57160.3564 6.6871 0.0380
57547.3854 6.6353 0.0358
57479.5308 7.6244 0.0566
57419.5251 8.0725 0.0705
57191.4184 6.8281 0.0524
56721.5911 3.2733 0.0587
56723.4823 4.5137 0.0640
57216.2674 7.3470 0.0578
57185.4502 6.4899 0.0648
57104.4484 6.4930 0.0551
56712.4724 4.6479 0.0650
56715.5436 4.5337 0.0627
57134.4666 6.4142 0.0659
56751.3357 4.7058 0.0741
57459.5392 7.9442 0.0607
57078.4234 6.0159 0.0573
57166.3176 6.3837 0.1047
57195.3993 6.8690 0.0911
56722.4406 4.5051 0.1007
57105.5577 6.2581 0.0877
57123.5290 6.4862 0.1341
