57479.5240 1.3807 0.0216
56715.5093 2.1459 0.0340
56723.4803 1.9119 0.0350
56781.3397 1.2585 0.0424
56776.4499 1.4947 0.0335
56778.2875 1.3164 0.0365
56721.5901 2.1537 0.0397
56798.4117 1.2694 0.0301
56831.3066 1.4821 0.0309
56743.5055 0.9894 0.0365
57508.3994 1.3557 0.0265
57520.3008 1.3292 0.0405
57542.3509 1.1541 0.0239
56839.3033 0.9080 0.0335
57460.4734 1.4584 0.0273
57567.2904 1.0653 0.0285
56833.3155 1.3823 0.0308
56780.2967 1.3690 0.0392
57492.5332 1.2579 0.0298
56772.5257 1.2620 0.0413
56751.3336 1.6970 0.0401
56783.3308 1.3445 0.0434
57459.5373 1.5038 0.0285
53496.3516 1.2609 0.0075
56712.4708 1.8697 0.0382
57433.5183 1.4592 0.0266
57216.2664 1.2084 0.0313
56722.4392 1.9483 0.0455
56829.3208 1.7946 0.0464
56741.5807 1.6652 0.0627
57213.2777 1.0949 0.0282
56835.3098 0.9875 0.0371
57133.4106 1.2117 0.0303
57223.3531 1.1804 0.0319
57157.4336 0.9765 0.0330
57160.3564 0.9916 0.0290
57547.3854 0.9763 0.0268
56837.3101 1.1541 0.0446
57420.5528 1.1164 0.0425
52793.2667 1.5099 0.0279
56811.4254 1.2827 0.0496
56803.3973 1.1564 0.0590
56805.4020 1.2937 0.0521
57123.5278 1.0912 0.0844
57134.4666 1.1127 0.0537
56807.2819 1.4026 0.0525
56711.5225 2.5204 0.0803
57104.4484 1.2026 0.0434
57195.3988 0.9880 0.0501
56841.3094 1.1447 0.0633
56744.5431 1.4770 0.0618
56809.4482 1.2608 0.0558
57194.4010 0.9298 0.0435
56801.3374 1.3296 0.0564
57078.4234 1.1614 0.0501
57166.3176 1.1946 0.0890
53388.6169 1.3685 0.0186
57105.5577 1.4042 0.0712
57220.2539 1.1071 0.0496
57191.4194 1.2076 0.0783
