57479.5299 9.0885 0.0245
57420.5479 8.5893 0.0336
57567.2929 8.5719 0.0282
57508.4047 8.1021 0.0272
57492.5392 9.0781 0.0311
57542.3559 8.5051 0.0269
57520.3068 8.1359 0.0342
56715.4984 9.5263 0.0422
56803.4112 9.1121 0.0432
57547.3912 8.6148 0.0285
57459.5405 9.4048 0.0335
56743.5101 9.8431 0.0436
57433.5243 8.4680 0.0276
57191.4266 11.2877 0.0893
56741.5899 9.5963 0.0584
56723.4803 9.3383 0.0458
56751.3336 9.7051 0.0513
56811.4234 9.1927 0.0417
56781.3397 9.2167 0.0535
56809.4460 9.2224 0.0460
57460.4734 9.6149 0.0394
56721.5901 9.3242 0.0499
56798.4117 9.1126 0.0413
56778.2875 9.3351 0.0483
56805.4000 9.1553 0.0429
57194.4044 11.1701 0.0638
56776.4499 9.2644 0.0447
56833.3155 10.0233 0.0433
57157.4377 9.6248 0.0794
56780.2967 9.3765 0.0507
56841.3074 10.0192 0.0497
56835.3093 10.0687 0.0429
56831.3066 9.9538 0.0432
56744.5344 9.8067 0.0454
56783.3308 9.0260 0.0532
56801.3352 9.1823 0.0467
56837.3096 10.1012 0.0445
56839.3033 9.9793 0.0465
56772.5257 8.9242 0.0517
56807.2799 9.3617 0.0463
56712.4708 9.7461 0.0504
57160.3589 9.8754 0.0547
57185.4597 14.9013 0.1080
57213.2802 11.4721 0.0567
57223.3556 11.6288 0.0627
57133.4495 9.9139 0.0454
57220.2539 11.5092 0.0890
57216.2664 11.4734 0.0478
56829.3208 9.8097 0.0609
56800.5027 8.9007 0.0810
56722.4392 9.3645 0.0590
57419.5251 8.7168 0.0711
57123.5333 9.8224 0.1027
53475.5714 5.4930 0.0145
57104.4546 9.8236 0.0836
57195.3988 11.0223 0.0744
57155.3464 10.2770 0.2551
57134.4666 9.5224 0.0739
56711.5225 9.9454 0.0978
57078.4234 9.7700 0.0636
57166.3176 10.4684 0.1173
54620.3631 4.2461 0.0492
57105.5577 9.9684 0.1008
