57479.5240 2.9081 0.0235
56715.4984 1.6896 0.0331
57420.5453 2.2984 0.0307
56803.4112 1.9505 0.0352
56743.5101 1.7867 0.0342
57567.2896 2.8833 0.0297
56723.4803 1.7865 0.0355
56781.3397 1.7644 0.0442
56809.4460 1.8217 0.0358
56778.2875 1.7138 0.0380
56721.5901 1.6985 0.0399
56798.4117 1.9685 0.0319
56805.4000 1.8568 0.0332
56837.3096 1.8249 0.0335
57520.3008 2.6373 0.0425
57542.3509 2.6912 0.0264
56776.4499 1.8071 0.0345
57460.4734 2.5552 0.0294
56833.3155 1.8094 0.0323
56811.4234 1.8332 0.0318
57508.3994 2.7099 0.0283
56780.2967 1.7332 0.0408
56835.3093 1.8516 0.0316
56831.3066 1.9487 0.0323
56744.5344 1.8540 0.0356
56751.3336 1.8569 0.0415
56783.3308 1.7647 0.0453
56841.3074 1.7096 0.0406
57492.5332 2.8735 0.0324
56801.3352 1.8250 0.0372
56839.3033 1.8194 0.0361
57459.5373 2.5904 0.0300
56772.5257 1.8326 0.0431
56807.2799 1.7671 0.0354
53475.5620 1.5559 0.0093
56741.5816 1.8485 0.0544
56712.4708 1.7278 0.0389
57433.5183 2.3528 0.0282
57216.2664 1.9401 0.0330
57160.3564 1.7776 0.0304
56829.3208 1.9318 0.0475
56800.5027 1.8596 0.0692
57213.2777 1.9002 0.0299
57194.3999 1.8496 0.0331
57133.4106 1.9166 0.0316
57223.3531 1.7821 0.0333
57157.4336 1.8371 0.0348
56722.4392 1.7270 0.0453
57547.3854 2.7515 0.0295
57419.5251 2.4700 0.0623
57191.4184 1.8643 0.0438
57104.4484 1.8868 0.0451
57220.2523 1.7857 0.0883
53883.4566 2.2390 0.0114
57123.5278 1.9000 0.0881
57134.4666 1.8698 0.0563
56711.5225 1.7145 0.0811
57195.3988 1.8858 0.0530
57185.4502 1.7808 0.0555
57078.4234 2.1807 0.0530
57166.3176 1.6621 0.0924
57156.4557 1.7024 0.0418
57105.5577 1.9004 0.0731
53467.5113 1.5995 0.0159
54620.3656 2.0997 0.0439
53770.6182 2.7707 0.0246
