57479.5240 6.7396 0.0267
56715.4984 6.6115 0.0390
57420.5453 6.6497 0.0349
56803.4112 6.9265 0.0411
56743.5101 6.6803 0.0403
56741.5899 6.6296 0.0556
57567.2896 6.9737 0.0354
56723.4803 6.6287 0.0424
56781.3397 6.7736 0.0502
56809.4460 6.7755 0.0430
56721.5901 6.7195 0.0467
56798.4117 6.7923 0.0387
56778.2875 6.9856 0.0452
56811.4234 6.7703 0.0390
56805.4000 6.8852 0.0403
56837.3096 6.6991 0.0404
57520.3008 6.8812 0.0466
57542.3509 6.9214 0.0327
56776.4499 6.8508 0.0415
57460.4734 6.8475 0.0358
56833.3155 6.6322 0.0392
57508.3994 6.7833 0.0342
53475.5639 6.7607 0.0101
56780.2967 6.9395 0.0474
56835.3093 6.6630 0.0388
56831.3066 6.7265 0.0393
56744.5344 6.7126 0.0419
56751.3336 6.6561 0.0475
56783.3308 6.8904 0.0507
56841.3074 6.6474 0.0463
57492.5332 6.7323 0.0380
56801.3352 6.9543 0.0442
56839.3033 6.6286 0.0427
57459.5373 6.8413 0.0363
56772.5257 6.9875 0.0490
56807.2799 6.9108 0.0433
56712.4708 6.7824 0.0464
57433.5183 6.9670 0.0355
57216.2664 6.4277 0.0408
57160.3564 6.4311 0.0381
56829.3208 6.5882 0.0562
56800.5027 6.8829 0.0777
57213.2777 6.3678 0.0374
57194.3999 6.3460 0.0404
57133.4106 6.5914 0.0385
57220.2508 6.2866 0.0900
57223.3531 6.4550 0.0410
57157.4336 6.4402 0.0417
56722.4392 6.7774 0.0547
57547.3854 6.9516 0.0364
57419.5251 6.8215 0.0682
57191.4184 6.3778 0.0526
57104.4484 6.8300 0.0565
57156.4565 6.1434 0.0681
53883.4566 5.6168 0.0134
57123.5278 6.4987 0.0956
57134.4666 6.4053 0.0671
53884.4341 5.9285 0.0139
56711.5225 6.5946 0.0913
57155.3464 7.0537 0.2470
57195.3988 6.4061 0.0645
57185.4502 6.5894 0.0658
57078.4234 6.6448 0.0590
57166.3176 6.5998 0.1069
57105.5577 6.3574 0.0890
53467.5113 6.6816 0.0204
54620.3656 6.6727 0.0559
53770.6182 6.5544 0.0297
