57479.5339 4.2363 0.0212
57420.5608 4.7068 0.0372
53847.5729 2.2445 0.0246
53911.3288 2.5171 0.0171
53851.4182 2.2984 0.0146
52730.5552 1.9675 0.0382
53462.4865 1.8468 0.0212
53853.4352 2.2570 0.0147
53524.3013 1.8962 0.0088
53586.2942 1.9046 0.0103
57508.4110 4.4786 0.0242
57520.3138 4.6453 0.0319
57492.5463 4.2566 0.0264
57542.3621 4.8557 0.0233
54186.5147 2.5028 0.0161
52698.6084 1.4163 0.0093
56715.4984 2.4010 0.0331
54531.5740 2.3193 0.0083
57433.5321 4.6887 0.0245
57547.3989 4.9160 0.0255
53466.6127 1.8079 0.0100
56803.4112 2.1482 0.0344
56743.5101 2.3526 0.0336
52710.6200 1.5551 0.0121
56741.5899 2.3376 0.0497
57567.2896 4.9960 0.0325
53583.3046 1.8662 0.0106
56811.4234 2.1202 0.0312
56778.2875 2.2076 0.0380
54570.4284 2.4992 0.0218
56780.2967 2.2042 0.0408
56831.3066 2.0446 0.0314
53799.4817 2.5710 0.0163
56837.3096 1.9321 0.0327
56723.4803 2.3617 0.0355
56835.3093 1.8201 0.0306
52817.2960 2.4479 0.0248
56744.5344 2.2452 0.0349
54262.4012 2.2823 0.0118
56841.3074 1.9065 0.0399
56801.3352 2.1512 0.0367
57459.5373 4.3612 0.0327
56807.2799 2.1222 0.0349
56781.3397 2.2155 0.0441
54209.4929 2.4325 0.0103
56721.5901 2.3800 0.0396
54624.3824 2.6603 0.0104
56776.4499 2.2641 0.0345
56772.5257 2.2482 0.0428
56783.3308 2.3272 0.0451
53505.3888 1.8492 0.0164
57460.4734 4.3689 0.0322
56809.4460 2.2005 0.0353
56798.4117 2.1504 0.0313
56805.4000 2.2796 0.0328
56839.3033 2.0250 0.0354
56833.3155 1.9219 0.0315
56751.3336 2.3413 0.0412
53769.6082 2.7209 0.0103
54561.4254 2.3896 0.0104
53146.4901 1.4467 0.0112
54535.5077 2.3235 0.0101
54151.6503 2.5850 0.0123
54153.5968 2.5853 0.0114
54117.6461 2.4198 0.0101
53390.6489 1.6706 0.0110
54524.5266 2.3386 0.0171
53553.4142 1.7966 0.0110
54144.5888 2.6012 0.0115
53578.3431 1.8233 0.0150
53411.6236 1.7881 0.0101
54511.5807 2.2842 0.0088
54213.5722 2.4433 0.0136
54614.3924 2.6257 0.0117
53936.3074 2.7958 0.0117
54255.3352 2.2961 0.0163
53200.2667 1.6660 0.0108
54621.4059 2.5938 0.0109
54266.2923 2.2588 0.0110
54557.5455 2.3703 0.0111
54234.4877 2.4615 0.0110
53859.3669 2.2966 0.0150
53473.5879 1.7858 0.0124
53121.5132 1.7036 0.0104
54591.3863 2.4561 0.0103
54179.5219 2.4696 0.0109
54563.4941 2.4168 0.0117
52813.3474 2.4766 0.0139
54588.5522 2.4630 0.0150
53175.3845 1.7520 0.0103
53883.3893 2.3002 0.0119
54183.5063 2.5471 0.0118
53551.3290 1.8151 0.0105
53531.3615 1.9235 0.0110
53939.3067 2.8217 0.0118
53875.3594 2.2880 0.0106
53772.6264 2.7010 0.0122
52792.4193 2.2453 0.0191
54600.4459 2.5073 0.0272
54113.6612 2.3730 0.0144
54201.4537 2.4560 0.0116
53446.5324 1.8617 0.0106
53943.3027 2.8210 0.0119
54259.3128 2.2592 0.0102
53138.4614 1.6322 0.0114
53109.5778 1.7711 0.0153
53469.5188 1.8425 0.0110
53178.3751 1.7479 0.0102
53149.3330 1.6392 0.0106
53906.3684 2.5219 0.0132
52722.5967 1.7614 0.0231
53916.3248 2.5834 0.0146
53117.4850 1.7643 0.0103
53766.6170 2.6860 0.0108
57160.3861 3.6774 0.0441
53495.4394 1.7878 0.0112
52815.2953 2.5504 0.0080
54176.5642 2.6158 0.0113
54124.6309 2.4783 0.0106
54205.4858 2.4492 0.0125
54594.4526 2.4713 0.0106
53165.4100 1.7137 0.0101
54618.4140 2.6091 0.0108
53527.3526 1.8815 0.0106
53195.3465 1.6837 0.0102
53743.6336 2.6658 0.0102
57216.2723 4.2780 0.0461
54229.4787 2.4594 0.0188
53518.4479 1.8335 0.0239
54538.5772 2.3031 0.0123
53083.6071 1.9126 0.0114
53855.4161 2.2439 0.0111
53502.3879 1.8380 0.0119
54597.4509 2.4967 0.0106
53892.3770 2.4252 0.0216
54120.6630 2.4325 0.0145
53879.3083 2.3087 0.0116
53500.3158 1.8256 0.0109
53888.4064 2.3420 0.0125
54528.5221 2.3159 0.0094
52791.4573 2.2944 0.0196
52721.6238 1.7059 0.0315
57220.2508 4.2170 0.0879
56712.4708 5.3619 0.1743
57194.3999 4.2053 0.0367
57157.4336 3.6383 0.0373
57223.3531 4.3310 0.0373
52790.4020 2.6103 0.0381
56829.3208 2.1119 0.0460
56800.5027 1.9898 0.0673
57213.2777 4.1962 0.0337
57133.4106 3.6638 0.0339
57123.5493 3.8407 0.0750
56722.4392 2.4398 0.0454
53463.5851 1.8705 0.0211
53523.4194 1.8984 0.0180
57134.4745 3.6558 0.0719
57191.4184 4.1955 0.0479
57419.5251 4.7893 0.0658
54620.3589 2.6058 0.0276
53563.3393 1.7637 0.0232
57195.3988 4.1332 0.0582
57185.4502 3.9485 0.0598
57078.4574 3.2937 0.0356
57156.4565 3.6138 0.0626
56711.5225 2.5424 0.0808
57104.4484 3.7831 0.0494
53890.4800 2.2331 0.0631
53198.3064 1.5923 0.0901
54619.3119 2.7509 0.0622
57166.3176 3.7376 0.0975
57105.5577 3.7151 0.0793
57155.3863 3.2869 0.2610
