57479.5240 3.5631 0.0235
56715.4984 3.6992 0.0350
57420.5453 3.4175 0.0314
56803.4112 3.6778 0.0366
56743.5101 3.7291 0.0358
56741.5899 3.6554 0.0519
57567.2896 3.7730 0.0303
56723.4803 3.6799 0.0376
56781.3397 3.7373 0.0464
56809.4460 3.6823 0.0378
56721.5901 3.7163 0.0420
56798.4117 3.6450 0.0337
56778.2875 3.8184 0.0405
56805.4000 3.6713 0.0352
57508.3994 3.7427 0.0294
56837.3096 3.6080 0.0356
57520.3008 3.8019 0.0434
57542.3509 3.9066 0.0278
56776.4499 3.7637 0.0369
57460.4734 3.5775 0.0304
56833.3155 3.5813 0.0343
53475.5639 3.7188 0.0093
56780.2967 3.8367 0.0433
56835.3093 3.6143 0.0338
56831.3066 3.5766 0.0340
56744.5344 3.7762 0.0376
56751.3336 3.7879 0.0435
56811.4234 3.6629 0.0336
56783.3308 3.7672 0.0472
56841.3074 3.5141 0.0422
57492.5332 3.6261 0.0328
56801.3352 3.6091 0.0391
56839.3033 3.6715 0.0380
57459.5373 3.5301 0.0308
56772.5257 3.7104 0.0450
56807.2799 3.6280 0.0375
56712.4708 3.7347 0.0413
57433.5183 3.5486 0.0297
57216.2664 3.2757 0.0350
56829.3208 3.6067 0.0497
56800.5027 3.7127 0.0713
57213.2777 3.2869 0.0320
57194.3999 3.3039 0.0351
57133.4106 3.4357 0.0334
57220.2508 3.3572 0.0874
57223.3531 3.3509 0.0355
57157.4336 3.3579 0.0367
57160.3564 3.3377 0.0328
56722.4392 5.5273 0.0514
57547.3854 3.8414 0.0309
57419.5251 3.7179 0.0633
57191.4184 3.2066 0.0458
57185.4502 3.2747 0.0582
53883.4566 3.5203 0.0123
57123.5278 3.5315 0.0896
57104.4484 3.4999 0.0484
57134.4666 3.5239 0.0599
56711.5225 3.8231 0.0843
57155.3464 4.1417 0.2374
57195.3988 3.1540 0.0557
57078.4234 3.3300 0.0539
57166.3176 3.0536 0.0957
57105.5577 3.3150 0.0775
53467.5113 3.7148 0.0184
