57479.5240 2.5970 0.0226
56715.4984 2.2489 0.0331
56803.4112 2.2919 0.0347
57420.5453 2.5006 0.0306
56741.5899 2.2868 0.0506
57567.2896 2.6606 0.0284
56723.4803 2.3623 0.0356
56781.3397 2.1294 0.0443
56809.4460 2.3242 0.0356
56721.5901 2.2928 0.0399
56798.4117 2.1386 0.0314
56778.2875 2.2755 0.0383
56805.4000 2.1867 0.0328
57508.3994 2.7045 0.0277
56837.3096 2.1635 0.0333
57520.3008 2.7113 0.0422
57542.3509 2.7058 0.0258
56776.4499 2.1669 0.0344
57460.4734 2.5564 0.0287
56833.3155 2.3178 0.0322
53475.5639 1.9731 0.0082
56780.2967 2.2519 0.0412
56835.3093 2.1984 0.0313
56831.3066 2.1886 0.0316
56772.5257 2.2869 0.0432
56744.5344 2.2298 0.0354
56751.3336 2.2640 0.0417
56811.4234 2.1835 0.0316
56783.3308 2.1996 0.0456
56841.3074 2.2914 0.0407
57492.5332 2.6720 0.0313
56801.3352 2.2465 0.0369
56839.3033 2.3149 0.0359
57459.5373 2.4767 0.0290
56807.2799 2.2446 0.0351
56743.4945 2.1497 0.0410
56712.4708 2.2707 0.0390
57433.5183 2.5326 0.0279
57216.2664 2.3942 0.0332
56829.3208 2.1055 0.0462
56800.5027 2.1733 0.0682
57213.2777 2.3910 0.0302
57194.3999 2.4888 0.0335
57133.4106 2.4079 0.0317
57220.2508 2.2453 0.0875
57223.3531 2.4006 0.0338
57157.4336 2.4550 0.0352
57160.3564 2.4054 0.0310
56722.4392 2.3028 0.0453
57547.3854 2.6599 0.0287
57419.5251 2.3563 0.0616
57191.4184 2.4598 0.0441
57104.4484 2.3741 0.0455
57123.5278 2.4164 0.0886
57185.4502 2.4379 0.0562
57134.4666 2.4799 0.0568
56711.5225 2.2064 0.0811
57195.3988 2.4740 0.0536
57078.4234 2.5627 0.0533
57166.3176 2.2386 0.0933
57155.3863 2.8877 0.2571
57156.4557 2.4209 0.0428
57105.5577 2.5114 0.0745
53467.5113 1.9379 0.0158
