57479.5272 6.0345 0.0243
56803.4225 5.1914 0.0346
56715.4984 4.8008 0.0371
57567.2914 6.0948 0.0291
56841.3111 5.4814 0.0386
56809.4496 5.1912 0.0347
57508.4025 4.9621 0.0271
56805.4036 5.2454 0.0331
56743.5101 4.8251 0.0379
57492.5367 6.0469 0.0311
57459.5405 6.1604 0.0300
57542.3537 6.1820 0.0272
57420.5468 5.7580 0.0445
56741.5899 4.6738 0.0538
56723.4803 5.0219 0.0403
56811.4234 5.2879 0.0368
56835.3093 5.3851 0.0369
57547.3889 5.8463 0.0291
56721.5901 4.8894 0.0445
56783.3355 5.3661 0.0493
56798.4117 5.2563 0.0365
56751.3336 4.8069 0.0458
56776.4540 5.2173 0.0395
57194.4044 6.0121 0.0589
56833.3155 5.4483 0.0376
57157.4377 6.6558 0.0772
57520.3046 6.0026 0.0457
56831.3066 5.3523 0.0373
56744.5344 4.8380 0.0396
56778.2916 5.2504 0.0424
56781.3438 5.3276 0.0479
56801.3352 5.1726 0.0418
56807.2799 5.1888 0.0406
56837.3096 5.5070 0.0389
56839.3033 5.5298 0.0412
56780.3010 5.3753 0.0459
57160.3607 6.4817 0.0615
57133.4752 6.5413 0.0343
57191.4237 6.8814 0.0893
57223.3556 7.0051 0.0582
53475.5633 5.7530 0.0108
57213.2802 6.8291 0.0522
57220.2539 5.3864 0.0854
56712.4708 5.0622 0.0441
57433.5230 5.8634 0.0332
57216.2664 6.5612 0.0409
56722.4392 4.9514 0.0517
56829.3208 5.3127 0.0535
56800.5027 5.1620 0.0752
56772.5247 4.8438 0.0606
57460.4724 6.0933 0.0409
57123.5333 6.6058 0.0996
57185.4551 6.7758 0.0702
57104.4546 6.4355 0.0794
57155.3464 7.3553 0.2472
57195.3988 6.7373 0.0654
57134.4666 6.6731 0.0681
56711.5225 4.6056 0.0875
57419.5240 5.7627 0.0856
57078.4234 5.3635 0.0494
57166.3176 6.5504 0.1073
57156.4557 6.1667 0.0494
54620.3631 6.4843 0.0549
57105.5577 6.5622 0.0906
53467.5113 5.6402 0.0195
