57479.5240 2.2685 0.0224
57420.5453 2.4449 0.0302
56803.4112 1.9634 0.0340
56743.5101 1.6002 0.0331
56715.5091 1.6380 0.0334
57567.2896 2.1968 0.0284
56723.4803 1.6452 0.0346
56781.3397 1.8341 0.0431
56809.4460 1.9863 0.0348
56721.5901 1.6438 0.0389
56798.4117 1.9143 0.0310
56778.2875 1.8973 0.0374
56805.4000 1.9721 0.0324
56837.3096 2.1110 0.0330
57520.3008 2.5965 0.0416
57542.3509 2.3645 0.0260
56839.3033 2.1657 0.0353
56776.4499 1.7662 0.0339
57460.4734 2.4167 0.0289
56833.3155 2.1869 0.0320
56835.3093 2.1837 0.0315
57508.3994 2.3819 0.0282
56780.2967 1.8476 0.0399
56741.5820 1.7656 0.0501
56831.3066 2.0874 0.0319
56744.5344 1.6310 0.0346
56751.3336 1.7540 0.0402
56811.4234 1.9792 0.0312
56783.3308 1.7922 0.0439
56841.3074 2.1593 0.0395
57492.5332 2.3461 0.0315
56801.3352 1.9580 0.0364
57459.5373 2.3604 0.0299
56772.5257 1.8203 0.0421
56807.2799 2.0251 0.0348
53496.3516 2.6056 0.0081
56712.4708 1.5504 0.0377
57433.5183 2.5930 0.0286
57216.2664 2.5010 0.0337
57160.3564 2.0389 0.0309
56829.3208 2.1114 0.0470
56800.5027 1.9487 0.0667
57213.2777 2.5339 0.0308
57133.4106 1.9874 0.0315
57223.3531 2.5380 0.0343
57157.4336 1.9734 0.0345
56722.4392 1.5666 0.0448
57194.3999 2.4320 0.0336
57547.3854 2.2910 0.0292
57419.5251 2.4649 0.0609
57191.4184 2.2923 0.0441
52793.2667 2.0667 0.0285
57220.2515 2.4499 0.0865
57123.5278 2.0530 0.0860
57104.4484 1.8551 0.0450
57134.4666 1.9252 0.0558
56711.5225 1.7856 0.0788
57195.3988 2.3861 0.0540
57185.4502 2.2602 0.0559
57078.4234 1.9814 0.0514
57166.3176 2.1573 0.0919
57156.4574 1.9487 0.1097
53388.6169 1.9231 0.0193
57105.5577 1.9660 0.0734
