57420.5585 2.2770 0.0239
56715.5238 1.9178 0.0285
56803.4403 1.9916 0.0318
56833.3290 1.9428 0.0268
56839.3135 1.9768 0.0311
56801.3456 1.9443 0.0313
56807.2901 1.9850 0.0296
56776.4602 1.8140 0.0290
57520.3121 2.0658 0.0340
56831.3168 1.8604 0.0271
56841.3180 1.9484 0.0343
56805.4106 1.9676 0.0292
56741.5973 1.5883 0.0429
56772.5372 1.7568 0.0362
56811.4337 1.9041 0.0274
56751.3439 1.6963 0.0329
56798.4224 1.8301 0.0270
56723.4904 1.9806 0.0303
56783.3428 1.6539 0.0394
56837.3210 1.9242 0.0289
56781.3499 1.7094 0.0362
56835.3195 1.9091 0.0270
56778.2977 1.6851 0.0316
56809.4568 1.9209 0.0306
56780.3072 1.7505 0.0335
56744.5282 1.7968 0.0306
56712.4823 2.0124 0.0319
56722.4510 1.9837 0.0318
57216.2803 2.0324 0.0273
56743.5145 1.5471 0.0391
52814.3124 2.0800 0.0085
57191.4456 2.1061 0.0330
53496.3516 1.9766 0.0075
57567.3086 2.2442 0.0344
57134.4846 2.0220 0.0362
57123.5513 2.1352 0.0492
57542.3711 2.2985 0.0312
57160.3779 2.0234 0.0304
57157.4560 2.0254 0.0368
57492.5572 2.0365 0.0364
56721.5890 1.7635 0.0499
57433.5379 2.2891 0.0310
57223.3746 2.0517 0.0342
57220.2754 2.2268 0.0345
56829.3208 1.8447 0.0466
57459.5364 2.2755 0.0373
57460.4724 2.1900 0.0337
57508.4204 2.0538 0.0337
57479.5576 2.1946 0.0383
57547.4049 2.3022 0.0324
56800.5125 1.8491 0.0791
57104.4873 2.0169 0.0417
57213.2988 2.2502 0.0373
52793.2667 2.1021 0.0273
57166.3406 2.1760 0.0631
56711.5225 1.8721 0.0799
57185.4755 2.1000 0.0414
57078.4806 2.1344 0.0474
57195.3983 1.9463 0.0749
57105.5696 2.2001 0.0757
53388.6169 1.9526 0.0185
53770.6220 1.9770 0.0253
54620.3581 1.9210 0.0432
