57479.5261 3.5474 0.0221
56743.5046 2.0851 0.0330
57420.5453 3.4944 0.0319
57459.5383 3.6676 0.0274
56723.4813 1.9350 0.0308
56751.3346 2.2814 0.0359
56712.4718 1.9374 0.0330
57216.2674 3.4858 0.0293
56722.4401 1.9152 0.0360
56781.3397 1.9435 0.0444
56776.4499 2.0606 0.0349
56778.2875 1.9501 0.0383
56780.2967 1.9568 0.0411
56772.5257 2.0463 0.0433
56715.5004 2.0333 0.0403
56783.3308 1.9378 0.0454
53475.5659 2.1886 0.0094
57508.4023 3.4767 0.0353
57220.2542 3.3895 0.0541
57160.3586 3.7209 0.0339
57157.4360 3.6503 0.0391
56837.3135 1.8758 0.0400
57123.5301 3.3453 0.0582
57520.3044 3.6558 0.0412
56807.2829 2.2810 0.0408
57542.3537 3.7365 0.0337
57460.4762 3.3238 0.0519
57492.5364 3.2545 0.0376
57547.3876 3.7410 0.0345
56839.3063 2.2645 0.0423
56841.3106 1.7124 0.0474
57194.4021 3.7048 0.0360
57567.2964 3.9532 0.0480
56741.6023 1.9947 0.0813
56803.3973 2.0340 0.0633
53883.4566 2.1209 0.0113
56798.4137 1.9482 0.0536
57134.4676 3.6307 0.0635
56805.4020 2.2380 0.0563
56835.3113 2.1317 0.0535
56744.5454 2.0238 0.0560
56721.5924 2.1391 0.0664
57195.3998 3.7077 0.0574
57433.5198 3.4195 0.0472
56833.3175 2.1668 0.0545
57078.4252 2.9452 0.0374
56811.4254 2.0717 0.0532
56831.3086 2.1211 0.0537
57133.4122 3.4100 0.0518
56809.4482 2.0301 0.0598
57213.2788 3.5328 0.0465
53884.4341 2.1930 0.0118
57166.3187 3.7827 0.0692
56801.3374 1.9180 0.0594
57223.3541 3.3653 0.0511
57104.4558 3.1992 0.0508
57156.4557 3.4422 0.0448
57155.3065 4.2895 0.3963
57419.5273 3.4494 0.1015
57191.4194 3.8667 0.0892
53467.5113 2.2447 0.0165
54620.3656 3.1104 0.0468
53770.6182 2.2452 0.0238
