57479.5321 1.2490 0.0206
57420.5585 1.3180 0.0227
56833.3290 1.3347 0.0259
56715.5518 1.3333 0.0276
57567.2959 1.0844 0.0245
56776.4602 1.2714 0.0284
57520.3121 1.1535 0.0333
56831.3168 1.2758 0.0263
56841.3180 1.3137 0.0337
56772.5372 1.2810 0.0359
56751.3439 1.2157 0.0328
56798.4224 1.2586 0.0262
56723.4904 1.2773 0.0296
56803.4314 1.3486 0.0354
56783.3428 1.2013 0.0390
56837.3210 1.2149 0.0279
56781.3499 1.2451 0.0357
56835.3195 1.2732 0.0263
56778.2977 1.2166 0.0309
57508.4094 1.1387 0.0225
57542.3605 1.1646 0.0206
56780.3072 1.2004 0.0328
56744.5282 1.2392 0.0302
57492.5447 1.2110 0.0256
56722.4510 1.3737 0.0311
56839.3118 1.2268 0.0317
56712.4823 1.3385 0.0311
57191.4377 1.2677 0.0265
57216.2803 1.1885 0.0258
57160.3704 1.2037 0.0234
57223.3671 1.2508 0.0264
56811.4303 1.2834 0.0310
56805.4071 1.2131 0.0327
57547.3980 1.0459 0.0220
56809.4532 1.2490 0.0349
57157.4481 1.1694 0.0278
57433.5308 1.4596 0.0218
56807.2886 1.1783 0.0354
56743.5061 1.1893 0.0425
57134.4816 1.2084 0.0315
56801.3438 1.3052 0.0383
57213.2899 1.2219 0.0263
57104.4757 1.0547 0.0347
57459.5364 1.3227 0.0362
57185.4629 1.1542 0.0338
53496.3500 2.0854 0.0085
57123.5504 1.2339 0.0501
57460.4724 1.3483 0.0327
57220.2754 1.1543 0.0315
56829.3208 1.2712 0.0465
56741.6042 1.1910 0.0408
52793.2667 2.6630 0.0276
56711.5225 1.3003 0.0812
57105.5637 1.3708 0.0512
57194.3988 1.1237 0.0465
57166.3406 1.3420 0.0597
57133.4091 1.2157 0.0404
57078.4806 1.2294 0.0437
56721.5896 1.2749 0.0651
56800.5116 1.0903 0.1324
53388.6169 2.2820 0.0188
57195.3983 1.0688 0.0746
57156.4557 1.2169 0.0415
53770.6220 2.3625 0.0254
54620.3581 2.5610 0.0441
